-29.678 0 1
-29.62 0 1
-29.562 0 1
-29.504 0.00028167 5.5481e-05
-29.446 0.00028869 5.6564e-05
-29.388 0.00028956 5.8261e-05
-29.33 0.0002822 5.7578e-05
-29.272 0.00027622 5.7197e-05
-29.214 0.00026364 5.5548e-05
-29.156 0.00027358 5.8104e-05
-29.098 0.00031013 6.5531e-05
-29.04 0.00029603 6.3297e-05
-28.982 0.00031914 6.808e-05
-28.924 0.00026513 5.816e-05
-28.865 0.00029635 6.4389e-05
-28.807 0.00025995 5.777e-05
-28.749 0.00032233 7.0139e-05
-28.691 0.00025544 5.7786e-05
-28.633 0.00026396 5.9714e-05
-28.575 0.00030659 6.8133e-05
-28.517 0.00030139 6.7397e-05
-28.459 0.00030795 6.9016e-05
-28.401 0.00033804 7.4974e-05
-28.343 0.0003419 7.5981e-05
-28.285 0.00030288 6.8865e-05
-28.227 0.00034321 7.675e-05
-28.169 0.00030385 6.9455e-05
-28.111 0.00029067 6.7017e-05
-28.053 0.00030235 6.9506e-05
-27.995 0.00027126 6.379e-05
-27.937 0.00026914 6.3525e-05
-27.879 0.00034218 7.78e-05
-27.821 0.00024448 5.9161e-05
-27.763 0.00024572 5.9742e-05
-27.705 0.00031425 7.3139e-05
-27.647 0.00030179 7.097e-05
-27.589 0.00032308 7.5195e-05
-27.531 0.00033131 7.7112e-05
-27.473 0.00025724 6.2849e-05
-27.415 0.00032375 7.5865e-05
-27.357 0.00035187 8.1376e-05
-27.299 0.0002553 6.3026e-05
-27.241 0.00029965 7.1566e-05
-27.183 0.00031221 7.4263e-05
-27.125 0.00023043 5.8619e-05
-27.067 0.00025323 6.3221e-05
-27.009 0.00028251 6.9023e-05
-26.951 0.00027876 6.8455e-05
-26.893 0.00022701 5.8564e-05
-26.835 0.00021681 5.6799e-05
-26.777 0.00029692 7.2542e-05
-26.719 0.00024342 6.2347e-05
-26.661 0.00034843 8.2878e-05
-26.603 0.00026463 6.688e-05
-26.545 0.00027955 6.9792e-05
-26.487 0.0002667 6.7403e-05
-26.429 0.00028458 7.1049e-05
-26.371 0.00032596 7.9249e-05
-26.313 0.00030484 7.5256e-05
-26.255 0.00028089 7.0548e-05
-26.197 0.0002125 5.7154e-05
-26.138 0.00023819 6.2402e-05
-26.08 0.00020711 5.6249e-05
-26.022 0.00031068 7.6696e-05
-25.964 0.00031526 7.7827e-05
-25.906 0.00032765 8.046e-05
-25.848 0.00033002 8.1041e-05
-25.79 0.00041211 9.6912e-05
-25.732 0.00036785 8.8612e-05
-25.674 0.00030303 7.6107e-05
-25.616 0.00029632 7.4888e-05
-25.558 0.00030501 7.6605e-05
-25.5 0.00036076 8.7712e-05
-25.442 0.0003107 7.8034e-05
-25.384 0.00031144 7.822e-05
-25.326 0.00027844 7.1831e-05
-25.268 0.00034939 8.5797e-05
-25.21 0.00028316 7.3048e-05
-25.152 0.00024823 6.6151e-05
-25.094 0.00025739 6.7995e-05
-25.036 0.00032147 8.0739e-05
-24.978 0.00032467 8.1542e-05
-24.92 0.00028053 7.2916e-05
-24.862 0.00020684 5.8056e-05
-24.804 0.00036061 8.9023e-05
-24.746 0.00027708 7.2589e-05
-24.688 0.00031578 8.033e-05
-24.63 0.00024245 6.5847e-05
-24.572 0.00031856 8.1038e-05
-24.514 0.00025651 6.8992e-05
-24.456 0.00028457 7.4552e-05
-24.398 0.00036047 8.9478e-05
-24.34 0.0002492 6.7682e-05
-24.282 0.00035781 8.9329e-05
-24.224 0.00041442 0.00010028
-24.166 0.00023164 6.4265e-05
-24.108 0.00033304 8.472e-05
-24.05 0.00027538 7.3386e-05
-23.992 0.00031415 8.1043e-05
-23.934 0.00027767 7.3996e-05
-23.876 0.00029893 7.8315e-05
-23.818 0.00019038 5.6453e-05
-23.76 0.00028849 7.621e-05
-23.702 0.00022069 6.2715e-05
-23.644 0.00028252 7.5287e-05
-23.586 0.00025511 7.0004e-05
-23.528 0.00020248 5.9136e-05
-23.47 0.00024333 6.7509e-05
-23.412 0.00032596 8.4091e-05
-23.353 0.00022508 6.3962e-05
-23.295 0.00031708 8.2416e-05
-23.237 0.00027867 7.495e-05
-23.179 0.0003096 8.1109e-05
-23.121 0.00031157 8.1627e-05
-23.063 0.00029206 7.783e-05
-23.005 0.00024802 6.8808e-05
-22.947 0.00034371 8.8036e-05
-22.889 0.00032676 8.4933e-05
-22.831 0.00025293 7.0171e-05
-22.773 0.00027311 7.4175e-05
-22.715 0.00026479 7.2661e-05
-22.657 0.00042593 0.00010459
-22.599 0.00031949 8.3702e-05
-22.541 0.00036284 9.2303e-05
-22.483 0.00039855 9.95e-05
-22.425 0.00029162 7.8433e-05
-22.367 0.00030508 8.13e-05
-22.309 0.00023953 6.8069e-05
-22.251 0.00031748 8.3869e-05
-22.193 0.00025299 7.1008e-05
-22.135 0.0003064 8.1652e-05
-22.077 0.00019655 5.9245e-05
-22.019 0.000317 8.3741e-05
-21.961 0.00013377 4.6076e-05
-21.903 0.0002654 7.3631e-05
-21.845 0.00040147 0.00010083
-21.787 0.00027957 7.6717e-05
-21.729 0.00026969 7.482e-05
-21.671 0.0003135 8.3545e-05
-21.613 0.00032336 8.5421e-05
-21.555 0.00034015 8.9113e-05
-21.497 0.00031861 8.4907e-05
-21.439 0.00042274 0.00010554
-21.381 0.00035229 9.1568e-05
-21.323 0.00027449 7.6153e-05
-21.265 0.00031236 8.4012e-05
-21.207 0.00036463 9.4066e-05
-21.149 0.00030768 8.2753e-05
-21.091 0.00029852 8.1075e-05
-21.033 0.00016189 5.289e-05
-20.975 0.00033488 8.8466e-05
-20.917 0.00025446 7.2312e-05
-20.859 0.00030391 8.2541e-05
-20.801 0.00029117 7.99e-05
-20.743 0.00024367 7.0166e-05
-20.685 0.00030366 8.2472e-05
-20.626 0.00027996 7.7669e-05
-20.568 0.0003531 9.2506e-05
-20.51 0.0002824 7.8347e-05
-20.452 0.00030383 8.2517e-05
-20.394 0.00031642 8.5105e-05
-20.336 0.00042617 0.00010704
-20.278 0.00020167 6.1873e-05
-20.22 0.00039059 0.00010004
-20.162 0.000239 6.9803e-05
-20.104 0.00029833 8.1865e-05
-20.046 0.00024018 7.0149e-05
-19.988 0.00029937 8.215e-05
-19.93 0.00028904 8.019e-05
-19.872 0.00037829 9.8327e-05
-19.814 0.00035079 9.2668e-05
-19.756 0.00027733 7.784e-05
-19.698 0.00030103 8.2606e-05
-19.64 0.0003426 9.1298e-05
-19.582 0.00030294 8.313e-05
-19.524 0.00036539 9.5726e-05
-19.466 0.00028152 7.9017e-05
-19.408 0.00031771 8.6288e-05
-19.35 0.00025952 7.4732e-05
-19.292 0.00039246 0.00010125
-19.234 0.00019723 6.1679e-05
-19.176 0.00021166 6.4936e-05
-19.118 0.00032227 8.7528e-05
-19.06 0.00023448 6.9533e-05
-19.002 0.00025993 7.485e-05
-18.944 0.00022234 6.702e-05
-18.886 0.00028413 7.9749e-05
-18.828 0.00038231 9.9371e-05
-18.77 0.0002266 6.8302e-05
-18.712 0.00026137 7.5264e-05
-18.654 0.00037272 9.7647e-05
-18.596 0.00033549 9.0232e-05
-18.538 0.00021246 6.5184e-05
-18.48 0.0003152 8.6496e-05
-18.422 0.00022652 6.828e-05
-18.364 0.0002749 7.812e-05
-18.306 0.00036635 9.6779e-05
-18.248 0.00039288 0.00010212
-18.19 0.00035454 9.4481e-05
-18.132 0.00032789 8.9053e-05
-18.074 0.00039298 0.00010215
-18.016 0.00038367 0.00010052
-17.958 0.00031674 8.6917e-05
-17.9 0.00029216 8.2002e-05
-17.841 0.00034503 9.2798e-05
-17.783 0.00029666 8.3265e-05
-17.725 0.00030809 8.5475e-05
-17.667 0.00039337 0.00010225
-17.609 0.00037555 9.9208e-05
-17.551 0.0001934 6.1757e-05
-17.493 0.0003746 9.8956e-05
-17.435 0.0003217 8.8279e-05
-17.377 0.00033576 9.1189e-05
-17.319 0.00022134 6.7908e-05
-17.261 0.00032452 8.9053e-05
-17.203 0.00034937 9.3966e-05
-17.145 0.00043292 0.00011089
-17.087 0.00033764 9.1702e-05
-17.029 0.00027354 7.877e-05
-16.971 0.00042689 0.00010934
-16.913 0.00039341 0.00010307
-16.855 0.00026341 7.6933e-05
-16.797 0.00028653 8.1426e-05
-16.739 0.00044064 0.00011209
-16.681 0.00039459 0.00010338
-16.623 0.00028738 8.1665e-05
-16.565 0.00024873 7.3758e-05
-16.507 0.00030223 8.4829e-05
-16.449 0.00028837 8.1947e-05
-16.391 0.00026494 7.7381e-05
-16.333 0.00028786 8.1802e-05
-16.275 0.00033074 9.076e-05
-16.217 0.0003046 8.5496e-05
-16.159 0.00027757 7.9928e-05
-16.101 0.00040803 0.00010606
-16.043 0.0003046 8.5495e-05
-15.985 0.00025114 7.4473e-05
-15.927 0.00037323 9.9463e-05
-15.869 0.00033266 9.1287e-05
-15.811 0.00038145 0.00010077
-15.753 0.00031758 8.8106e-05
-15.695 0.00030844 8.6573e-05
-15.637 0.00023992 7.2318e-05
-15.579 0.00040199 0.00010531
-15.521 0.00031866 8.8407e-05
-15.463 0.00033654 9.2351e-05
-15.405 0.0003084 8.6561e-05
-15.347 0.00025358 7.5195e-05
-15.289 0.00044303 0.00011348
-15.231 0.0003941 0.00010411
-15.173 0.00033756 9.2631e-05
-15.114 0.00020235 6.4615e-05
-15.056 0.00034937 9.4887e-05
-14.998 0.00029733 8.4494e-05
-14.94 0.00043545 0.00011234
-14.882 0.00031021 8.7069e-05
-14.824 0.00024333 7.3347e-05
-14.766 0.00030021 8.5314e-05
-14.708 0.00033778 9.2691e-05
-14.65 0.00024261 7.313e-05
-14.592 0.00024512 7.3886e-05
-14.534 0.00031311 8.7882e-05
-14.476 0.00036895 9.9232e-05
-14.418 0.00039463 0.00010425
-14.36 0.00035301 9.5876e-05
-14.302 0.00030112 8.5572e-05
-14.244 0.00035376 9.608e-05
-14.186 0.00027012 7.8892e-05
-14.128 0.00035532 9.6504e-05
-14.07 0.00031441 8.8248e-05
-14.012 0.00030254 8.5975e-05
-13.954 0.00033955 9.3177e-05
-13.896 0.00033995 9.3286e-05
-13.838 0.00033215 9.215e-05
-13.78 0.00048482 0.00012253
-13.722 0.00030123 8.5603e-05
-13.664 0.00037457 0.00010074
-13.606 0.00022184 6.9376e-05
-13.548 0.00034385 9.4357e-05
-13.49 0.00034234 9.3943e-05
-13.432 0.00029064 8.3692e-05
-13.374 0.0002783 8.1282e-05
-13.316 0.0003596 9.7666e-05
-13.258 0.00029008 8.3532e-05
-13.2 0.0003745 0.00010073
-13.142 0.00048804 0.00012334
-13.084 0.00045454 0.00011642
-13.026 0.00034369 9.4313e-05
-12.968 0.00027712 8.0936e-05
-12.91 0.00037746 0.00010152
-12.852 0.00020826 6.6502e-05
-12.794 0.00026332 7.8085e-05
-12.736 0.00036321 9.8646e-05
-12.678 0.0004755 0.00012096
-12.62 0.0005155 0.0001287
-12.562 0.00045749 0.00011718
-12.504 0.00048801 0.00012333
-12.446 0.00045168 0.00011652
-12.388 0.00037811 0.0001017
-12.329 0.00022209 6.9455e-05
-12.271 0.00042166 0.00011047
-12.213 0.00043597 0.00011332
-12.155 0.00046251 0.00011847
-12.097 0.00025238 7.6073e-05
-12.039 0.00043361 0.0001127
-11.981 0.00043737 0.00011368
-11.923 0.00039617 0.00010558
-11.865 0.00037542 0.00010097
-11.807 0.00047963 0.00012201
-11.749 0.00025488 7.6827e-05
-11.691 0.00037701 0.0001014
-11.633 0.00043591 0.0001133
-11.575 0.0004336 0.0001127
-11.517 0.00041255 0.00010898
-11.459 0.00043431 0.00011289
-11.401 0.00042255 0.0001107
-11.343 0.00036932 0.00010031
-11.285 0.00041158 0.00010873
-11.227 0.00028059 8.1952e-05
-11.169 0.00030928 8.7889e-05
-11.111 0.00035395 9.7128e-05
-11.053 0.00024097 7.3931e-05
-10.995 0.00047017 0.00012043
-10.937 0.00035171 9.6513e-05
-10.879 0.00038402 0.00010328
-10.821 0.00039822 0.00010612
-10.763 0.00053975 0.00013398
-10.705 0.00043584 0.00011329
-10.647 0.00021414 6.8379e-05
-10.589 0.00043111 0.00011294
-10.531 0.00059687 0.00014512
-10.473 0.00050953 0.00012797
-10.415 0.00045779 0.0001181
-10.357 0.00039928 0.0001064
-10.299 0.00043998 0.00011436
-10.241 0.0005713 0.00014029
-10.183 0.00051184 0.00012855
-10.125 0.0004158 0.00010984
-10.067 0.0003444 9.5547e-05
-10.009 0.00050862 0.00012774
-9.9506 0.00054295 0.00013478
-9.8926 0.00044504 0.00011568
-9.8346 0.00037506 0.00010187
-9.7766 0.00052696 0.00013156
-9.7185 0.00029796 8.5801e-05
-9.6605 0.00036064 9.8964e-05
-9.6025 0.00050082 0.00012657
-9.5445 0.00048263 0.00012277
-9.4864 0.0003853 0.00010363
-9.4284 0.00047748 0.0001223
-9.3704 0.00047848 0.00012255
-9.3124 0.00041314 0.00010914
-9.2544 0.00037026 0.00010056
-9.1963 0.00063398 0.00015341
-9.1383 0.00052499 0.00013107
-9.0803 0.00038531 0.00010363
-9.0223 0.00041863 0.00011059
-8.9643 0.00057278 0.0001414
-8.9062 0.00044187 0.00011485
-8.8482 0.000448 0.00011644
-8.7902 0.00051637 0.00012969
-8.7322 0.00046535 0.00012005
-8.6742 0.00046472 0.00011989
-8.6161 0.00033058 9.2787e-05
-8.5581 0.00042335 0.00011184
-8.5001 0.00063577 0.00015315
-8.4421 0.00040039 0.0001067
-8.384 0.00037621 0.00010218
-8.326 0.00048618 0.00012368
-8.268 0.00050515 0.00012767
-8.21 0.00034673 9.6195e-05
-8.152 0.00041748 0.00011029
-8.0939 0.00044509 0.00011569
-8.0359 0.00034878 9.6763e-05
-7.9779 0.00051994 0.00013059
-7.9199 0.00062118 0.00015032
-7.8619 0.00057435 0.00014104
-7.8038 0.00062746 0.00015184
-7.7458 0.0005331 0.00013309
-7.6878 0.00037638 0.00010222
-7.6298 0.00059436 0.00014521
-7.5718 0.00054199 0.00013531
-7.5137 0.00052438 0.0001317
-7.4557 0.00054984 0.00013649
-7.3977 0.00037966 0.00010311
-7.3397 0.00051474 0.00013009
-7.2816 0.00061724 0.00015007
-7.2236 0.00051414 0.00012913
-7.1656 0.00057797 0.00014268
-7.1076 0.00057683 0.0001424
-7.0496 0.00057766 0.00014185
-6.9915 0.00049422 0.00012572
-6.9335 0.000621 0.00015098
-6.8755 0.00061891 0.00014977
-6.8175 0.00057096 0.00014095
-6.7595 0.00058075 0.00014261
-6.7014 0.00063792 0.00015367
-6.6434 0.00043196 0.00011411
-6.5854 0.00067435 0.0001604
-6.5274 0.0005727 0.00014138
-6.4694 0.0008404 0.0001921
-6.4113 0.00064132 0.00015519
-6.3533 0.00046744 0.00012059
-6.2953 0.00046678 0.00012042
-6.2373 0.00058555 0.00014306
-6.1792 0.00061914 0.00015127
-6.1212 0.00064608 0.00015496
-6.0632 0.0008421 0.00019303
-6.0052 0.00054752 0.00013669
-5.9472 0.00067275 0.00016067
-5.8891 0.0004545 0.00011813
-5.8311 0.00055563 0.00013792
-5.7731 0.00074623 0.00017426
-5.7151 0.00057713 0.00014326
-5.6571 0.0005722 0.00014051
-5.599 0.00061236 0.00014888
-5.541 0.00071631 0.00016971
-5.483 0.00080764 0.00018678
-5.425 0.00088168 0.00020046
-5.3669 0.00076454 0.00017794
-5.3089 0.00063876 0.00015457
-5.2509 0.00086099 0.00019736
-5.1929 0.00068215 0.00016162
-5.1349 0.00067354 0.00016086
-5.0768 0.00080016 0.00018505
-5.0188 0.0006862 0.00016389
-4.9608 0.00075649 0.00017666
-4.9028 0.00072605 0.00017074
-4.8448 0.00085886 0.00019687
-4.7867 0.00086564 0.00019734
-4.7287 0.00083046 0.00019091
-4.6707 0.0007673 0.00017918
-4.6127 0.00074821 0.00017472
-4.5547 0.00084278 0.00019318
-4.4966 0.00063648 0.00015402
-4.4386 0.00070855 0.00016787
-4.3806 0.00082674 0.00019005
-4.3226 0.00084552 0.00019381
-4.2645 0.00099288 0.00022252
-4.2065 0.00092662 0.00020962
-4.1485 0.00089657 0.00020385
-4.0905 0.00099575 0.00022267
-4.0325 0.00086208 0.00019706
-3.9744 0.00083329 0.00019156
-3.9164 0.00081197 0.00018778
-3.8584 0.00092354 0.00020944
-3.8004 0.0011456 0.00025089
-3.7424 0.0010124 0.00022545
-3.6843 0.00095498 0.000215
-3.6263 0.0011325 0.00024929
-3.5683 0.00081891 0.00018938
-3.5103 0.00099974 0.00022263
-3.4523 0.0011449 0.00025031
-3.3942 0.0010007 0.00022477
-3.3362 0.0010299 0.00022982
-3.2782 0.0012066 0.00026138
-3.2202 0.0011789 0.00025862
-3.1621 0.00078156 0.00018314
-3.1041 0.0010629 0.00023399
-3.0461 0.0011519 0.00025358
-2.9881 0.0010708 0.00023796
-2.9301 0.0013075 0.00028024
-2.872 0.0011381 0.00025193
-2.814 0.0012521 0.00027011
-2.756 0.0013967 0.00030131
-2.698 0.0014827 0.00031456
-2.64 0.0014102 0.00030118
-2.5819 0.001335 0.0002876
-2.5239 0.0014627 0.00031133
-2.4659 0.0010666 0.00023751
-2.4079 0.0014073 0.00030056
-2.3499 0.0014196 0.00030216
-2.2918 0.0014712 0.00031738
-2.2338 0.0012769 0.0002724
-2.1758 0.0012529 0.00027485
-2.1178 0.0012392 0.00026732
-2.0597 0.0014616 0.00031076
-2.0017 0.0014802 0.00031846
-1.9437 0.0016208 0.00033803
-1.8857 0.0012748 0.00027741
-1.8277 0.001297 0.00028311
-1.7696 0.0017611 0.00036219
-1.7116 0.001835 0.00038811
-1.6536 0.0017512 0.0003658
-1.5956 0.0018141 0.00037722
-1.5376 0.0021184 0.00043161
-1.4795 0.0022156 0.00045973
-1.4215 0.0021062 0.0004329
-1.3635 0.0026747 0.00054064
-1.3055 0.0027478 0.00054909
-1.2475 0.0028073 0.00056947
-1.1894 0.0036139 0.00071477
-1.1314 0.0035353 0.00070885
-1.0734 0.0042238 0.00083133
-1.0154 0.0052759 0.0010269
-0.95735 0.0058446 0.001136
-0.89933 0.0066638 0.00129
-0.84131 0.0072785 0.0014034
-0.78328 0.0086417 0.0016616
-0.72526 0.0094363 0.0018101
-0.66724 0.0088933 0.00171
-0.60922 0.010242 0.0019691
-0.5512 0.010851 0.0020814
-0.49318 0.011204 0.0021399
-0.43516 0.010998 0.0020996
-0.37714 0.011311 0.002163
-0.31912 0.011124 0.002132
-0.26109 0.010768 0.002074
-0.20307 0.010148 0.0019394
-0.14505 0.010246 0.0019613
-0.087032 0.010654 0.0020473
-0.029011 0.0091356 0.0017531
0.029011 0.0090806 0.0017516
0.087032 0.0071547 0.0013803
0.14505 0.00607 0.0011733
0.20307 0.006348 0.0012438
0.26109 0.0048813 0.00095866
0.31912 0.0045737 0.00089635
0.37714 0.0036765 0.00072307
0.43516 0.0025833 0.00051943
0.49318 0.0027619 0.00056074
0.5512 0.0023238 0.00047933
0.60922 0.0019322 0.00040036
0.66724 0.0017942 0.00037281
0.72526 0.0018445 0.00038354
0.78328 0.0015995 0.0003355
0.84131 0.001683 0.00035242
0.89933 0.001834 0.00038108
0.95735 0.0015479 0.00032469
1.0154 0.001852 0.00038566
1.0734 0.0013621 0.00029781
1.1314 0.0015393 0.00032432
1.1894 0.0013498 0.00029417
1.2475 0.0017282 0.00035693
1.3055 0.0010141 0.00022679
1.3635 0.00173 0.00036167
1.4215 0.0014498 0.00031499
1.4795 0.001312 0.00027924
1.5376 0.0011878 0.00025928
1.5956 0.0013112 0.00028286
1.6536 0.0014328 0.00031226
1.7116 0.0013806 0.00029009
1.7696 0.0010302 0.00023306
1.8277 0.0012588 0.00027435
1.8857 0.0012996 0.00027691
1.9437 0.0011752 0.0002617
2.0017 0.0012625 0.00027272
2.0597 0.0011062 0.00024267
2.1178 0.00084359 0.00019768
2.1758 0.001159 0.00025002
2.2338 0.0011757 0.00026181
2.2918 0.0012727 0.00027418
2.3499 0.00096896 0.00021815
2.4079 0.0011316 0.0002491
2.4659 0.0010448 0.00023315
2.5239 0.0011108 0.00024453
2.5819 0.00094392 0.00021353
2.64 0.00097448 0.00021792
2.698 0.00090954 0.00020909
2.756 0.00081335 0.00018644
2.814 0.0011141 0.00024758
2.872 0.00085972 0.00019547
2.9301 0.00097799 0.00022018
2.9881 0.00075243 0.0001776
3.0461 0.00066276 0.00015765
3.1041 0.0011767 0.00025903
3.1621 0.00081039 0.00018861
3.2202 0.0009135 0.00020566
3.2782 0.00098329 0.00022138
3.3362 0.0008121 0.00018901
3.3942 0.0006665 0.00015918
3.4523 0.00088197 0.00020053
3.5103 0.00084777 0.00019546
3.5683 0.00078728 0.00018385
3.6263 0.0008381 0.00019266
3.6843 0.00068784 0.00016361
3.7424 0.0006928 0.00016479
3.8004 0.00059044 0.00014576
3.8584 0.00066262 0.00015962
3.9164 0.0006968 0.00016574
3.9744 0.00081311 0.00018804
4.0325 0.00065162 0.00015697
4.0905 0.00053603 0.00013463
4.1485 0.00078545 0.00018281
4.2065 0.00064347 0.00015571
4.2645 0.00071471 0.00016934
4.3226 0.00077573 0.00018055
4.3806 0.00067347 0.00016153
4.4386 0.00064771 0.00015674
4.4966 0.0006516 0.00015696
4.5547 0.00071801 0.00016947
4.6127 0.00064636 0.00015641
4.6707 0.00066297 0.00015901
4.7287 0.0006553 0.00015717
4.7867 0.00076823 0.00018002
4.8448 0.00048569 0.0001244
4.9028 0.00053502 0.00013437
4.9608 0.00066817 0.00016096
5.0188 0.00067934 0.00016225
5.0768 0.000628 0.00015269
5.1349 0.00072354 0.00017015
5.1929 0.00051523 0.00013107
5.2509 0.00069156 0.00016517
5.3089 0.00054738 0.00013666
5.3669 0.00048323 0.00012377
5.425 0.00074335 0.00017545
5.483 0.00044022 0.00011629
5.541 0.00061791 0.00015023
5.599 0.00048252 0.00012359
5.6571 0.00042046 0.00011309
5.7151 0.00053923 0.00013462
5.7731 0.00065479 0.00015773
5.8311 0.00045262 0.00011858
5.8891 0.00053484 0.00013433
5.9472 0.00050127 0.00012839
6.0052 0.00058422 0.00014423
6.0632 0.00049593 0.00012616
6.1212 0.00058867 0.00014613
6.1792 0.00063115 0.00015273
6.2373 0.00050955 0.00012962
6.2953 0.00048693 0.00012472
6.3533 0.00033876 9.6267e-05
6.4113 0.00026284 7.9228e-05
6.4694 0.00067819 0.00016266
6.5274 0.00065982 0.00015825
6.5854 0.00039955 0.00010852
6.6434 0.00040374 0.00010859
6.7014 0.00044553 0.00011672
6.7595 0.0005084 0.00012933
6.8175 0.00048405 0.00012398
6.8755 0.00037789 0.0001037
6.9335 0.00048913 0.00012528
6.9915 0.00037117 0.00010185
7.0496 0.00051616 0.00013131
7.1076 0.00049935 0.0001279
7.1656 0.00045672 0.00011871
7.2236 0.0004632 0.0001204
7.2816 0.0004531 0.00011871
7.3397 0.00031781 9.1516e-05
7.3977 0.00035287 9.7897e-05
7.4557 0.0003434 9.6386e-05
7.5137 0.00029992 8.7595e-05
7.5718 0.00037545 0.00010303
7.6298 0.00038907 0.00010567
7.6878 0.00040407 0.00010868
7.7458 0.00060893 0.00014877
7.8038 0.00046199 0.00012008
7.8619 0.00053569 0.00013454
7.9199 0.00037057 0.00010169
7.9779 0.00043078 0.0001138
8.0359 0.00029328 8.5657e-05
8.0939 0.00039657 0.00010666
8.152 0.00040425 0.00010873
8.21 0.00037215 0.00010212
8.268 0.00032543 9.248e-05
8.326 0.00037035 0.00010163
8.384 0.00044196 0.00011579
8.4421 0.00043 0.00011359
8.5001 0.00042151 0.00011233
8.5581 0.00040868 0.00010891
8.6161 0.00038902 0.00010566
8.6742 0.00026958 8.126e-05
8.7322 0.00023632 7.3906e-05
8.7902 0.00032616 9.2688e-05
8.8482 0.00048663 0.00012464
8.9062 0.00036316 0.00010075
8.9643 0.00042926 0.0001134
9.0223 0.00036938 0.00010136
9.0803 0.00035238 9.776e-05
9.1383 0.0004796 0.00012372
9.1963 0.0004267 0.00011272
9.2544 0.00041151 0.00010966
9.3124 0.0003421 9.602e-05
9.3704 0.00034194 9.5975e-05
9.4284 0.00039783 0.000107
9.4864 0.00033783 9.4823e-05
9.5445 0.0004551 0.00011829
9.6025 0.00038867 0.00010556
9.6605 0.00042689 0.00011277
9.7185 0.0003234 9.1902e-05
9.7766 0.00037316 0.0001024
9.8346 0.00029452 8.6019e-05
9.8926 0.00028058 8.3202e-05
9.9506 0.0003508 9.7322e-05
10.009 0.00026583 8.0128e-05
10.067 0.00038588 0.0001048
10.125 0.00045471 0.00011819
10.183 0.00051565 0.00013032
10.241 0.0004104 0.00010937
10.299 0.00013291 5.0857e-05
10.357 0.00031036 8.9372e-05
10.415 0.00027506 8.1565e-05
10.473 0.00029332 8.5668e-05
10.531 0.00035572 9.8689e-05
10.589 0.00044237 0.00011589
10.647 0.00017503 6.0285e-05
10.705 0.00020636 6.7418e-05
10.763 0.00027993 8.301e-05
10.821 0.00022014 7.0297e-05
10.879 0.00018825 6.3065e-05
10.937 0.00036696 0.0001007
10.995 0.00027759 8.2314e-05
11.053 0.00033349 9.3604e-05
11.111 0.00033494 9.4011e-05
11.169 0.00023407 7.3201e-05
11.227 0.00033724 9.4656e-05
11.285 0.00033725 9.4659e-05
11.343 0.00026164 7.8864e-05
11.401 0.00026132 7.8769e-05
11.459 0.00030899 8.8975e-05
11.517 0.00030558 8.7995e-05
11.575 0.0003638 9.9832e-05
11.633 0.00040812 0.00010876
11.691 0.00032151 9.1365e-05
11.749 0.00032259 9.1673e-05
11.807 0.00034722 9.633e-05
11.865 0.00023491 7.3465e-05
11.923 0.00024987 7.6661e-05
11.981 0.00020278 6.6249e-05
12.039 0.00043693 0.00011447
12.097 0.0002173 6.9388e-05
12.155 0.00029431 8.5958e-05
12.213 0.0002905 8.4844e-05
12.271 0.00021642 6.9108e-05
12.329 0.00042334 0.00011183
12.388 0.00017489 6.0238e-05
12.446 0.00027461 8.1431e-05
12.504 0.00033008 9.2645e-05
12.562 0.00012909 4.9395e-05
12.62 0.00039144 0.00010528
12.678 0.00027323 8.1024e-05
12.736 0.00031349 8.9087e-05
12.794 0.00044281 0.0001151
12.852 0.00020135 6.5782e-05
12.91 0.00025624 7.7238e-05
12.968 0.00028488 8.3203e-05
13.026 0.0002865 8.3678e-05
13.084 0.00022756 7.1164e-05
13.142 0.00018506 6.1994e-05
13.2 0.00034059 9.449e-05
13.258 0.00028638 8.3642e-05
13.316 0.00025757 7.7639e-05
13.374 0.00028465 8.3135e-05
13.432 0.00031078 8.8316e-05
13.49 0.0002276 7.1178e-05
13.548 8.5588e-05 3.8464e-05
13.606 0.00031256 8.8822e-05
13.664 0.00036764 9.9849e-05
13.722 0.00017127 5.899e-05
13.78 0.00022801 7.1308e-05
13.838 0.00029819 8.5867e-05
13.896 0.00028484 8.3192e-05
13.954 0.00025502 7.687e-05
14.012 0.00028482 8.3186e-05
14.07 0.00038317 0.00010306
14.128 0.00043741 0.00011369
14.186 0.0001842 6.1705e-05
14.244 0.00028321 8.2714e-05
14.302 0.0004667 0.00011954
14.36 0.00036499 9.913e-05
14.418 0.00028177 8.2295e-05
14.476 0.00021019 6.7118e-05
14.534 0.00033743 9.3614e-05
14.592 0.000309 8.7811e-05
14.65 0.0001973 6.4457e-05
14.708 0.00038452 0.00010342
14.766 0.00031111 8.841e-05
14.824 0.00034789 9.5466e-05
14.882 0.00031113 8.8415e-05
14.94 0.00026759 7.9349e-05
14.998 0.00029243 8.4207e-05
15.056 0.00027577 8.0542e-05
15.114 0.00033648 9.335e-05
15.173 0.00032172 9.0301e-05
15.231 0.00026591 7.8852e-05
15.289 0.00024793 7.4733e-05
15.347 0.00027933 8.1582e-05
15.405 0.00029304 8.4384e-05
15.463 0.00024929 7.5143e-05
15.521 0.00019344 6.3196e-05
15.579 0.0002503 7.5447e-05
15.637 0.00029185 8.404e-05
15.695 0.00030368 8.63e-05
15.753 0.00021949 6.8643e-05
15.811 0.00017905 5.9982e-05
15.869 0.00027771 8.1108e-05
15.927 0.00035573 9.6614e-05
15.985 0.00031588 8.8661e-05
16.043 0.00016453 5.6669e-05
16.101 0.00029004 8.352e-05
16.159 0.00017965 6.0182e-05
16.217 0.00021883 6.8435e-05
16.275 0.00024732 7.4549e-05
16.333 0.00035637 9.6789e-05
16.391 0.00030183 8.5772e-05
16.449 0.00012168 4.656e-05
16.507 0.00035443 9.6261e-05
16.565 0.00034074 9.3503e-05
16.623 0.00023031 7.0658e-05
16.681 0.00021614 6.7595e-05
16.739 0.00021495 6.7221e-05
16.797 0.00025782 7.6454e-05
16.855 0.00026911 7.8597e-05
16.913 0.00027994 8.0613e-05
16.971 0.00029593 8.4097e-05
17.029 0.0002164 6.7676e-05
17.087 0.00025481 7.5559e-05
17.145 0.00030593 8.5869e-05
17.203 0.00024201 7.2948e-05
17.261 0.000283 8.1493e-05
17.319 0.00022791 6.9922e-05
17.377 0.00029184 8.2933e-05
17.435 0.00023892 7.2018e-05
17.493 0.00021487 6.7198e-05
17.551 0.00025292 7.5001e-05
17.609 0.0002632 7.6872e-05
17.667 0.00031906 8.8518e-05
17.725 0.0003045 8.5467e-05
17.783 0.00027771 7.997e-05
17.841 0.00027715 7.9809e-05
17.9 0.00023651 7.1289e-05
17.958 0.00023776 7.1667e-05
18.016 0.00022223 6.8181e-05
18.074 0.00025888 7.5611e-05
18.132 0.00028864 8.2026e-05
18.19 0.0002611 7.6257e-05
18.248 0.00014367 5.1041e-05
18.306 0.00032276 8.857e-05
18.364 0.00027423 7.8968e-05
18.422 0.00024705 7.3259e-05
18.48 0.0001555 5.3561e-05
18.538 0.00025896 7.5632e-05
18.596 0.00041019 0.00010582
18.654 0.00031166 8.6465e-05
18.712 0.00020759 6.4919e-05
18.77 0.00017975 5.8723e-05
18.828 0.000206 6.4423e-05
18.886 0.0002202 6.7556e-05
18.944 0.0002815 7.9995e-05
19.002 0.00025435 7.4286e-05
19.06 0.00021692 6.6552e-05
19.118 0.00029389 8.2489e-05
19.176 0.00026684 7.684e-05
19.234 0.00026671 7.6802e-05
19.292 0.00016376 5.4859e-05
19.35 0.00026588 7.6562e-05
19.408 0.00024052 7.1322e-05
19.466 0.00031162 8.5512e-05
19.524 0.00025223 7.3667e-05
19.582 0.00027747 7.8851e-05
19.64 0.00033793 9.089e-05
19.698 0.00016208 5.4296e-05
19.756 0.00024838 7.2544e-05
19.814 0.00022711 6.8457e-05
19.872 0.00039668 0.00010233
19.93 0.00028495 7.998e-05
19.988 0.00030966 8.4973e-05
20.046 0.0002101 6.4458e-05
20.104 0.00034509 9.1962e-05
20.162 0.00029369 8.1479e-05
20.22 0.00017331 5.6619e-05
20.278 0.00030889 8.4764e-05
20.336 0.00018418 5.8813e-05
20.394 0.00024347 7.1108e-05
20.452 0.00017002 5.5545e-05
20.51 0.00024722 7.2203e-05
20.568 0.00023176 6.8726e-05
20.626 0.00025186 7.2524e-05
20.685 0.0002866 7.9512e-05
20.743 0.00026476 7.5238e-05
20.801 0.00034889 9.2166e-05
20.859 0.00025003 7.2e-05
20.917 0.00025121 7.2338e-05
20.975 0.0002731 7.6652e-05
21.033 0.00014329 4.9352e-05
21.091 0.00037676 9.7195e-05
21.149 0.00024821 7.1475e-05
21.207 0.00029658 8.1384e-05
21.265 0.00022404 6.6437e-05
21.323 0.00025661 7.2922e-05
21.381 0.0001882 5.8855e-05
21.439 0.00028274 7.844e-05
21.497 0.00029194 8.0111e-05
21.555 0.00025548 7.2601e-05
21.613 0.00030144 8.1868e-05
21.671 0.00019721 6.0505e-05
21.729 0.00025312 7.193e-05
21.787 0.00034607 9.0664e-05
21.845 0.00011416 4.1991e-05
21.903 0.0002396 6.8994e-05
21.961 0.00017037 5.4404e-05
22.019 0.00025794 7.2399e-05
22.077 0.00021389 6.3427e-05
22.135 0.00019114 5.8641e-05
22.193 0.0003332 8.7292e-05
22.251 0.00025424 7.1358e-05
22.309 0.00024611 6.994e-05
22.367 0.00026806 7.4369e-05
22.425 0.00021133 6.2668e-05
22.483 0.00030764 8.1982e-05
22.541 0.00023263 6.6988e-05
22.599 0.00021079 6.2506e-05
22.657 0.0002859 7.7648e-05
22.715 0.00022816 6.5701e-05
22.773 0.00030704 8.1823e-05
22.831 0.00024176 6.8704e-05
22.889 0.00010805 3.9743e-05
22.947 0.00028932 7.7814e-05
23.005 0.00020462 6.0679e-05
23.063 0.00017162 5.3672e-05
23.121 0.00019285 5.8131e-05
23.179 0.00022265 6.4114e-05
23.237 0.00036019 9.1629e-05
23.295 0.00023201 6.5932e-05
23.353 0.00025101 6.9638e-05
23.412 0.00030373 8.0237e-05
23.47 0.00023926 6.7154e-05
23.528 0.00020834 6.0849e-05
23.586 0.00021685 6.2445e-05
23.644 0.00018533 5.5864e-05
23.702 0.00023666 6.6425e-05
23.76 0.00019408 5.7551e-05
23.818 0.0003042 7.9695e-05
23.876 0.00031213 8.113e-05
23.934 0.00036231 9.0998e-05
23.992 0.00024105 6.6875e-05
24.05 0.00022971 6.4475e-05
24.108 0.00018765 5.5644e-05
24.166 0.00029727 7.788e-05
24.224 0.00023668 6.5661e-05
24.282 0.00027379 7.2962e-05
24.34 0.00015511 4.8509e-05
24.398 0.00025315 6.8755e-05
24.456 0.00030094 7.822e-05
24.514 0.00026851 7.1555e-05
24.572 0.00022849 6.3389e-05
24.63 0.0002386 6.5474e-05
24.688 0.00020913 5.943e-05
24.746 0.0002167 6.0824e-05
24.804 0.00018546 5.4166e-05
24.862 0.00026109 6.9577e-05
24.92 0.00017635 5.2293e-05
24.978 0.00023788 6.4606e-05
25.036 0.00026305 6.949e-05
25.094 0.00020915 5.8703e-05
25.152 0.00025328 6.7497e-05
25.21 0.00025004 6.6632e-05
25.268 0.00020543 5.766e-05
25.326 0.00027527 7.1548e-05
25.384 0.00028196 7.2738e-05
25.442 0.00028981 7.4231e-05
25.5 0.00026984 7.0137e-05
25.558 0.00023231 6.2482e-05
25.616 0.00022435 6.0933e-05
25.674 0.0002135 5.8586e-05
25.732 0.00026026 6.7647e-05
25.79 0.0003517 8.5509e-05
25.848 0.00033344 8.1881e-05
25.906 0.00019 5.3329e-05
25.964 0.00023643 6.2457e-05
26.022 0.00018868 5.2959e-05
26.08 0.00016208 4.7337e-05
26.138 0.00022675 6.0425e-05
26.197 0.00030461 7.5614e-05
26.255 0.00023968 6.2792e-05
26.313 0.00030339 7.531e-05
26.371 0.00022057 5.878e-05
26.429 0.00028089 7.0547e-05
26.487 0.00023974 6.2313e-05
26.545 0.00022302 5.8914e-05
26.603 0.00021966 5.8028e-05
26.661 0.00021606 5.7075e-05
26.719 0.00025349 6.4484e-05
26.777 0.00026612 6.6839e-05
26.835 0.00026998 6.7403e-05
26.893 0.00015068 4.3389e-05
26.951 0.00022169 5.7623e-05
27.009 0.0002047 5.4075e-05
27.067 0.0002714 6.7e-05
27.125 0.00028822 7.0074e-05
27.183 0.00029477 7.1008e-05
27.241 0.0002661 6.5345e-05
27.299 0.0002692 6.577e-05
27.357 0.00019978 5.1926e-05
27.415 0.00021871 5.5637e-05
27.473 0.00023581 5.8873e-05
27.531 0.00018233 4.8166e-05
27.589 0.00024847 6.1015e-05
27.647 0.00029926 7.0633e-05
27.705 0.00022208 5.5444e-05
27.763 0.00023507 5.7724e-05
27.821 0.00023589 5.7633e-05
27.879 0.0002084 5.2028e-05
27.937 0.00024958 5.986e-05
27.995 0.00024935 5.9553e-05
28.053 0.00021201 5.2063e-05
28.111 0.00027335 6.3833e-05
28.169 0.00019477 4.8348e-05
28.227 0.00021652 5.2395e-05
28.285 0.00021686 5.2241e-05
28.343 0.00026852 6.1911e-05
28.401 0.00024628 5.7513e-05
28.459 0.00025546 5.8899e-05
28.517 0.00022668 5.3119e-05
28.575 0.0002196 5.1459e-05
28.633 0.00027156 6.0998e-05
28.691 0.00025409 5.7205e-05
28.749 0.00025864 5.7595e-05
28.807 0.00022898 5.1674e-05
28.865 0.00025192 5.5872e-05
28.924 0.00025844 5.6792e-05
28.982 0.00020899 4.6944e-05
29.04 0.0002261 4.9773e-05
29.098 0.00026248 5.6123e-05
29.156 0.00023317 4.9978e-05
29.214 0.00021687 4.6158e-05
29.272 0.00023501 4.8764e-05
29.33 0.00027745 5.6082e-05
29.388 0.00025743 5.0724e-05
29.446 0.00022621 4.511e-05
29.504 0 1
29.562 0 1
29.62 0 1
29.678 0 1
