-29.678 0 1
-29.62 0 1
-29.562 0 1
-29.504 0.00032034 6.39e-05
-29.446 0.00031554 6.2561e-05
-29.388 0.00028876 6.0483e-05
-29.33 0.00028875 6.1781e-05
-29.272 0.00027789 6.1116e-05
-29.214 0.00031367 6.9135e-05
-29.156 0.00031489 7.06e-05
-29.098 0.0002845 6.5794e-05
-29.04 0.00021366 5.305e-05
-28.982 0.00034472 7.865e-05
-28.924 0.00031401 7.3446e-05
-28.865 0.00028518 6.8494e-05
-28.807 0.00028891 6.9738e-05
-28.749 0.00033634 7.9661e-05
-28.691 0.00030434 7.4246e-05
-28.633 0.0003145 7.6724e-05
-28.575 0.00029088 7.2688e-05
-28.517 0.00038386 9.0916e-05
-28.459 0.00036269 8.7546e-05
-28.401 0.00037048 8.9427e-05
-28.343 0.00031512 7.9273e-05
-28.285 0.00019113 5.5352e-05
-28.227 0.00024285 6.6006e-05
-28.169 0.00034691 8.669e-05
-28.111 0.00029969 7.7693e-05
-28.053 0.0003369 8.5348e-05
-27.995 0.00022971 6.4699e-05
-27.937 0.00028543 7.6007e-05
-27.879 0.00025911 7.1215e-05
-27.821 0.00028451 7.652e-05
-27.763 0.00019142 5.8281e-05
-27.705 0.00036517 9.3189e-05
-27.647 0.00031365 8.3523e-05
-27.589 0.00028158 7.739e-05
-27.531 0.00028875 7.9362e-05
-27.473 0.00035019 9.1557e-05
-27.415 0.00024436 7.0768e-05
-27.357 0.00025858 7.3816e-05
-27.299 0.00028978 8.0595e-05
-27.241 0.00040119 0.00010238
-27.183 0.00019177 6.0808e-05
-27.125 0.0003261 8.8633e-05
-27.067 0.00031614 8.6889e-05
-27.009 0.00039785 0.00010314
-26.951 0.00018778 6.0936e-05
-26.893 0.00030038 8.4603e-05
-26.835 0.00034773 9.4511e-05
-26.777 0.00018119 6.0312e-05
-26.719 0.00034072 9.3645e-05
-26.661 0.00025682 7.6802e-05
-26.603 0.00033469 9.3085e-05
-26.545 0.00027629 8.1261e-05
-26.487 0.00030798 8.7918e-05
-26.429 0.00028126 8.2724e-05
-26.371 0.00029873 8.6517e-05
-26.313 0.00033097 9.3218e-05
-26.255 0.00031536 9.0026e-05
-26.197 0.00028781 8.4649e-05
-26.138 0.00041259 0.00010987
-26.08 0.00030662 8.88e-05
-26.022 0.00030664 8.8805e-05
-25.964 0.00028004 8.3747e-05
-25.906 0.00025225 7.8307e-05
-25.848 0.0003017 8.8737e-05
-25.79 0.00033312 9.5097e-05
-25.732 0.00024135 7.6529e-05
-25.674 0.00025921 8.0468e-05
-25.616 0.00047253 0.00012354
-25.558 0.00029351 8.7775e-05
-25.5 0.00023144 7.5105e-05
-25.442 0.00033221 9.6212e-05
-25.384 0.0003663 0.00010317
-25.326 0.00023445 7.6081e-05
-25.268 0.00025216 7.9957e-05
-25.21 0.0002214 7.3695e-05
-25.152 0.00025594 8.1154e-05
-25.094 0.00034165 9.8944e-05
-25.036 0.00020624 7.0606e-05
-24.978 0.00027772 8.6215e-05
-24.92 0.00029608 9.0146e-05
-24.862 0.00034617 0.00010025
-24.804 0.00028474 8.8394e-05
-24.746 0.00030219 9.2004e-05
-24.688 0.00032175 9.6219e-05
-24.63 0.00021536 7.3731e-05
-24.572 0.00028852 8.9569e-05
-24.514 0.00029256 9.0823e-05
-24.456 0.00020082 7.0939e-05
-24.398 0.00027385 8.6834e-05
-24.34 0.00014758 5.8823e-05
-24.282 0.00039085 0.00011158
-24.224 0.00025969 8.4269e-05
-24.166 0.00040867 0.0001151
-24.108 0.00011311 5.0654e-05
-24.05 0.00043536 0.00012108
-23.992 0.0003401 0.00010171
-23.934 0.00032447 9.8788e-05
-23.876 0.00026849 8.7125e-05
-23.818 0.00028927 9.1721e-05
-23.76 0.0002489 8.285e-05
-23.702 0.00044405 0.0001235
-23.644 0.00031071 9.6456e-05
-23.586 0.00027495 8.9223e-05
-23.528 0.00031176 9.6782e-05
-23.47 0.00048784 0.00013259
-23.412 0.00025487 8.4835e-05
-23.353 0.00047257 0.00012989
-23.295 0.00025592 8.5185e-05
-23.237 0.00021851 7.7186e-05
-23.179 0.00031779 9.8656e-05
-23.121 0.00025985 8.6495e-05
-23.063 0.00028105 9.1202e-05
-23.005 0.00027845 9.0358e-05
-22.947 0.00030069 9.5343e-05
-22.889 0.00030431 9.649e-05
-22.831 0.00030425 9.6471e-05
-22.773 0.00026282 8.7482e-05
-22.715 0.00028539 9.2609e-05
-22.657 0.00024593 8.4194e-05
-22.599 0.00012298 5.5073e-05
-22.541 0.00020539 7.5151e-05
-22.483 0.00018658 7.1044e-05
-22.425 0.00022866 8.0773e-05
-22.367 0.00027261 9.0742e-05
-22.309 0.00016764 6.6819e-05
-22.251 0.00033713 0.00010466
-22.193 0.00025404 8.6972e-05
-22.135 0.00021061 7.7059e-05
-22.077 0.00021016 7.6895e-05
-22.019 0.0002735 9.1036e-05
-21.961 0.00015019 6.3137e-05
-21.903 0.00023412 8.2701e-05
-21.845 0.00027903 9.2877e-05
-21.787 0.00023675 8.3631e-05
-21.729 0.00028115 9.3584e-05
-21.671 0.00019394 7.3848e-05
-21.613 0.00012876 5.7661e-05
-21.555 0.00024004 8.4794e-05
-21.497 0.0001533 6.4448e-05
-21.439 0.00032985 0.00010459
-21.381 0.00019685 7.4953e-05
-21.323 0.00022012 8.054e-05
-21.265 0.00031172 0.00010116
-21.207 0.00037282 0.00011351
-21.149 0.00021932 8.0248e-05
-21.091 0.00017678 7.0463e-05
-21.033 0.00022256 8.1433e-05
-20.975 0.0005334 0.0001466
-20.917 0.00026713 9.1455e-05
-20.859 0.00035995 0.00011174
-20.801 0.00024657 8.7101e-05
-20.743 0.00013399 6.0003e-05
-20.685 0.00026974 9.2346e-05
-20.626 0.00024696 8.7237e-05
-20.568 0.00029449 9.8023e-05
-20.51 0.00027176 9.3038e-05
-20.452 0.00017992 7.1716e-05
-20.394 0.00015789 6.6375e-05
-20.336 0.00029619 9.8591e-05
-20.278 0.00011416 5.5209e-05
-20.22 0.00018224 7.2639e-05
-20.162 0.00022999 8.4151e-05
-20.104 0.00018374 7.3235e-05
-20.046 0.00030047 0.00010002
-19.988 0.00027656 9.4682e-05
-19.93 0.00025497 9.0067e-05
-19.872 0.00023486 8.5934e-05
-19.814 0.00023281 8.5182e-05
-19.756 0.00039452 0.00012012
-19.698 0.00013905 6.2269e-05
-19.64 0.00040033 0.00012189
-19.582 0.00030319 0.00010092
-19.524 0.00037506 0.00011644
-19.466 0.00030625 0.00010194
-19.408 0.00023518 8.605e-05
-19.35 0.00033299 0.00010806
-19.292 0.00030686 0.00010214
-19.234 0.00040331 0.00012279
-19.176 0.0001917 7.6409e-05
-19.118 0.00028627 9.8007e-05
-19.06 0.00028503 9.7581e-05
-19.002 0.00023822 8.7163e-05
-18.944 0.00038038 0.00011809
-18.886 0.00021398 8.1478e-05
-18.828 0.00026109 9.223e-05
-18.77 0.0001696 7.1298e-05
-18.712 0.00014373 6.4363e-05
-18.654 0.00031085 0.00010347
-18.596 0.0003348 0.00010864
-18.538 0.00038486 0.00011948
-18.48 0.00019413 7.7378e-05
-18.422 0.00024221 8.862e-05
-18.364 0.00019239 7.6685e-05
-18.306 0.00029176 9.9887e-05
-18.248 0.00021953 8.3588e-05
-18.19 0.00031681 0.00010545
-18.132 0.00031553 0.00010503
-18.074 0.00021959 8.3611e-05
-18.016 7.3842e-05 4.4747e-05
-17.958 9.7537e-05 5.1967e-05
-17.9 0.00039116 0.00012143
-17.841 0.00024594 8.9988e-05
-17.783 0.00029789 0.00010198
-17.725 0.00019765 7.8783e-05
-17.667 0.00019538 7.7877e-05
-17.609 0.00029909 0.00010239
-17.551 0.00039703 0.00012326
-17.493 0.00029833 0.00010213
-17.435 0.00024766 9.0617e-05
-17.377 0.0003231 0.00010755
-17.319 0.00020047 7.9907e-05
-17.261 0.00037475 0.00011883
-17.203 0.00014942 6.6914e-05
-17.145 0.00030299 0.00010373
-17.087 0.00017496 7.3551e-05
-17.029 0.0002507 9.1728e-05
-16.971 0.00037346 0.00011842
-16.913 0.00027763 9.8072e-05
-16.855 0.00027883 9.8496e-05
-16.797 0.00040107 0.00012451
-16.739 0.00027437 9.6921e-05
-16.681 0.00027846 9.8365e-05
-16.623 0.00030169 0.00010328
-16.565 0.00037794 0.00011984
-16.507 0.0002529 9.2534e-05
-16.449 0.00025227 9.2303e-05
-16.391 0.00025496 9.3287e-05
-16.333 0.00040292 0.00012508
-16.275 0.00017824 7.493e-05
-16.217 0.00035685 0.0001158
-16.159 0.0003307 0.00011008
-16.101 0.00012666 6.1254e-05
-16.043 0.00015293 6.8486e-05
-15.985 0.00035616 0.00011557
-15.927 0.00046179 0.0001381
-15.869 0.00030732 0.00010521
-15.811 0.00027847 9.8369e-05
-15.753 0.00043295 0.00013182
-15.695 0.00015486 6.935e-05
-15.637 0.0004361 0.00013278
-15.579 0.00025789 9.436e-05
-15.521 0.00025554 9.35e-05
-15.463 0.00012954 6.2648e-05
-15.405 0.00020645 8.229e-05
-15.347 0.00030824 0.00010553
-15.289 0.00018087 7.6036e-05
-15.231 0.00020924 8.3401e-05
-15.173 0.00025987 9.5085e-05
-15.114 0.00033752 0.00011235
-15.056 0.00018103 7.6105e-05
-14.998 0.00028612 0.00010107
-14.94 0.00034047 0.00011333
-14.882 0.0003115 0.00010664
-14.824 0.00031222 0.00010689
-14.766 0.00049901 0.00014677
-14.708 0.00020803 8.292e-05
-14.65 0.000441 0.00013427
-14.592 0.00039314 0.00012466
-14.534 0.00023581 8.9788e-05
-14.476 0.0002893 0.00010219
-14.418 0.00031429 0.0001076
-14.36 0.00018292 7.6899e-05
-14.302 0.00047418 0.0001418
-14.244 0.00026187 9.5815e-05
-14.186 0.00020795 8.2887e-05
-14.128 0.00028933 0.0001022
-14.07 0.00028941 0.00010223
-14.012 0.00031761 0.00010873
-13.954 0.00028755 0.00010157
-13.896 0.00015703 7.0319e-05
-13.838 0.00015982 7.1569e-05
-13.78 0.00045322 0.00013799
-13.722 0.00023717 9.0309e-05
-13.664 0.00026701 9.7694e-05
-13.606 0.00029353 0.00010369
-13.548 0.0001853 7.79e-05
-13.49 0.00028991 0.00010241
-13.432 0.00034628 0.00011526
-13.374 0.00024103 9.1777e-05
-13.316 0.00015972 7.1524e-05
-13.258 0.00021269 8.4774e-05
-13.2 0.00048052 0.0001437
-13.142 0.00032205 0.00011025
-13.084 0.00037114 0.00012044
-13.026 0.00031751 0.0001087
-12.968 0.00026667 9.7573e-05
-12.91 0.00016144 7.2296e-05
-12.852 0.00053443 0.00015478
-12.794 0.00013337 6.4498e-05
-12.736 0.00034952 0.00011634
-12.678 0.00026917 9.8485e-05
-12.62 0.00024134 9.1893e-05
-12.562 0.00048027 0.00014362
-12.504 0.00034886 0.00011612
-12.446 0.00032599 0.0001116
-12.388 0.00037734 0.00012245
-12.329 0.00040073 0.00012706
-12.271 0.00029756 0.00010511
-12.213 0.0003248 0.0001112
-12.155 0.0003237 0.00011082
-12.097 0.00032382 0.00011086
-12.039 0.00032305 0.0001106
-11.981 0.00027154 9.9354e-05
-11.923 0.00035401 0.00011784
-11.865 0.00045494 0.00013851
-11.807 0.0001629 7.295e-05
-11.749 0.00029978 0.0001059
-11.691 0.00034936 0.00011629
-11.633 0.00032476 0.00011118
-11.575 0.00024228 9.2253e-05
-11.517 0.00021904 8.7306e-05
-11.459 0.00026964 9.8659e-05
-11.401 0.00018976 7.9774e-05
-11.343 0.00046476 0.0001415
-11.285 0.00024584 9.3607e-05
-11.227 0.00024302 9.2534e-05
-11.169 0.00032468 0.00011116
-11.111 0.00043598 0.00013535
-11.053 0.0003001 0.00010601
-10.995 0.00032906 0.00011265
-10.937 0.00035199 0.00011716
-10.879 0.00041061 0.0001302
-10.821 0.0003011 0.00010636
-10.763 0.00032805 0.00011231
-10.705 0.00046001 0.00014006
-10.647 0.00043961 0.00013647
-10.589 0.00027658 0.0001012
-10.531 0.00041027 0.00013009
-10.473 0.00038137 0.00012376
-10.415 0.00027534 0.00010074
-10.357 0.00049402 0.00014773
-10.299 0.0003278 0.00011222
-10.241 0.00016493 7.3859e-05
-10.183 0.00041046 0.00013015
-10.125 0.00019317 8.1206e-05
-10.067 0.00024856 9.4645e-05
-10.009 0.00019034 8.0019e-05
-9.9506 0.0001925 8.0925e-05
-9.8926 0.0002763 0.0001011
-9.8346 0.00038869 0.00012613
-9.7766 0.00046599 0.00014188
-9.7185 0.00043693 0.00013564
-9.6605 0.00024988 9.5145e-05
-9.6025 0.00024786 9.4376e-05
-9.5445 0.00032784 0.00011224
-9.4864 0.00043944 0.00013642
-9.4284 0.00030632 0.00010821
-9.3704 0.00022325 8.8984e-05
-9.3124 0.00032902 0.00011264
-9.2544 0.00016445 7.3643e-05
-9.1963 0.00031214 0.00011026
-9.1383 0.00049155 0.000147
-9.0803 0.00038452 0.00012478
-9.0223 0.00019448 8.1759e-05
-8.9643 0.00022613 9.0134e-05
-8.9062 0.00041151 0.00013048
-8.8482 0.00047283 0.00014396
-8.7902 0.00024845 9.4604e-05
-8.7322 0.00030787 0.00010876
-8.6742 0.0002236 8.9126e-05
-8.6161 0.00030429 0.00010749
-8.5581 0.00030906 0.00010917
-8.5001 0.00038934 0.00012634
-8.4421 0.00030273 0.00010694
-8.384 0.00036204 0.00012051
-8.326 0.00033026 0.00011306
-8.268 0.00025 9.5192e-05
-8.21 0.00033367 0.00011423
-8.152 0.00036019 0.00011989
-8.0939 0.0003316 0.00011353
-8.0359 0.00025173 9.585e-05
-7.9779 0.00036136 0.00012028
-7.9199 0.00025023 9.5279e-05
-7.8619 0.00052507 0.00015443
-7.8038 0.00025276 9.6244e-05
-7.7458 0.00030503 0.00010775
-7.6878 0.0003622 0.00012056
-7.6298 0.0001674 7.4966e-05
-7.5718 0.00031012 0.00010955
-7.5137 0.00039248 0.00012736
-7.4557 0.00047342 0.00014414
-7.3977 0.00019673 8.2704e-05
-7.3397 0.00042458 0.00013463
-7.2816 0.00022628 9.0192e-05
-7.2236 0.00038482 0.00012487
-7.1656 0.00034227 0.00011718
-7.1076 0.0002562 9.7552e-05
-7.0496 0.00033353 0.00011419
-6.9915 0.00044762 0.00013896
-6.9335 0.00031303 0.00011057
-6.8755 0.00027702 0.00010136
-6.8175 0.00022541 8.9848e-05
-6.7595 0.00047504 0.00014463
-6.7014 0.00039065 0.00012677
-6.6434 0.00028668 0.00010489
-6.5854 0.0003866 0.00012545
-6.5274 0.00031089 0.00010982
-6.4694 0.00030156 0.00010653
-6.4113 0.00025834 9.8368e-05
-6.3533 0.00033737 0.0001155
-6.2953 0.00022459 8.9521e-05
-6.2373 0.00049476 0.00014796
-6.1792 0.0003197 0.00011293
-6.1212 0.00041449 0.00013143
-6.0632 0.00039121 0.00012695
-6.0052 0.00042721 0.00013546
-5.9472 0.00033777 0.00011564
-5.8891 0.00059257 0.00016916
-5.8311 0.00039398 0.00012785
-5.7731 0.00035905 0.00011951
-5.7151 0.00020461 8.6018e-05
-5.6571 0.00049557 0.0001482
-5.599 0.00058929 0.00016822
-5.541 0.00068932 0.00018946
-5.483 0.00048045 0.00014628
-5.425 0.00036164 0.00012038
-5.3669 0.00052751 0.00015515
-5.3089 0.00045745 0.00014201
-5.2509 0.0002857 0.00010454
-5.1929 0.00032822 0.00011237
-5.1349 0.00039453 0.00012803
-5.0768 0.000448 0.00013908
-5.0188 0.0005455 0.00016044
-4.9608 0.00053199 0.00015647
-4.9028 0.00041921 0.00013292
-4.8448 0.000456 0.00014156
-4.7867 0.00038874 0.00012615
-4.7287 0.00030845 0.00010896
-4.6707 0.00042599 0.00013507
-4.6127 0.0003877 0.00012581
-4.5547 0.00044746 0.00013891
-4.4966 0.00037035 0.00012327
-4.4386 0.00051138 0.00015293
-4.3806 0.00050248 0.00015026
-4.3226 0.00050503 0.00015103
-4.2645 0.00022817 9.0946e-05
-4.2065 0.00050954 0.00015238
-4.1485 0.00016973 7.6007e-05
-4.0905 0.00070458 0.0001915
-4.0325 0.00044995 0.00013968
-3.9744 0.00050646 0.00015145
-3.9164 0.00036938 0.00012295
-3.8584 0.00060205 0.00017187
-3.8004 0.00053029 0.00015597
-3.7424 0.00050105 0.00014984
-3.6843 0.00067864 0.00018652
-3.6263 0.00034414 0.00011782
-3.5683 0.00083103 0.00021727
-3.5103 0.0004398 0.00013653
-3.4523 0.00068858 0.00018716
-3.3942 0.00049608 0.00015104
-3.3362 0.00060328 0.00017222
-3.2782 0.00067505 0.00018348
-3.2202 0.00034908 0.00011951
-3.1621 0.0005604 0.00016482
-3.1041 0.00072677 0.00019353
-3.0461 0.00052509 0.00015703
-2.9881 0.00052247 0.00015624
-2.9301 0.00085666 0.00021861
-2.872 0.00057011 0.00016768
-2.814 0.00043322 0.00013449
-2.756 0.00072491 0.00019924
-2.698 0.00047098 0.0001434
-2.64 0.00058761 0.00016774
-2.5819 0.00042822 0.00013578
-2.5239 0.00078825 0.00020794
-2.4659 0.00061584 0.0001758
-2.4079 0.00064224 0.00017862
-2.3499 0.0006011 0.0001693
-2.2918 0.00066812 0.00019073
-2.2338 0.00067711 0.00018031
-2.1758 0.00068013 0.00019156
-2.1178 0.00083071 0.00021363
-2.0597 0.00072417 0.00019477
-2.0017 0.00075133 0.0002065
-1.9437 0.0008949 0.00022363
-1.8857 0.00088684 0.00022991
-1.8277 0.00092451 0.00023967
-1.7696 0.0008059 0.00020274
-1.7116 0.00053308 0.00016549
-1.6536 0.00084259 0.00021844
-1.5956 0.00080358 0.0002101
-1.5376 0.00096229 0.00023608
-1.4795 0.0013223 0.00032083
-1.4215 0.0011823 0.00028396
-1.3635 0.0015157 0.00034809
-1.3055 0.0018363 0.00039898
-1.2475 0.002117 0.00046765
-1.1894 0.0026016 0.0005462
-1.1314 0.0033353 0.00069862
-1.0734 0.003464 0.00070939
-1.0154 0.0038833 0.00078275
-0.95735 0.0040094 0.00081005
-0.89933 0.0050465 0.0010017
-0.84131 0.0061501 0.0012012
-0.78328 0.0069138 0.0013458
-0.72526 0.0072646 0.0014088
-0.66724 0.0081152 0.0015693
-0.60922 0.0077731 0.0015171
-0.5512 0.0081355 0.0015797
-0.49318 0.0071793 0.0013886
-0.43516 0.0089306 0.001708
-0.37714 0.0084493 0.0016281
-0.31912 0.008619 0.0016676
-0.26109 0.0084462 0.0016525
-0.20307 0.0071389 0.0013772
-0.14505 0.00802 0.0015463
-0.087032 0.0069128 0.0013596
-0.029011 0.0067811 0.0013189
0.029011 0.0056925 0.0011345
0.087032 0.0046956 0.00093313
0.14505 0.0041346 0.00082368
0.20307 0.0039217 0.00081782
0.26109 0.002886 0.00060888
0.31912 0.0024877 0.00052692
0.37714 0.0021036 0.00044743
0.43516 0.0015298 0.00034392
0.49318 0.0014783 0.00034717
0.5512 0.0015232 0.00035771
0.60922 0.0011071 0.00027008
0.66724 0.00087008 0.00022204
0.72526 0.0010988 0.00026806
0.78328 0.00069599 0.00018719
0.84131 0.00047064 0.00014329
0.89933 0.00063925 0.00017779
0.95735 0.00062175 0.00017088
1.0154 0.00080485 0.00021232
1.0734 0.00065539 0.00018981
1.1314 0.00094262 0.00023555
1.1894 0.00060194 0.00017704
1.2475 0.00066035 0.00017585
1.3055 0.00060278 0.00017207
1.3635 0.0005596 0.00016207
1.4215 0.00066435 0.0001924
1.4795 0.00065651 0.00017657
1.5376 0.00050803 0.00015192
1.5956 0.00059546 0.00016999
1.6536 0.00050443 0.00015995
1.7116 0.0005173 0.0001457
1.7696 0.000598 0.00017588
1.8277 0.00073866 0.00020076
1.8857 0.00055581 0.00015655
1.9437 0.00064624 0.00018716
2.0017 0.00060745 0.00017109
2.0597 0.00040943 0.00012982
2.1178 0.00041386 0.00013776
2.1758 0.00052631 0.00015025
2.2338 0.00054954 0.00016732
2.2918 0.00068039 0.00018493
2.3499 0.00051643 0.00015444
2.4079 0.00031522 0.00011135
2.4659 0.00049544 0.00015084
2.5239 0.00042195 0.00013379
2.5819 0.00054789 0.00016114
2.64 0.0004413 0.000137
2.698 0.00033782 0.00011933
2.756 0.0002699 9.8752e-05
2.814 0.0005738 0.00016876
2.872 0.0003255 0.00011144
2.9301 0.0005502 0.00016182
2.9881 0.00023643 9.424e-05
3.0461 0.00073277 0.00019513
3.1041 0.00056618 0.00016652
3.1621 0.00029428 0.00010767
3.2202 0.00043278 0.00013435
3.2782 0.0005823 0.00016864
3.3362 0.00041287 0.00013398
3.3942 0.00064139 0.00017838
3.4523 0.00041741 0.00013235
3.5103 0.00058273 0.00016876
3.5683 0.00046622 0.00014473
3.6263 0.00028299 0.00010354
3.6843 0.000507 0.00015162
3.7424 0.00034044 0.00011655
3.8004 0.00032052 0.00011322
3.8584 0.00046375 0.00014397
3.9164 0.00028534 0.0001044
3.9744 0.0004268 0.00013533
4.0325 0.00051305 0.00015343
4.0905 0.00048717 0.00014833
4.1485 0.00034227 0.00011718
4.2065 0.00037441 0.00012463
4.2645 0.00060181 0.0001718
4.3226 0.00019719 8.2896e-05
4.3806 0.00057608 0.00016684
4.4386 0.00040587 0.00013171
4.4966 0.00017101 7.6582e-05
4.5547 0.00042303 0.00013413
4.6127 0.00040503 0.00013143
4.6707 0.00036861 0.0001227
4.7287 0.00047646 0.00014506
4.7867 0.00028991 0.00010608
4.8448 0.00056653 0.00016407
4.9028 0.00031464 0.00011114
4.9608 0.00017536 7.8529e-05
5.0188 0.00031266 0.00011045
5.0768 0.00031656 0.00011182
5.1349 0.00033421 0.00011442
5.1929 0.00034998 0.00011982
5.2509 0.00049189 0.00014976
5.3089 0.00028473 0.00010418
5.3669 0.00031001 0.00010951
5.425 0.00037957 0.00012634
5.483 0.00035059 0.00012003
5.541 0.00016989 7.6081e-05
5.599 0.00025328 9.644e-05
5.6571 0.00011989 6.3876e-05
5.7151 0.00033659 0.00011523
5.7731 0.00025777 9.8152e-05
5.8311 0.0004646 0.00014423
5.8891 0.00037171 0.00012373
5.9472 0.00023388 9.3223e-05
6.0052 0.00031714 0.00011203
6.0632 0.00033687 0.00011533
6.1212 0.0003876 0.00012902
6.1792 0.00039549 0.00012834
6.2373 0.00034613 0.0001185
6.2953 0.00042599 0.00013507
6.3533 0.00029636 0.00010843
6.4113 0.00028104 0.00010283
6.4694 0.00017404 7.7936e-05
6.5274 0.00045152 0.00014017
6.5854 0.00035492 0.00012151
6.6434 0.00040291 0.00013075
6.7014 0.00025725 9.7952e-05
6.7595 0.00031657 0.00011183
6.8175 0.00031054 0.0001097
6.8755 0.0003782 0.00012589
6.9335 0.00019969 8.3948e-05
6.9915 0.00054291 0.00015968
7.0496 0.00035062 0.00012004
7.1076 0.00029123 0.00010656
7.1656 0.00034027 0.00011649
7.2236 0.00031634 0.00011174
7.2816 0.00034882 0.00011942
7.3397 0.00029127 0.00010657
7.3977 0.00019808 8.3272e-05
7.4557 0.00020115 8.4563e-05
7.5137 0.00028862 0.0001056
7.5718 0.00026014 9.9053e-05
7.6298 0.00031681 0.00011191
7.6878 0.00025923 9.8706e-05
7.7458 0.00017151 7.6804e-05
7.8038 0.00025814 9.8294e-05
7.8619 0.00025775 9.8143e-05
7.9199 0.00034234 0.0001172
7.9779 0.00028589 0.00010461
8.0359 0.00039512 0.00012822
8.0939 0.00031095 0.00010984
8.152 0.0005475 0.00016103
8.21 0.00031515 0.00011132
8.268 0.00022776 9.0782e-05
8.326 0.0002566 9.7706e-05
8.384 0.00028354 0.00010374
8.4421 0.00034245 0.00011724
8.5001 0.00037665 0.00012537
8.5581 0.00019664 8.2667e-05
8.6161 0.00020158 8.4742e-05
8.6742 0.00028825 0.00010547
8.7322 0.00039798 0.00012915
8.7902 0.00034241 0.00011722
8.8482 0.00039734 0.00012894
8.9062 0.00034948 0.00011965
8.9643 0.00039884 0.00012942
9.0223 0.00025593 9.745e-05
9.0803 0.0003391 0.00011609
9.1383 0.0006346 0.00017874
9.1963 0.00019823 8.3335e-05
9.2544 0.00016971 7.6001e-05
9.3124 0.00025764 9.8101e-05
9.3704 0.00028613 0.00010469
9.4284 0.00025523 9.7183e-05
9.4864 0.00033924 0.00011614
9.5445 0.00033906 0.00011608
9.6025 0.00017263 7.7305e-05
9.6605 0.00033997 0.00011639
9.7185 0.00039609 0.00012853
9.7766 0.00028728 0.00010511
9.8346 0.00014171 6.8532e-05
9.8926 0.00028422 0.00010399
9.9506 0.00019692 8.2784e-05
10.009 0.00022739 9.0634e-05
10.067 0.00019995 8.4058e-05
10.125 0.00033877 0.00011598
10.183 0.0002552 9.7171e-05
10.241 0.00025389 9.6672e-05
10.299 0.00031265 0.00011044
10.357 0.00034133 0.00011686
10.415 0.00013931 6.7372e-05
10.473 0.00036694 0.00012214
10.531 0.00034232 0.00011719
10.589 0.00034056 0.00011659
10.647 0.00014036 6.7878e-05
10.705 0.00031207 0.00011024
10.763 0.00028356 0.00010375
10.821 0.00022597 9.0069e-05
10.879 0.00039019 0.00012662
10.937 0.00014125 6.8311e-05
10.995 0.0003093 0.00010926
11.053 0.00022325 8.8986e-05
11.111 0.00033634 0.00011515
11.169 0.00022525 8.9782e-05
11.227 0.00025398 9.6708e-05
11.285 0.00031043 0.00010966
11.343 0.00019583 8.2324e-05
11.401 0.0003353 0.00011479
11.459 0.00019823 8.3334e-05
11.517 0.00022405 8.9304e-05
11.575 0.00028008 0.00010248
11.633 0.00030858 0.00010901
11.691 0.00028126 0.00010291
11.749 0.00016933 7.5828e-05
11.807 0.00019491 8.194e-05
11.865 0.00025432 9.6837e-05
11.923 0.00031118 0.00010992
11.981 0.00030665 0.00010832
12.039 0.00028031 0.00010256
12.097 0.00025093 9.5546e-05
12.155 0.00036819 0.00012256
12.213 0.00019568 8.2265e-05
12.271 0.00027768 0.0001016
12.329 0.00014048 6.7935e-05
12.388 8.415e-05 5.0993e-05
12.446 0.00044507 0.00013817
12.504 0.00030383 0.00010733
12.562 0.00013803 6.6751e-05
12.62 0.00033483 0.00011463
12.678 0.00033213 0.00011371
12.736 0.0003291 0.00011267
12.794 0.00043987 0.00013655
12.852 0.0001384 6.6933e-05
12.91 0.00027398 0.00010025
12.968 0.00046604 0.00014189
13.026 0.00033085 0.00011327
13.084 0.0003011 0.00010636
13.142 0.00021918 8.7363e-05
13.2 0.00027313 9.9934e-05
13.258 0.00027559 0.00010083
13.316 0.00016524 7.3999e-05
13.374 0.00046566 0.00014178
13.432 0.00024469 9.317e-05
13.49 0.00030115 0.00010638
13.548 0.00032945 0.00011279
13.606 0.00021875 8.7191e-05
13.664 0.00035379 0.00011776
13.722 0.00010988 5.8541e-05
13.78 0.00041142 0.00013045
13.838 0.0001913 8.0423e-05
13.896 0.00019187 8.0663e-05
13.954 0.00016361 7.3266e-05
14.012 0.0003015 0.0001065
14.07 0.0004097 0.00012991
14.128 0.00024441 9.3063e-05
14.186 0.0002727 9.9777e-05
14.244 0.00019077 8.02e-05
14.302 0.00029941 0.00010576
14.36 0.0002972 0.00010499
14.418 0.00021692 8.6463e-05
14.476 0.00029666 0.00010479
14.534 0.0002706 9.9008e-05
14.592 0.00010813 5.7612e-05
14.65 0.00029836 0.00010539
14.708 0.00027409 0.00010029
14.766 0.00021773 8.6787e-05
14.824 0.00032139 0.00011003
14.882 0.00021775 8.6792e-05
14.94 0.00021684 8.6432e-05
14.998 0.0001876 7.8868e-05
15.056 0.00029191 0.00010312
15.114 0.00021587 8.6042e-05
15.173 0.00026922 9.8503e-05
15.231 0.00035017 0.00011656
15.289 0.00034463 0.00011471
15.347 0.00021504 8.5714e-05
15.405 0.00021486 8.5639e-05
15.463 0.00013328 6.4453e-05
15.521 0.00026593 9.73e-05
15.579 0.0002141 8.534e-05
15.637 0.00024073 9.1661e-05
15.695 0.00029224 0.00010323
15.753 0.00026403 9.6605e-05
15.811 0.00029159 0.000103
15.869 0.00024052 9.1581e-05
15.927 0.00031599 0.00010818
15.985 0.00029076 0.00010271
16.043 0.00013194 6.3807e-05
16.101 0.00037215 0.00012076
16.159 0.00015958 7.1462e-05
16.217 0.00026323 9.6311e-05
16.275 0.00026445 9.6758e-05
16.333 0.0002638 9.6522e-05
16.391 0.00018483 7.7703e-05
16.449 0.00044236 0.00013468
16.507 0.00039355 0.00012479
16.565 0.00018362 7.7194e-05
16.623 0.00039111 0.00012401
16.681 0.000208 8.2905e-05
16.739 0.0002327 8.8606e-05
16.797 0.00020893 8.3279e-05
16.855 0.00033666 0.00011206
16.913 0.00020525 8.1812e-05
16.971 0.00031067 0.00010636
17.029 0.00046856 0.00014012
17.087 0.00038716 0.00012276
17.145 0.000256 9.3669e-05
17.203 0.00025877 9.468e-05
17.261 0.00015562 6.9689e-05
17.319 0.00018062 7.593e-05
17.377 0.00025531 9.3414e-05
17.435 0.00035765 0.00011606
17.493 0.00020678 8.2419e-05
17.551 0.00020496 8.1696e-05
17.609 0.00025328 9.2673e-05
17.667 0.00046056 0.00013773
17.725 0.00030577 0.00010468
17.783 0.00020362 8.116e-05
17.841 0.00040641 0.00012617
17.9 0.00032875 0.00010943
17.958 0.00027965 9.8784e-05
18.016 0.00030192 0.00010336
18.074 0.00022421 8.5374e-05
18.132 0.00017676 7.4309e-05
18.19 0.00037689 0.0001195
18.248 0.00015083 6.7543e-05
18.306 0.00029817 0.00010208
18.364 0.00020107 8.0143e-05
18.422 0.0003003 0.00010281
18.48 0.00044893 0.00013425
18.538 0.00027412 9.6831e-05
18.596 0.00019737 7.8669e-05
18.654 0.00022494 8.565e-05
18.712 0.00027467 9.7028e-05
18.77 0.0002224 8.4682e-05
18.828 0.00027257 9.6286e-05
18.886 0.0001745 7.3361e-05
18.944 0.00012313 5.9547e-05
19.002 0.00031819 0.00010591
19.06 0.00022103 8.4161e-05
19.118 9.8371e-05 5.2412e-05
19.176 7.3367e-05 4.4459e-05
19.234 0.00021999 8.3767e-05
19.292 0.00033942 0.00011014
19.35 0.00026804 9.4685e-05
19.408 0.00041418 0.0001261
19.466 0.0002399 8.7777e-05
19.524 0.00031554 0.00010503
19.582 0.00026702 9.4322e-05
19.64 0.00026498 9.3602e-05
19.698 0.00021596 8.2231e-05
19.756 0.00028683 9.8197e-05
19.814 0.00041282 0.00012569
19.872 0.00038173 0.0001185
19.93 0.00019076 7.6034e-05
19.988 0.00026223 9.2631e-05
20.046 0.00030922 0.00010293
20.104 0.0002372 8.6789e-05
20.162 0.00016486 6.9308e-05
20.22 0.00030973 0.0001031
20.278 0.00038048 0.00011812
20.336 0.00035448 0.0001124
20.394 0.00018743 7.4709e-05
20.452 0.00032723 0.00010619
20.51 0.00049959 0.00014262
20.568 0.00035215 0.00011166
20.626 0.00016158 6.7926e-05
20.685 0.00020685 7.8762e-05
20.743 0.00016213 6.816e-05
20.801 0.00037048 0.00011501
20.859 0.00022915 8.3845e-05
20.917 0.00025325 8.9461e-05
20.975 0.00027423 9.3884e-05
21.033 0.00016087 6.7627e-05
21.091 0.0002266 8.2911e-05
21.149 0.00027298 9.3456e-05
21.207 0.00022832 8.354e-05
21.265 0.00020425 7.7773e-05
21.323 0.00017959 7.1583e-05
21.381 0.00022638 8.283e-05
21.439 0.00029475 9.8113e-05
21.497 0.00020227 7.702e-05
21.555 0.0001341 6.0052e-05
21.613 0.00022314 8.1643e-05
21.671 0.00015629 6.5704e-05
21.729 0.00033215 0.00010532
21.787 0.00033303 0.0001056
21.845 0.00035154 0.00010913
21.903 0.00050505 0.00014047
21.961 0.00017488 6.9706e-05
22.019 0.00025901 8.8675e-05
22.077 0.00021667 7.9276e-05
22.135 0.00019475 7.4156e-05
22.193 0.00023514 8.3061e-05
22.251 0.00027657 9.2058e-05
22.309 0.00030143 9.7816e-05
22.367 0.00034395 0.00010678
22.425 0.00023548 8.3182e-05
22.483 0.00029604 9.6067e-05
22.541 0.00038376 0.00011476
22.599 0.00027758 9.2395e-05
22.657 0.0004021 0.00011827
22.715 0.00029275 9.4998e-05
22.773 0.00037989 0.0001136
22.831 0.0002538 8.6891e-05
22.889 0.00022874 8.0803e-05
22.947 0.00024748 8.4726e-05
23.005 0.00024873 8.5155e-05
23.063 0.00024773 8.4813e-05
23.121 0.00030931 9.8076e-05
23.179 0.00020406 7.4662e-05
23.237 0.00016311 6.5016e-05
23.295 0.00022327 7.8869e-05
23.353 0.00040259 0.00011659
23.412 0.00028221 9.1578e-05
23.47 0.00036038 0.00010777
23.528 0.00018044 6.8706e-05
23.586 0.00019874 7.2718e-05
23.644 0.00025762 8.575e-05
23.702 0.00019804 7.2459e-05
23.76 0.00037353 0.00010986
23.818 0.00019516 7.1406e-05
23.876 0.00019379 7.0904e-05
23.934 0.00023244 7.9577e-05
23.992 0.00030929 9.6015e-05
24.05 0.00026911 8.7327e-05
24.108 0.00030413 9.4414e-05
24.166 0.00030514 9.4728e-05
24.224 0.00030368 9.4273e-05
24.282 0.00026347 8.5498e-05
24.34 0.00033585 0.00010044
24.398 0.00035605 0.00010472
24.456 0.00018684 6.8361e-05
24.514 0.00027685 8.7783e-05
24.572 0.00014658 5.8427e-05
24.63 0.00020205 7.1374e-05
24.688 0.00020125 7.109e-05
24.746 0.00034454 0.00010134
24.804 0.00019632 6.9349e-05
24.862 0.0002333 7.7658e-05
24.92 0.00028581 8.8727e-05
24.978 0.00031696 9.4785e-05
25.036 0.00017458 6.3876e-05
25.094 0.00038503 0.00010844
25.152 0.00026115 8.2805e-05
25.21 0.00020624 7.0608e-05
25.268 0.00018909 6.6796e-05
25.326 0.00046143 0.00012287
25.384 0.00022046 7.3382e-05
25.442 0.00023663 7.6788e-05
25.5 0.00015078 5.7411e-05
25.558 0.00033119 9.5916e-05
25.616 0.00024911 7.899e-05
25.674 0.00031229 9.1849e-05
25.732 0.00024237 7.6851e-05
25.79 0.0002901 8.6753e-05
25.848 0.0004011 0.00010902
25.906 0.00025439 7.8972e-05
25.964 0.00015691 5.7411e-05
26.022 0.0002842 8.4989e-05
26.08 0.00020276 6.7492e-05
26.138 0.00028054 8.3896e-05
26.197 0.00018514 6.3383e-05
26.255 0.00032291 9.218e-05
26.313 0.00035342 9.8294e-05
26.371 0.00033355 9.3945e-05
26.429 0.00028532 8.3917e-05
26.487 0.00034233 9.521e-05
26.545 0.00035522 9.7631e-05
26.603 0.00036446 9.9059e-05
26.661 0.00031546 8.8849e-05
26.719 0.00022958 7.1272e-05
26.777 0.00038414 0.00010229
26.835 0.00026683 7.848e-05
26.893 0.00017952 5.9756e-05
26.951 0.0003028 8.5285e-05
27.009 0.00021736 6.7479e-05
27.067 0.00025448 7.4846e-05
27.125 0.00047547 0.00011806
27.183 0.00030945 8.5051e-05
27.241 0.00030729 8.4457e-05
27.299 0.00021482 6.5406e-05
27.357 0.00028527 7.934e-05
27.415 0.00017332 5.6244e-05
27.473 0.00028213 7.8465e-05
27.531 0.00024201 7.0089e-05
27.589 0.00038257 9.7629e-05
27.647 0.00024684 7.0465e-05
27.705 0.00020793 6.2182e-05
27.763 0.00022621 6.5512e-05
27.821 0.00025468 7.0833e-05
27.879 0.00043361 0.00010521
27.937 0.00024551 6.8282e-05
27.995 0.00030255 7.9102e-05
28.053 0.00016322 5.067e-05
28.111 0.00028328 7.4728e-05
28.169 0.00025648 6.8982e-05
28.227 0.00025197 6.7769e-05
28.285 0.00022766 6.2573e-05
28.343 0.00023072 6.2708e-05
28.401 0.00028258 7.2668e-05
28.459 0.00028095 7.1697e-05
28.517 0.00024808 6.4862e-05
28.575 0.00023204 6.1212e-05
28.633 0.00030884 7.5344e-05
28.691 0.00030847 7.4458e-05
28.749 0.00027734 6.7659e-05
28.807 0.00023412 5.8897e-05
28.865 0.00024242 6.0193e-05
28.924 0.00028423 6.7621e-05
28.982 0.00026206 6.2638e-05
29.04 0.00028629 6.645e-05
29.098 0.00031574 7.0981e-05
29.156 0.00030077 6.7084e-05
29.214 0.00026295 5.8649e-05
29.272 0.00025245 5.5173e-05
29.33 0.0002937 6.1588e-05
29.388 0.00029309 5.8491e-05
29.446 0.00030321 6.0857e-05
29.504 0 1
29.562 0 1
29.62 0 1
29.678 0 1
