-29.678 0 1
-29.62 0 1
-29.562 0 1
-29.504 0.00029945 5.7096e-05
-29.446 0.00033665 6.3756e-05
-29.388 0.00030622 5.9372e-05
-29.33 0.00030427 5.9545e-05
-29.272 0.00033188 6.5197e-05
-29.214 0.00033181 6.5786e-05
-29.156 0.00032973 6.5952e-05
-29.098 0.00031182 6.3074e-05
-29.04 0.00033077 6.6908e-05
-28.982 0.00034724 7.0238e-05
-28.924 0.00030408 6.2522e-05
-28.865 0.00036668 7.4357e-05
-28.807 0.00034076 6.9839e-05
-28.749 0.00030085 6.2807e-05
-28.691 0.00034839 7.1946e-05
-28.633 0.00031658 6.631e-05
-28.575 0.0003274 6.8578e-05
-28.517 0.00031202 6.5913e-05
-28.459 0.00030225 6.4378e-05
-28.401 0.00035812 7.4926e-05
-28.343 0.00037422 7.8123e-05
-28.285 0.00037029 7.7651e-05
-28.227 0.00027396 5.9873e-05
-28.169 0.00038897 8.1475e-05
-28.111 0.00034912 7.415e-05
-28.053 0.00033664 7.2026e-05
-27.995 0.00032666 7.0345e-05
-27.937 0.00032769 7.0686e-05
-27.879 0.00026554 5.9227e-05
-27.821 0.00033455 7.2292e-05
-27.763 0.00041066 8.6753e-05
-27.705 0.00028612 6.3658e-05
-27.647 0.00035819 7.7266e-05
-27.589 0.00039712 8.4711e-05
-27.531 0.00026863 6.0912e-05
-27.473 0.00032173 7.0912e-05
-27.415 0.00030667 6.823e-05
-27.357 0.00030037 6.7167e-05
-27.299 0.00031089 6.9342e-05
-27.241 0.00028121 6.3765e-05
-27.183 0.00027532 6.2816e-05
-27.125 0.00031457 7.0341e-05
-27.067 0.0003707 8.1015e-05
-27.009 0.00021288 5.1385e-05
-26.951 0.00034663 7.6751e-05
-26.893 0.00031005 7.0098e-05
-26.835 0.00029285 6.7032e-05
-26.777 0.00036626 8.0908e-05
-26.719 0.00028701 6.614e-05
-26.661 0.00031392 7.14e-05
-26.603 0.00035283 7.8898e-05
-26.545 0.00033795 7.6187e-05
-26.487 0.00032735 7.4228e-05
-26.429 0.00034258 7.723e-05
-26.371 0.00035779 8.0219e-05
-26.313 0.0003656 8.1754e-05
-26.255 0.00029464 6.8388e-05
-26.197 0.00029091 6.7777e-05
-26.138 0.00029917 6.9439e-05
-26.08 0.00026477 6.2992e-05
-26.022 0.00035525 8.0087e-05
-25.964 0.00028005 6.6043e-05
-25.906 0.00037638 8.4385e-05
-25.848 0.00028467 6.7131e-05
-25.79 0.00028641 6.7542e-05
-25.732 0.00034699 7.9168e-05
-25.674 0.00034834 7.9477e-05
-25.616 0.0003054 7.1432e-05
-25.558 0.00028654 6.7866e-05
-25.5 0.00032893 7.6068e-05
-25.442 0.00026669 6.4372e-05
-25.384 0.00027392 6.5787e-05
-25.326 0.000353 8.0799e-05
-25.268 0.0003638 8.3002e-05
-25.21 0.00036015 8.2437e-05
-25.152 0.00037366 8.4987e-05
-25.094 0.00028238 6.782e-05
-25.036 0.00037683 8.5709e-05
-24.978 0.00032678 7.6433e-05
-24.92 0.00036167 8.3061e-05
-24.862 0.000287 6.893e-05
-24.804 0.00027017 6.591e-05
-24.746 0.00029907 7.1483e-05
-24.688 0.00032922 7.7315e-05
-24.63 0.00030097 7.1937e-05
-24.572 0.00031165 7.4146e-05
-24.514 0.00037307 8.5971e-05
-24.456 0.00037312 8.5983e-05
-24.398 0.00030174 7.2469e-05
-24.34 0.00034133 8.0159e-05
-24.282 0.00035562 8.2854e-05
-24.224 0.0003573 8.3246e-05
-24.166 0.00032021 7.6181e-05
-24.108 0.00044174 9.9309e-05
-24.05 0.00034146 8.0523e-05
-23.992 0.00042995 9.7206e-05
-23.934 0.00038012 8.7907e-05
-23.876 0.00035178 8.2613e-05
-23.818 0.00031656 7.603e-05
-23.76 0.00028558 7.0063e-05
-23.702 0.00031766 7.6294e-05
-23.644 0.00024966 6.3246e-05
-23.586 0.00035932 8.4382e-05
-23.528 0.00029025 7.1208e-05
-23.47 0.00036587 8.5575e-05
-23.412 0.00029209 7.166e-05
-23.353 0.00033203 7.9362e-05
-23.295 0.0003243 7.7889e-05
-23.237 0.00036243 8.5113e-05
-23.179 0.00032717 7.8578e-05
-23.121 0.00029885 7.3318e-05
-23.063 0.00033708 8.0568e-05
-23.005 0.00036895 8.6646e-05
-22.947 0.00039528 9.1748e-05
-22.889 0.00039866 9.2532e-05
-22.831 0.00038194 8.9334e-05
-22.773 0.00024631 6.3341e-05
-22.715 0.00029588 7.3018e-05
-22.657 0.00028257 7.0611e-05
-22.599 0.00028326 7.0785e-05
-22.541 0.00029755 7.343e-05
-22.483 0.00026811 6.7921e-05
-22.425 0.000334 8.0622e-05
-22.367 0.00026106 6.662e-05
-22.309 0.00035123 8.395e-05
-22.251 0.00044393 0.00010161
-22.193 0.0002897 7.2393e-05
-22.135 0.00039401 9.2158e-05
-22.077 0.00045264 0.00010327
-22.019 0.00033315 8.0834e-05
-21.961 0.00029204 7.2978e-05
-21.903 0.00035105 8.4313e-05
-21.845 0.00028403 7.1451e-05
-21.787 0.00036873 8.7723e-05
-21.729 0.00024576 6.4255e-05
-21.671 0.00041342 9.6322e-05
-21.613 0.00032008 7.8526e-05
-21.555 0.00034042 8.26e-05
-21.497 0.00026595 6.8393e-05
-21.439 0.00028426 7.2012e-05
-21.381 0.00033222 8.1046e-05
-21.323 0.00036382 8.7381e-05
-21.265 0.00032846 8.0583e-05
-21.207 0.00036444 8.7528e-05
-21.149 0.00024169 6.3758e-05
-21.091 0.00035655 8.6064e-05
-21.033 0.00028045 7.157e-05
-20.975 0.00031604 7.8473e-05
-20.917 0.00027791 7.0921e-05
-20.859 0.00031603 7.847e-05
-20.801 0.00030812 7.6997e-05
-20.743 0.00021024 5.7784e-05
-20.685 0.00035971 8.6826e-05
-20.626 0.0003358 8.2384e-05
-20.568 0.00023141 6.224e-05
-20.51 0.0003372 8.2727e-05
-20.452 0.00022957 6.1744e-05
-20.394 0.00029346 7.4343e-05
-20.336 0.00033946 8.3281e-05
-20.278 0.00029523 7.4791e-05
-20.22 0.00028549 7.2855e-05
-20.162 0.00032454 8.0582e-05
-20.104 0.00018004 5.2141e-05
-20.046 0.00025267 6.6652e-05
-19.988 0.00033317 8.222e-05
-19.93 0.00029794 7.5478e-05
-19.872 0.00023717 6.3788e-05
-19.814 0.00032603 8.0952e-05
-19.756 0.00034522 8.4695e-05
-19.698 0.00034578 8.4831e-05
-19.64 0.00033173 8.2368e-05
-19.582 0.00032131 8.0292e-05
-19.524 0.00028308 7.2797e-05
-19.466 0.00031253 7.8623e-05
-19.408 0.00024988 6.6541e-05
-19.35 0.00017582 5.1711e-05
-19.292 0.00027614 7.1586e-05
-19.234 0.0003139 7.8967e-05
-19.176 0.00030052 7.669e-05
-19.118 0.0003713 9.0091e-05
-19.06 0.00032451 8.1092e-05
-19.002 0.00034432 8.4971e-05
-18.944 0.00029985 7.652e-05
-18.886 0.00029056 7.4721e-05
-18.828 0.00031688 7.9717e-05
-18.77 0.00027285 7.1336e-05
-18.712 0.00029385 7.5567e-05
-18.654 0.00031845 8.0111e-05
-18.596 0.00029916 7.6343e-05
-18.538 0.00031089 7.8757e-05
-18.48 0.0002292 6.2993e-05
-18.422 0.0003225 8.1129e-05
-18.364 0.0003398 8.4372e-05
-18.306 0.000323 8.1256e-05
-18.248 0.00035321 8.7166e-05
-18.19 0.00023913 6.4994e-05
-18.132 0.00028508 7.3906e-05
-18.074 0.00033632 8.4044e-05
-18.016 0.00025244 6.7893e-05
-17.958 0.00026872 7.0887e-05
-17.9 0.000403 9.6791e-05
-17.841 0.00036587 8.9761e-05
-17.783 0.00032944 8.2877e-05
-17.725 0.00027217 7.1798e-05
-17.667 0.00029812 7.6665e-05
-17.609 0.00032024 8.1126e-05
-17.551 0.00031278 7.982e-05
-17.493 0.00024239 6.588e-05
-17.435 0.00024295 6.6033e-05
-17.377 0.00030115 7.7444e-05
-17.319 0.00033329 8.3844e-05
-17.261 0.00026395 7.0288e-05
-17.203 0.00040662 9.7659e-05
-17.145 0.00025501 6.8587e-05
-17.087 0.00035398 8.7892e-05
-17.029 0.00031277 7.9818e-05
-16.971 0.00024479 6.6533e-05
-16.913 0.00028246 7.3849e-05
-16.855 0.00032722 8.2895e-05
-16.797 0.0002658 7.0779e-05
-16.739 0.00029302 7.5963e-05
-16.681 0.00040465 9.7675e-05
-16.623 0.00022724 6.3202e-05
-16.565 0.00029619 7.6786e-05
-16.507 0.00038545 9.4032e-05
-16.449 0.00034608 8.6483e-05
-16.391 0.00044041 0.00010478
-16.333 0.00032719 8.2888e-05
-16.275 0.00016751 5.1e-05
-16.217 0.00032022 8.1717e-05
-16.159 0.00028968 7.5738e-05
-16.101 0.00031926 8.1474e-05
-16.043 0.00033805 8.5041e-05
-15.985 0.00030943 7.9573e-05
-15.927 0.00030098 7.8028e-05
-15.869 0.00035009 8.7485e-05
-15.811 0.00027893 7.358e-05
-15.753 0.00034077 8.5726e-05
-15.695 0.00036433 9.0462e-05
-15.637 0.00043245 0.00010336
-15.579 0.000272 7.243e-05
-15.521 0.00045269 0.00010722
-15.463 0.0004277 0.00010272
-15.405 0.00035417 8.8504e-05
-15.347 0.00037165 9.1717e-05
-15.289 0.00031501 8.1007e-05
-15.231 0.00034659 8.719e-05
-15.173 0.00025435 6.9131e-05
-15.114 0.00025345 6.8888e-05
-15.056 0.00034522 8.6846e-05
-14.998 0.00024473 6.7263e-05
-14.94 0.00027664 7.3667e-05
-14.882 0.00036448 9.0499e-05
-14.824 0.00030703 7.9596e-05
-14.766 0.00039139 9.6023e-05
-14.708 0.00030636 7.9421e-05
-14.65 0.00034555 8.6929e-05
-14.592 0.00036857 9.1516e-05
-14.534 0.00036739 9.1223e-05
-14.476 0.00019563 5.7537e-05
-14.418 0.00036714 9.1159e-05
-14.36 0.00030966 8.0278e-05
-14.302 0.00023693 6.5896e-05
-14.244 0.00027719 7.3812e-05
-14.186 0.00033641 8.5222e-05
-14.128 0.00036099 9.0207e-05
-14.07 0.00031121 8.068e-05
-14.012 0.00024757 6.8043e-05
-13.954 0.00029764 7.7818e-05
-13.896 0.00038412 9.4793e-05
-13.838 0.00028018 7.461e-05
-13.78 0.00035373 8.8986e-05
-13.722 0.00034011 8.6161e-05
-13.664 0.00034261 8.6793e-05
-13.606 0.00034566 8.7567e-05
-13.548 0.00032163 8.271e-05
-13.49 0.00035274 8.8737e-05
-13.432 0.00031259 8.1036e-05
-13.374 0.00025288 6.9503e-05
-13.316 0.00028156 7.4977e-05
-13.258 0.00022813 6.4253e-05
-13.2 0.00037605 9.3372e-05
-13.142 0.00034539 8.7498e-05
-13.084 0.00035482 8.9261e-05
-13.026 0.00032201 8.2809e-05
-12.968 0.00015749 4.9937e-05
-12.91 0.00037667 9.3526e-05
-12.852 0.00028452 7.5764e-05
-12.794 0.00035492 8.9285e-05
-12.736 0.00034534 8.7486e-05
-12.678 0.00034002 8.6772e-05
-12.62 0.00026078 7.088e-05
-12.562 0.00035442 8.916e-05
-12.504 0.00031721 8.2235e-05
-12.446 0.00024167 6.7213e-05
-12.388 0.00038007 9.4371e-05
-12.329 0.00040736 9.9378e-05
-12.271 0.00018994 5.6802e-05
-12.213 0.00044438 0.00010673
-12.155 0.00028612 7.619e-05
-12.097 0.00033529 8.5563e-05
-12.039 0.00019138 5.723e-05
-11.981 0.00025481 7.0035e-05
-11.923 0.00034764 8.8069e-05
-11.865 0.00030646 8.0125e-05
-11.807 0.00033657 8.5891e-05
-11.749 0.00038329 9.5171e-05
-11.691 0.00035003 8.8673e-05
-11.633 0.00031628 8.1994e-05
-11.575 0.00042313 0.00010267
-11.517 0.00021367 6.1882e-05
-11.459 0.00026542 7.2141e-05
-11.401 0.00022278 6.3596e-05
-11.343 0.00038335 9.5186e-05
-11.285 0.0004575 0.00010935
-11.227 0.00031966 8.2869e-05
-11.169 0.00026415 7.1795e-05
-11.111 0.0004046 9.9264e-05
-11.053 0.00035364 8.9589e-05
-10.995 0.00036364 9.148e-05
-10.937 0.00035099 8.8918e-05
-10.879 0.00029926 7.8943e-05
-10.821 0.00021417 6.2027e-05
-10.763 0.00026618 7.2347e-05
-10.705 0.00035159 8.9068e-05
-10.647 0.00034518 8.8089e-05
-10.589 0.00034437 8.788e-05
-10.531 0.00036605 9.2086e-05
-10.473 0.00031046 8.1171e-05
-10.415 0.00020384 5.9952e-05
-10.357 0.00024777 6.891e-05
-10.299 0.00016179 5.13e-05
-10.241 0.00026788 7.2808e-05
-10.183 0.00024582 6.8368e-05
-10.125 0.00024842 6.9091e-05
-10.067 0.00027955 7.5185e-05
-10.009 0.00036334 9.1403e-05
-9.9506 0.00034461 8.7943e-05
-9.8926 0.0002707 7.3577e-05
-9.8346 0.00032433 8.4081e-05
-9.7766 0.00039625 9.7786e-05
-9.7185 0.00025761 7.0802e-05
-9.6605 0.00033626 8.6472e-05
-9.6025 0.00028104 7.5586e-05
-9.5445 0.00032254 8.3617e-05
-9.4864 0.00024974 6.9457e-05
-9.4284 0.00021686 6.2805e-05
-9.3704 0.00023825 6.7105e-05
-9.3124 0.00026877 7.305e-05
-9.2544 0.00027126 7.3727e-05
-9.1963 0.00034819 8.8856e-05
-9.1383 0.00026038 7.1563e-05
-9.0803 0.00043008 0.00010436
-9.0223 0.00031501 8.236e-05
-8.9643 0.00040354 9.9587e-05
-8.9062 0.00034901 8.9065e-05
-8.8482 0.00030305 7.9943e-05
-8.7902 0.00039245 9.7444e-05
-8.7322 0.00021801 6.3138e-05
-8.6742 0.00027154 7.3803e-05
-8.6161 0.00032427 8.4066e-05
-8.5581 0.00026044 7.158e-05
-8.5001 0.00030588 8.0689e-05
-8.4421 0.00030463 8.0361e-05
-8.384 0.00029112 7.7523e-05
-8.326 0.00027447 7.46e-05
-8.268 0.00031859 8.3295e-05
-8.21 0.00031513 8.2391e-05
-8.152 0.0003554 9.0035e-05
-8.0939 0.00032722 8.4829e-05
-8.0359 0.00039404 9.7838e-05
-7.9779 0.00038016 9.4999e-05
-7.9199 0.00036919 9.2876e-05
-7.8619 0.00035028 8.939e-05
-7.8038 0.00036425 9.2275e-05
-7.7458 0.00028685 7.7149e-05
-7.6878 0.00023907 6.7335e-05
-7.6298 0.00036 9.12e-05
-7.5718 0.00037491 9.4314e-05
-7.5137 0.00039695 9.8561e-05
-7.4557 0.00041556 0.00010195
-7.3977 0.0003388 8.7126e-05
-7.3397 0.00037382 9.4041e-05
-7.2816 0.00028677 7.7126e-05
-7.2236 0.00042948 0.00010477
-7.1656 0.00037167 9.35e-05
-7.1076 0.00037707 9.4858e-05
-7.0496 0.00036746 9.3089e-05
-6.9915 0.00034706 8.8567e-05
-6.9335 0.00040812 0.00010072
-6.8755 0.00032487 8.4937e-05
-6.8175 0.00022871 6.5289e-05
-6.7595 0.00032897 8.5284e-05
-6.7014 0.00030995 8.1762e-05
-6.6434 0.00029313 7.8057e-05
-6.5854 0.00024594 6.9269e-05
-6.5274 0.0003016 7.956e-05
-6.4694 0.00039194 9.7941e-05
-6.4113 0.00036995 9.3068e-05
-6.3533 0.00038752 9.6838e-05
-6.2953 0.00032543 8.4366e-05
-6.2373 0.00039969 9.9243e-05
-6.1792 0.00032842 8.5141e-05
-6.1212 0.00036788 9.3196e-05
-6.0632 0.00034942 8.917e-05
-6.0052 0.00036217 9.175e-05
-5.9472 0.00025571 7.112e-05
-5.8891 0.00046007 0.0001105
-5.8311 0.00028279 7.6056e-05
-5.7731 0.00030267 8.0597e-05
-5.7151 0.00024902 6.9257e-05
-5.6571 0.00041022 0.00010123
-5.599 0.0001756 5.4514e-05
-5.541 0.00028455 7.653e-05
-5.483 0.00033158 8.5961e-05
-5.425 0.00038452 9.6087e-05
-5.3669 0.00035312 9.0115e-05
-5.3089 0.00033985 8.7397e-05
-5.2509 0.00026442 7.2674e-05
-5.1929 0.00039892 9.905e-05
-5.1349 0.00030857 8.14e-05
-5.0768 0.00044 0.00010676
-5.0188 0.00041069 0.00010135
-4.9608 0.00032963 8.5456e-05
-4.9028 0.00029675 7.9021e-05
-4.8448 0.00032881 8.5243e-05
-4.7867 0.00033506 8.6861e-05
-4.7287 0.00030997 8.177e-05
-4.6707 0.00040649 0.00010031
-4.6127 0.00032887 8.5257e-05
-4.5547 0.00030091 8.013e-05
-4.4966 0.00029743 7.9203e-05
-4.4386 0.00033993 8.7418e-05
-4.3806 0.00042859 0.00010456
-4.3226 0.00026962 7.4103e-05
-4.2645 0.00033272 8.6254e-05
-4.2065 0.00030405 8.0207e-05
-4.1485 0.00038881 9.716e-05
-4.0905 0.00026656 7.3262e-05
-4.0325 0.00053479 0.00012509
-3.9744 0.00032057 8.3814e-05
-3.9164 0.00029765 7.9261e-05
-3.8584 0.0003444 8.8565e-05
-3.8004 0.00028628 7.6996e-05
-3.7424 0.00025331 7.0452e-05
-3.6843 0.0004078 0.00010064
-3.6263 0.00029031 7.808e-05
-3.5683 0.00047382 0.00011325
-3.5103 0.00045295 0.00010933
-3.4523 0.00035505 9.0607e-05
-3.3942 0.00038552 9.6338e-05
-3.3362 0.00036576 9.2659e-05
-3.2782 0.00039059 9.7604e-05
-3.2202 0.00028318 7.6162e-05
-3.1621 0.00030886 8.1475e-05
-3.1041 0.00029456 7.9223e-05
-3.0461 0.00025924 7.1251e-05
-2.9881 0.00034705 8.9247e-05
-2.9301 0.00035351 9.091e-05
-2.872 0.00022559 6.44e-05
-2.814 0.00035165 9.043e-05
-2.756 0.00035785 9.0654e-05
-2.698 0.00036039 9.197e-05
-2.64 0.00028709 7.7213e-05
-2.5819 0.00031446 8.2952e-05
-2.5239 0.00043369 0.00010523
-2.4659 0.00030636 8.1582e-05
-2.4079 0.00034384 8.8421e-05
-2.3499 0.00034805 8.9505e-05
-2.2918 0.00035953 9.0445e-05
-2.2338 0.00037497 9.6427e-05
-2.1758 0.00031182 8.0837e-05
-2.1178 0.00032956 8.6165e-05
-2.0597 0.00048893 0.00011686
-2.0017 0.00043873 0.00010537
-1.9437 0.00037373 9.6108e-05
-1.8857 0.00049274 0.0001162
-1.8277 0.00038564 9.5168e-05
-1.7696 0.00042753 0.00010755
-1.7116 0.00058471 0.00013299
-1.6536 0.00044485 0.00010738
-1.5956 0.00070054 0.00015706
-1.5376 0.00056326 0.00013123
-1.4795 0.00086171 0.00018466
-1.4215 0.00099812 0.0002117
-1.3635 0.00126 0.00025951
-1.3055 0.0013486 0.00028064
-1.2475 0.0014115 0.0002864
-1.1894 0.0022989 0.00045187
-1.1314 0.0023601 0.00046298
-1.0734 0.0033357 0.00064241
-1.0154 0.0036373 0.0007001
-0.95735 0.0039446 0.00075559
-0.89933 0.0051088 0.00097159
-0.84131 0.0056385 0.0010681
-0.78328 0.0058404 0.0011018
-0.72526 0.0061078 0.001154
-0.66724 0.0061753 0.0011684
-0.60922 0.0068404 0.0012888
-0.5512 0.008143 0.0015277
-0.49318 0.007863 0.0014769
-0.43516 0.0075778 0.0014242
-0.37714 0.0079722 0.0014961
-0.31912 0.0071319 0.0013409
-0.26109 0.0076036 0.0014322
-0.20307 0.0073653 0.0013846
-0.14505 0.0059164 0.0011182
-0.087032 0.0068645 0.0012932
-0.029011 0.0054937 0.0010392
0.029011 0.0061026 0.0011528
0.087032 0.0033812 0.00065126
0.14505 0.0042133 0.00080487
0.20307 0.0038856 0.00074711
0.26109 0.0020716 0.00040832
0.31912 0.0021036 0.00041516
0.37714 0.0018694 0.0003729
0.43516 0.0010372 0.00021882
0.49318 0.00089181 0.00019142
0.5512 0.00073131 0.00016231
0.60922 0.0006456 0.00014777
0.66724 0.00062569 0.00014188
0.72526 0.00045711 0.0001078
0.78328 0.00047611 0.00011492
0.84131 0.00044944 0.00011026
0.89933 0.00035401 8.9681e-05
0.95735 0.00038395 9.7981e-05
1.0154 0.00040752 9.9418e-05
1.0734 0.00031127 8.211e-05
1.1314 0.00041689 0.00010228
1.1894 0.00046208 0.00010944
1.2475 0.00050668 0.00012294
1.3055 0.00053742 0.00012474
1.3635 0.00046454 0.00011157
1.4215 0.00042034 0.00010199
1.4795 0.00041607 0.00010331
1.5376 0.00032612 8.5263e-05
1.5956 0.00030677 8.0925e-05
1.6536 0.00047668 0.0001129
1.7116 0.00038394 9.8733e-05
1.7696 0.000314 8.1403e-05
1.8277 0.00031706 8.2894e-05
1.8857 0.0004023 0.00010121
1.9437 0.00041106 0.00010028
2.0017 0.00028636 7.7831e-05
2.0597 0.00031673 8.3551e-05
2.1178 0.00028877 7.6897e-05
2.1758 0.00035583 9.2246e-05
2.2338 0.00029197 7.7748e-05
2.2918 0.0004216 0.00010404
2.3499 0.00056507 0.00013068
2.4079 0.00039893 9.9689e-05
2.4659 0.00033172 8.5997e-05
2.5239 0.00046341 0.00011186
2.5819 0.00031271 8.2493e-05
2.64 0.00030517 8.1265e-05
2.698 0.00030844 8.1366e-05
2.756 0.00030869 8.2202e-05
2.814 0.00043844 0.00010638
2.872 0.00028423 7.7253e-05
2.9301 0.00026144 7.2711e-05
2.9881 0.00036176 9.1646e-05
3.0461 0.00028466 7.7369e-05
3.1041 0.00028052 7.6245e-05
3.1621 0.00039855 9.896e-05
3.2202 0.00044257 0.00010797
3.2782 0.00029074 7.8196e-05
3.3362 0.00026713 7.3419e-05
3.3942 0.00048514 0.00011596
3.4523 0.00031252 8.2441e-05
3.5103 0.0002901 7.8024e-05
3.5683 0.00023629 6.7454e-05
3.6263 0.00036854 9.3363e-05
3.6843 0.00035893 9.1596e-05
3.7424 0.00034544 8.8834e-05
3.8004 0.0002362 6.7429e-05
3.8584 0.00036675 9.2909e-05
3.9164 0.00036764 9.3134e-05
3.9744 0.00035175 9.0457e-05
4.0325 0.00029234 7.8626e-05
4.0905 0.00030398 8.0948e-05
4.1485 0.00029903 7.963e-05
4.2065 0.00048344 0.00011555
4.2645 0.00030685 8.1711e-05
4.3226 0.00022448 6.5011e-05
4.3806 0.00037691 9.4818e-05
4.4386 0.00038088 9.5817e-05
4.4966 0.00028298 7.6912e-05
4.5547 0.0002801 7.613e-05
4.6127 0.00025605 7.1213e-05
4.6707 0.00023605 6.7386e-05
4.7287 0.00043263 0.00010614
4.7867 0.00032211 8.4215e-05
4.8448 0.00032131 8.4006e-05
4.9028 0.00042573 0.00010445
4.9608 0.00026782 7.361e-05
5.0188 0.00038304 9.636e-05
5.0768 0.00021137 6.2169e-05
5.1349 0.00023623 6.7438e-05
5.1929 0.00027991 7.608e-05
5.2509 0.00021185 6.2309e-05
5.3089 0.00031503 8.3103e-05
5.3669 0.0003939 9.8431e-05
5.425 0.00023608 6.7393e-05
5.483 0.00032597 8.5226e-05
5.541 0.00031285 8.2529e-05
5.599 0.00042873 0.00010518
5.6571 0.00039043 9.7565e-05
5.7151 0.00033012 8.631e-05
5.7731 0.00031294 8.2551e-05
5.8311 0.00024611 6.9319e-05
5.8891 0.00027227 7.4833e-05
5.9472 0.00045854 0.00011068
6.0052 0.00031193 8.2285e-05
6.0632 0.00037332 9.4575e-05
6.1212 0.00032908 8.6038e-05
6.1792 0.00037112 9.4016e-05
6.2373 0.00024531 6.9093e-05
6.2953 0.00032885 8.5979e-05
6.3533 0.00036031 9.195e-05
6.4113 0.00035283 9.0735e-05
6.4694 0.00036596 9.271e-05
6.5274 0.00036381 9.2841e-05
6.5854 0.00023657 6.7533e-05
6.6434 0.00030322 8.0745e-05
6.7014 0.00030343 8.0802e-05
6.7595 0.00029087 7.823e-05
6.8175 0.00025173 7.09e-05
6.8755 0.0002486 7.0019e-05
6.9335 0.00039969 9.9243e-05
6.9915 0.00027188 7.4726e-05
7.0496 0.00032906 8.6033e-05
7.1076 0.00031535 8.3187e-05
7.1656 0.00029305 7.8816e-05
7.2236 0.00034922 8.9805e-05
7.2816 0.00038635 9.7193e-05
7.3397 0.00028151 7.6513e-05
7.3977 0.00044012 0.00010737
7.4557 0.00033964 8.805e-05
7.5137 0.00042943 0.00010536
7.5718 0.00032748 8.562e-05
7.6298 0.00043216 0.00010543
7.6878 0.00037317 9.4537e-05
7.7458 0.00027222 7.4817e-05
7.8038 0.00031659 8.3516e-05
7.8619 0.00032388 8.4679e-05
7.9199 0.00023572 6.7291e-05
7.9779 0.00024929 7.0214e-05
8.0359 0.00032637 8.5329e-05
8.0939 0.00024457 6.8885e-05
8.152 0.00026675 7.3317e-05
8.21 0.00029294 7.8788e-05
8.268 0.0002597 7.2228e-05
8.326 0.00038506 9.6222e-05
8.384 0.00032444 8.4826e-05
8.4421 0.00038307 9.6369e-05
8.5001 0.0002892 7.7781e-05
8.5581 0.00024504 6.9015e-05
8.6161 0.00041427 0.00010223
8.6742 0.0002902 7.8049e-05
8.7322 0.00034985 8.9969e-05
8.7902 0.00040052 9.9448e-05
8.8482 0.00025861 7.1926e-05
8.9062 0.00026741 7.3497e-05
8.9643 0.00030328 8.076e-05
9.0223 0.00028893 7.7708e-05
9.0803 0.00035892 9.1594e-05
9.1383 0.00044824 0.00010876
9.1963 0.00032701 8.5497e-05
9.2544 0.00036582 9.2675e-05
9.3124 0.00024595 6.9272e-05
9.3704 0.00026918 7.3982e-05
9.4284 0.00036618 9.2765e-05
9.4864 0.00032219 8.4237e-05
9.5445 0.00035519 9.0642e-05
9.6025 0.00026745 7.3507e-05
9.6605 0.00040341 0.00010017
9.7185 0.00025375 7.0575e-05
9.7766 0.00030013 7.9923e-05
9.8346 0.00037018 9.3778e-05
9.8926 0.00024466 6.8908e-05
9.9506 0.00019953 5.9668e-05
10.009 0.00044105 0.00010702
10.067 0.00032518 8.5018e-05
10.125 0.00031247 8.2429e-05
10.183 0.00045204 0.00010911
10.241 0.00034366 8.8376e-05
10.299 0.0002555 7.106e-05
10.357 0.00026586 7.3071e-05
10.415 0.00033096 8.58e-05
10.473 0.00026575 7.304e-05
10.531 0.00043499 0.00010612
10.589 0.00036401 9.2216e-05
10.647 0.00027507 7.4762e-05
10.705 0.00024406 6.8739e-05
10.763 0.00033226 8.6136e-05
10.821 0.00025347 7.0497e-05
10.879 0.00028489 7.6623e-05
10.937 0.00028727 7.7262e-05
10.995 0.00041968 0.00010296
11.053 0.00032023 8.3723e-05
11.111 0.00023914 6.7356e-05
11.169 0.0002322 6.6287e-05
11.227 0.00025431 7.073e-05
11.285 0.0003072 8.1037e-05
11.343 0.0002638 7.2504e-05
11.401 0.00045976 0.00011042
11.459 0.00021029 6.1849e-05
11.517 0.00039376 9.7771e-05
11.575 0.00025253 7.0233e-05
11.633 0.00036434 9.2299e-05
11.691 0.00034307 8.8223e-05
11.749 0.00025328 7.0443e-05
11.807 0.00022902 6.5378e-05
11.865 0.0002636 7.2449e-05
11.923 0.0003203 8.3743e-05
11.981 0.00026379 7.2503e-05
12.039 0.00036022 9.1255e-05
12.097 0.00025212 7.0121e-05
12.155 0.00033078 8.5753e-05
12.213 0.00035302 9.0089e-05
12.271 0.00023948 6.745e-05
12.329 0.00029543 7.8671e-05
12.388 0.00038226 9.5524e-05
12.446 0.00041731 0.00010238
12.504 0.0003567 9.0363e-05
12.562 0.00029373 7.8217e-05
12.62 0.00027304 7.4211e-05
12.678 0.00023806 6.705e-05
12.736 0.00033469 8.6068e-05
12.794 0.00034749 8.8678e-05
12.852 0.00030353 8.0069e-05
12.91 0.00044178 0.00010664
12.968 0.00036323 9.1376e-05
13.026 0.00031308 8.1854e-05
13.084 0.0003037 8.0114e-05
13.142 0.00028026 7.5377e-05
13.2 0.00028855 7.6839e-05
13.258 0.00030279 7.9874e-05
13.316 0.00029115 7.753e-05
13.374 0.00043095 0.00010456
13.432 0.00042986 0.0001043
13.49 0.00032293 8.3717e-05
13.548 0.00031349 8.1961e-05
13.606 0.00029057 7.7375e-05
13.664 0.0002906 7.7383e-05
13.722 0.00032175 8.3411e-05
13.78 0.00040061 9.8863e-05
13.838 0.00028969 7.7141e-05
13.896 0.00034206 8.7291e-05
13.954 0.00041783 0.00010193
14.012 0.00037403 9.3468e-05
14.07 0.00022536 6.4333e-05
14.128 0.00022303 6.3668e-05
14.186 0.00031896 8.2687e-05
14.244 0.00036387 9.1538e-05
14.302 0.00020275 5.9634e-05
14.36 0.00029588 7.8052e-05
14.418 0.00024436 6.7962e-05
14.476 0.00028668 7.634e-05
14.534 0.000319 8.2699e-05
14.592 0.00031644 8.2036e-05
14.65 0.00024369 6.7777e-05
14.708 0.00037375 9.3396e-05
14.766 0.00036183 9.1024e-05
14.824 0.00031571 8.1846e-05
14.882 0.00034027 8.6834e-05
14.94 0.0002762 7.4283e-05
14.998 0.00026321 7.154e-05
15.056 0.00028346 7.5482e-05
15.114 0.00031598 8.1916e-05
15.173 0.00029717 7.8391e-05
15.231 0.00024246 6.7434e-05
15.289 0.00030362 7.9382e-05
15.347 0.00027228 7.3229e-05
15.405 0.00037831 9.3934e-05
15.463 0.00036419 9.1008e-05
15.521 0.0003539 8.9028e-05
15.579 0.0004167 0.00010111
15.637 0.00024022 6.681e-05
15.695 0.00030304 7.9231e-05
15.753 0.00027904 7.4306e-05
15.811 0.00030122 7.8753e-05
15.869 0.00021963 6.2698e-05
15.927 0.00034188 8.6609e-05
15.985 0.00035085 8.8261e-05
16.043 0.00037291 9.2592e-05
16.101 0.00031179 8.0829e-05
16.159 0.00033311 8.5008e-05
16.217 0.00032855 8.3843e-05
16.275 0.00029981 7.8385e-05
16.333 0.00021868 6.2427e-05
16.391 0.00024687 6.7852e-05
16.449 0.0002763 7.3576e-05
16.507 0.00037092 9.2098e-05
16.565 0.00021723 6.2014e-05
16.623 0.00026803 7.2088e-05
16.681 0.00029561 7.7287e-05
16.739 0.00023432 6.5169e-05
16.797 0.00026708 7.1832e-05
16.855 0.00032324 8.2488e-05
16.913 0.00030475 7.9004e-05
16.971 0.0002839 7.4892e-05
17.029 0.00028337 7.4752e-05
17.087 0.00026391 7.098e-05
17.145 0.00038864 9.4812e-05
17.203 0.00034283 8.6244e-05
17.261 0.00037458 9.2438e-05
17.319 0.00024124 6.6304e-05
17.377 0.00035985 8.9349e-05
17.435 0.00030031 7.7852e-05
17.493 0.00032243 8.2283e-05
17.551 0.00019084 5.6131e-05
17.609 0.00033711 8.4805e-05
17.667 0.00031069 7.9898e-05
17.725 0.00030899 7.946e-05
17.783 0.00024872 6.7602e-05
17.841 0.00042597 0.00010181
17.9 0.00036601 9.0324e-05
17.958 0.00028889 7.5531e-05
18.016 0.00032613 8.262e-05
18.074 0.00036095 8.9076e-05
18.132 0.00031619 8.069e-05
18.19 0.00030528 7.8506e-05
18.248 0.00034397 8.5955e-05
18.306 0.00036058 8.8984e-05
18.364 0.00023508 6.461e-05
18.422 0.00026519 7.0617e-05
18.48 0.00031064 7.9274e-05
18.538 0.00034049 8.5085e-05
18.596 0.00027307 7.2035e-05
18.654 0.00033998 8.4959e-05
18.712 0.00035163 8.731e-05
18.77 0.00026039 6.934e-05
18.828 0.00031791 8.0538e-05
18.886 0.0003014 7.7507e-05
18.944 0.00031738 8.0403e-05
19.002 0.0002689 7.0934e-05
19.06 0.00027845 7.28e-05
19.118 0.00011615 3.9764e-05
19.176 0.00035344 8.7223e-05
19.234 0.00032347 8.1374e-05
19.292 0.00029643 7.623e-05
19.35 0.00021971 6.1107e-05
19.408 0.00031471 7.9725e-05
19.466 0.00036705 8.9545e-05
19.524 0.00022679 6.2332e-05
19.582 0.00032365 8.1419e-05
19.64 0.00036731 8.9607e-05
19.698 0.0002812 7.29e-05
19.756 0.00030938 7.8376e-05
19.814 0.00030185 7.703e-05
19.872 0.0003737 9.0673e-05
19.93 0.00026084 6.8808e-05
19.988 0.00026149 6.898e-05
20.046 0.00040296 9.6315e-05
20.104 0.00029737 7.5886e-05
20.162 0.00021176 5.8895e-05
20.22 0.0002611 6.8878e-05
20.278 0.00030579 7.7467e-05
20.336 0.0002775 7.1939e-05
20.394 0.00024747 6.5898e-05
20.452 0.00029465 7.5192e-05
20.51 0.00022972 6.2438e-05
20.568 0.00031052 7.8115e-05
20.626 0.00041748 9.8451e-05
20.685 0.00028966 7.3918e-05
20.743 0.0003636 8.8223e-05
20.801 0.00029 7.4006e-05
20.859 0.00026954 6.9876e-05
20.917 0.00041417 9.7672e-05
20.975 0.00033236 8.2019e-05
21.033 0.00031419 7.8513e-05
21.091 0.00023988 6.3879e-05
21.149 0.00030403 7.6484e-05
21.207 0.00025907 6.7734e-05
21.265 0.00031008 7.7486e-05
21.323 0.00027155 6.9833e-05
21.381 0.00032066 7.9619e-05
21.439 0.00029324 7.4288e-05
21.497 0.00033405 8.1954e-05
21.555 0.0003219 7.9438e-05
21.613 0.00023523 6.2639e-05
21.671 0.00028862 7.3116e-05
21.729 0.00029509 7.4234e-05
21.787 0.00024981 6.5312e-05
21.845 0.00024987 6.5328e-05
21.903 0.00026731 6.8741e-05
21.961 0.00029826 7.4532e-05
22.019 0.00029618 7.4012e-05
22.077 0.00018637 5.2492e-05
22.135 0.00028824 7.2511e-05
22.193 0.00031255 7.7132e-05
22.251 0.00027649 7.0045e-05
22.309 0.00031872 7.8194e-05
22.367 0.00026878 6.859e-05
22.425 0.0003281 8.0041e-05
22.483 0.00031538 7.7373e-05
22.541 0.00034212 8.258e-05
22.599 0.00030817 7.6051e-05
22.657 0.00029941 7.4342e-05
22.715 0.0003459 8.3076e-05
22.773 0.00030575 7.5453e-05
22.831 0.0002976 7.3893e-05
22.889 0.00040155 9.3555e-05
22.947 0.00025787 6.5806e-05
23.005 0.00025991 6.6328e-05
23.063 0.0002676 6.7792e-05
23.121 0.00025695 6.5571e-05
23.179 0.00023896 6.1949e-05
23.237 0.00029484 7.2761e-05
23.295 0.00032015 7.7682e-05
23.353 0.00031529 7.6502e-05
23.412 0.00034529 8.2148e-05
23.47 0.00034406 8.1856e-05
23.528 0.00033694 8.0534e-05
23.586 0.00035941 8.4758e-05
23.644 0.00037793 8.8052e-05
23.702 0.00033177 7.9298e-05
23.76 0.0002998 7.3137e-05
23.818 0.00027555 6.8419e-05
23.876 0.00018136 4.9847e-05
23.934 0.00024233 6.184e-05
23.992 0.0002719 6.7513e-05
24.05 0.00034644 8.17e-05
24.108 0.00031127 7.4758e-05
24.166 0.00027494 6.785e-05
24.224 0.00035426 8.286e-05
24.282 0.00024379 6.1761e-05
24.34 0.00035136 8.2182e-05
24.398 0.00031487 7.526e-05
24.456 0.00019727 5.2532e-05
24.514 0.0002468 6.2085e-05
24.572 0.00031043 7.4198e-05
24.63 0.00031612 7.5209e-05
24.688 0.0002222 5.714e-05
24.746 0.00029919 7.1859e-05
24.804 0.00025232 6.265e-05
24.862 0.0003021 7.2208e-05
24.92 0.00030054 7.1833e-05
24.978 0.0002422 6.0524e-05
25.036 0.00027387 6.6452e-05
25.094 0.000382 8.6884e-05
25.152 0.00034786 8.0446e-05
25.21 0.00032977 7.6831e-05
25.268 0.00027409 6.6159e-05
25.326 0.0003072 7.2444e-05
25.384 0.00021342 5.4463e-05
25.442 0.00035798 8.1939e-05
25.5 0.00026076 6.327e-05
25.558 0.00030624 7.1919e-05
25.616 0.00034921 7.9932e-05
25.674 0.00026404 6.3735e-05
25.732 0.00021611 5.4367e-05
25.79 0.00023345 5.7612e-05
25.848 0.00031516 7.3151e-05
25.906 0.00031178 7.2367e-05
25.964 0.00027768 6.5766e-05
26.022 0.00030954 7.1847e-05
26.08 0.00027031 6.431e-05
26.138 0.00026353 6.2988e-05
26.197 0.00026549 6.3163e-05
26.255 0.00034365 7.7925e-05
26.313 0.00021673 5.3814e-05
26.371 0.00022128 5.4607e-05
26.429 0.00029401 6.8241e-05
26.487 0.00031012 7.1221e-05
26.545 0.0003826 8.4713e-05
26.603 0.00025148 5.9829e-05
26.661 0.00027092 6.3368e-05
26.719 0.00031772 7.2045e-05
26.777 0.00028401 6.5682e-05
26.835 0.00031185 7.0713e-05
26.893 0.00028068 6.4682e-05
26.951 0.00033222 7.4288e-05
27.009 0.00028649 6.5576e-05
27.067 0.00031582 7.1e-05
27.125 0.00024212 5.686e-05
27.183 0.0003291 7.3042e-05
27.241 0.00036201 7.9117e-05
27.299 0.00022681 5.3488e-05
27.357 0.00033363 7.3535e-05
27.415 0.00023241 5.4359e-05
27.473 0.00026993 6.1394e-05
27.531 0.0002981 6.6488e-05
27.589 0.00025277 5.7856e-05
27.647 0.00028998 6.4676e-05
27.705 0.00024539 5.6169e-05
27.763 0.00028269 6.2893e-05
27.821 0.00033317 7.2122e-05
27.879 0.00032685 7.0754e-05
27.937 0.00026873 5.9787e-05
27.995 0.00034386 7.3572e-05
28.053 0.00030809 6.6694e-05
28.111 0.0003336 7.1377e-05
28.169 0.0003092 6.6586e-05
28.227 0.00030885 6.64e-05
28.285 0.00027386 5.9616e-05
28.343 0.00029742 6.3838e-05
28.401 0.0003343 7.053e-05
28.459 0.00036872 7.6655e-05
28.517 0.00026074 5.6343e-05
28.575 0.00025271 5.4608e-05
28.633 0.00027269 5.7998e-05
28.691 0.00030947 6.4469e-05
28.749 0.00024643 5.2413e-05
28.807 0.00033554 6.8716e-05
28.865 0.00032689 6.6943e-05
28.924 0.00030307 6.2264e-05
28.982 0.00028256 5.8148e-05
29.04 0.00031219 6.3266e-05
29.098 0.00032336 6.4869e-05
29.156 0.00029017 5.824e-05
29.214 0.00029147 5.7899e-05
29.272 0.00028414 5.5899e-05
29.33 0.00030734 5.9644e-05
29.388 0.00033141 6.2825e-05
29.446 0.00030343 5.7874e-05
29.504 0 1
29.562 0 1
29.62 0 1
29.678 0 1
