-29.678 0 1
-29.62 0 1
-29.562 0 1
-29.504 0.00034027 6.5416e-05
-29.446 0.00026663 5.1595e-05
-29.388 0.0002885 5.7287e-05
-29.33 0.00027067 5.475e-05
-29.272 0.0002851 5.8208e-05
-29.214 0.00028158 5.8365e-05
-29.156 0.00031829 6.5912e-05
-29.098 0.00037295 7.662e-05
-29.04 0.00028066 5.9958e-05
-28.982 0.00022826 5.054e-05
-28.924 0.00028171 6.0874e-05
-28.865 0.00027083 5.9188e-05
-28.807 0.00032903 7.0398e-05
-28.749 0.00026829 5.9545e-05
-28.691 0.00031216 6.8221e-05
-28.633 0.00024657 5.6256e-05
-28.575 0.00021644 5.083e-05
-28.517 0.00019907 4.7812e-05
-28.459 0.00032861 7.2592e-05
-28.401 0.00029483 6.6467e-05
-28.343 0.00026141 6.0453e-05
-28.285 0.00028076 6.4478e-05
-28.227 0.00027011 6.2695e-05
-28.169 0.0002647 6.1912e-05
-28.111 0.00036043 7.9994e-05
-28.053 0.00030536 6.9896e-05
-27.995 0.00033032 7.4901e-05
-27.937 0.00020524 5.1287e-05
-27.879 0.00023946 5.8102e-05
-27.821 0.00023686 5.7784e-05
-27.763 0.00022414 5.5653e-05
-27.705 0.00024023 5.8938e-05
-27.647 0.00032746 7.5729e-05
-27.589 0.00029343 6.9499e-05
-27.531 0.00023908 5.9363e-05
-27.473 0.00031552 7.4096e-05
-27.415 0.00035347 8.1456e-05
-27.357 0.00025398 6.2677e-05
-27.299 0.00029219 7.0176e-05
-27.241 0.00030803 7.3282e-05
-27.183 0.00025486 6.3281e-05
-27.125 0.000287 6.9636e-05
-27.067 0.0002772 6.8008e-05
-27.009 0.00021328 5.5761e-05
-26.951 0.00037258 8.6479e-05
-26.893 0.00024281 6.1964e-05
-26.835 0.00027635 6.8616e-05
-26.777 0.00037316 8.728e-05
-26.719 0.00031386 7.6155e-05
-26.661 0.00031636 7.6761e-05
-26.603 0.00032926 7.9477e-05
-26.545 0.00029075 7.2192e-05
-26.487 0.0003009 7.4257e-05
-26.429 0.00026315 6.7155e-05
-26.371 0.00029715 7.3782e-05
-26.313 0.00028343 7.1302e-05
-26.255 0.00036639 8.7168e-05
-26.197 0.00031115 7.6785e-05
-26.138 0.00034568 8.3441e-05
-26.08 0.00031606 7.7998e-05
-26.022 0.00026374 6.7825e-05
-25.964 0.00025857 6.7032e-05
-25.906 0.00028963 7.3371e-05
-25.848 0.0002449 6.4604e-05
-25.79 0.000256 6.693e-05
-25.732 0.00028592 7.2964e-05
-25.674 0.00021573 5.9291e-05
-25.616 0.00027945 7.1865e-05
-25.558 0.00020749 5.7707e-05
-25.5 0.00026561 6.9444e-05
-25.442 0.00023058 6.2672e-05
-25.384 0.00024089 6.4788e-05
-25.326 0.00019515 5.5709e-05
-25.268 0.00032817 8.2007e-05
-25.21 0.00030292 7.7303e-05
-25.152 0.00038709 9.3437e-05
-25.094 0.00032264 8.1165e-05
-25.036 0.00025774 6.8634e-05
-24.978 0.00036525 8.9608e-05
-24.92 0.00020236 5.7768e-05
-24.862 0.00039592 9.5568e-05
-24.804 0.00023436 6.4412e-05
-24.746 0.00022631 6.2941e-05
-24.688 0.00030807 7.9223e-05
-24.63 0.00034678 8.6658e-05
-24.572 0.00024982 6.79e-05
-24.514 0.000353 8.821e-05
-24.456 0.00022299 6.2806e-05
-24.398 0.00028325 7.472e-05
-24.34 0.00023585 6.5594e-05
-24.282 0.00023608 6.5658e-05
-24.224 0.00030836 7.994e-05
-24.166 0.00022765 6.4118e-05
-24.108 0.00030394 7.9466e-05
-24.05 0.00030384 7.944e-05
-23.992 0.00019976 5.8753e-05
-23.934 0.00029364 7.7461e-05
-23.876 0.00026566 7.2205e-05
-23.818 0.00021301 6.1691e-05
-23.76 0.00019242 5.7543e-05
-23.702 0.00028886 7.6922e-05
-23.644 0.00025763 7.0808e-05
-23.586 0.00019478 5.8248e-05
-23.528 0.00020511 6.0326e-05
-23.47 0.00024836 6.9074e-05
-23.412 0.00015133 4.9107e-05
-23.353 0.0002526 7.0254e-05
-23.295 0.00029738 7.9189e-05
-23.237 0.00028413 7.6417e-05
-23.179 0.0002321 6.6256e-05
-23.121 0.00025683 7.1431e-05
-23.063 0.00033255 8.6212e-05
-23.005 0.00019936 5.9619e-05
-22.947 0.00022277 6.4516e-05
-22.889 0.00020282 6.0653e-05
-22.831 0.00026957 7.4091e-05
-22.773 0.00025919 7.2086e-05
-22.715 0.00033879 8.7829e-05
-22.657 0.00014806 4.9282e-05
-22.599 0.0003087 8.2203e-05
-22.541 0.00029604 7.962e-05
-22.483 0.00019579 5.9612e-05
-22.425 0.00014991 4.9901e-05
-22.367 0.00020868 6.2405e-05
-22.309 0.00032286 8.5169e-05
-22.251 0.00038544 9.7644e-05
-22.193 0.00032735 8.6353e-05
-22.135 0.00021116 6.3148e-05
-22.077 0.0001404 4.8068e-05
-22.019 0.00018849 5.8515e-05
-21.961 0.00024909 7.1107e-05
-21.903 0.00028484 7.8288e-05
-21.845 0.00027435 7.6304e-05
-21.787 0.00037001 9.5153e-05
-21.729 0.00022868 6.7258e-05
-21.671 0.00020363 6.1999e-05
-21.613 0.00030107 8.1831e-05
-21.555 0.00022856 6.7222e-05
-21.497 0.00020716 6.3071e-05
-21.439 0.00036319 9.4154e-05
-21.381 0.00021815 6.5237e-05
-21.323 0.00010944 4.1671e-05
-21.265 0.00026956 7.5923e-05
-21.207 0.0003177 8.5445e-05
-21.149 0.00013379 4.7261e-05
-21.091 0.00029562 8.125e-05
-21.033 0.00018431 5.8442e-05
-20.975 0.00023523 6.9185e-05
-20.917 0.00030863 8.3885e-05
-20.859 0.00018496 5.8647e-05
-20.801 0.00033611 8.9503e-05
-20.743 0.00022295 6.6672e-05
-20.685 0.00031064 8.4432e-05
-20.626 0.00031138 8.4634e-05
-20.568 0.00013766 4.8627e-05
-20.51 0.0003519 9.283e-05
-20.452 0.00025106 7.2711e-05
-20.394 0.00032616 8.7723e-05
-20.336 0.00022836 6.829e-05
-20.278 0.00025341 7.3389e-05
-20.22 0.00035286 9.3084e-05
-20.162 0.00024228 7.1259e-05
-20.104 0.00024246 7.1313e-05
-20.046 0.00030973 8.5129e-05
-19.988 0.00021716 6.6116e-05
-19.93 0.00019264 6.1082e-05
-19.872 0.00025873 7.4931e-05
-19.814 0.00020643 6.4083e-05
-19.756 0.00024391 7.174e-05
-19.698 0.00021921 6.6743e-05
-19.64 0.00018253 5.9231e-05
-19.582 0.00028554 8.0422e-05
-19.524 0.0002723 7.7734e-05
-19.466 0.00033885 9.1134e-05
-19.408 0.00034029 9.1521e-05
-19.35 0.00021022 6.5261e-05
-19.292 0.00018278 5.9313e-05
-19.234 0.00024905 7.3249e-05
-19.176 0.00025191 7.4091e-05
-19.118 0.00030375 8.448e-05
-19.06 0.00023718 7.0928e-05
-19.002 0.00026378 7.6394e-05
-18.944 0.00027897 7.9636e-05
-18.886 0.00025273 7.4333e-05
-18.828 0.00031708 8.7149e-05
-18.77 0.000293 8.2524e-05
-18.712 0.00031934 8.7769e-05
-18.654 0.00033176 9.0172e-05
-18.596 0.00033208 9.0257e-05
-18.538 0.00032012 8.7983e-05
-18.48 0.00026974 7.8119e-05
-18.422 0.00037639 9.929e-05
-18.364 0.00030637 8.5209e-05
-18.306 0.00029602 8.3375e-05
-18.248 0.00017582 5.8523e-05
-18.19 0.00029646 8.35e-05
-18.132 0.00016157 5.5314e-05
-18.074 0.0002166 6.724e-05
-18.016 0.00027496 7.9632e-05
-17.958 0.00038213 0.0001008
-17.9 0.00024406 7.2985e-05
-17.841 0.00027282 7.9011e-05
-17.783 0.00021873 6.7904e-05
-17.725 0.00026166 7.696e-05
-17.667 0.00020397 6.4675e-05
-17.609 0.0003418 9.2899e-05
-17.551 0.00030447 8.5756e-05
-17.493 0.00027501 7.9646e-05
-17.435 0.0001231 4.6874e-05
-17.377 0.00026165 7.6955e-05
-17.319 0.00019539 6.3405e-05
-17.261 0.00024846 7.4303e-05
-17.203 0.00022025 6.8376e-05
-17.145 0.00030614 8.6224e-05
-17.087 0.0003055 8.6045e-05
-17.029 0.0002078 6.5888e-05
-16.971 0.00020731 6.5735e-05
-16.913 0.00029328 8.3723e-05
-16.855 0.00033912 9.3207e-05
-16.797 0.00026485 7.7897e-05
-16.739 0.0003194 8.8832e-05
-16.681 0.00023803 7.2472e-05
-16.623 0.000279 8.0802e-05
-16.565 0.00013986 5.1172e-05
-16.507 0.00026542 7.8064e-05
-16.449 0.0002102 6.6649e-05
-16.391 0.00031094 8.7577e-05
-16.333 0.00029491 8.4188e-05
-16.275 0.0002944 8.4044e-05
-16.217 0.00028139 8.1493e-05
-16.159 0.00021439 6.798e-05
-16.101 0.00035155 9.5551e-05
-16.043 0.00015553 5.494e-05
-15.985 0.00014053 5.1418e-05
-15.927 0.00026994 7.9394e-05
-15.869 0.00024063 7.3262e-05
-15.811 0.0002112 6.6967e-05
-15.753 0.00034154 9.3872e-05
-15.695 0.00032866 9.1408e-05
-15.637 0.00022829 7.087e-05
-15.579 0.00029893 8.5334e-05
-15.521 0.00035799 9.73e-05
-15.463 0.00021531 6.8271e-05
-15.405 0.00032992 9.1759e-05
-15.347 0.00019988 6.4863e-05
-15.289 0.00023097 7.1702e-05
-15.231 0.00034567 9.5006e-05
-15.173 0.00024422 7.4356e-05
-15.114 0.00038787 0.00010329
-15.056 0.00017193 5.8861e-05
-14.998 0.0003316 9.2224e-05
-14.94 0.00021714 6.8851e-05
-14.882 0.00034402 9.4554e-05
-14.824 0.00028978 8.3922e-05
-14.766 0.00015972 5.6421e-05
-14.708 0.00030348 8.6635e-05
-14.65 0.00024508 7.4618e-05
-14.592 0.00015897 5.6156e-05
-14.534 0.00030432 8.6875e-05
-14.476 0.00023174 7.1942e-05
-14.418 0.00020268 6.5769e-05
-14.36 0.00021885 6.9393e-05
-14.302 0.00029135 8.4377e-05
-14.244 0.00026065 7.7946e-05
-14.186 0.00037768 0.00010158
-14.128 0.00046675 0.00011911
-14.07 0.00030837 8.8031e-05
-14.012 0.00036564 9.9381e-05
-13.954 0.00030539 8.7179e-05
-13.896 0.00035252 9.6887e-05
-13.838 0.00024983 7.6064e-05
-13.78 0.00035373 9.7222e-05
-13.722 0.00024735 7.5309e-05
-13.664 0.00027987 8.2315e-05
-13.606 0.00025042 7.6242e-05
-13.548 0.00020564 6.673e-05
-13.49 0.00021966 6.9651e-05
-13.432 0.00019326 6.4329e-05
-13.374 0.00025173 7.6641e-05
-13.316 0.00022168 7.0289e-05
-13.258 0.00032295 9.0959e-05
-13.2 0.00010378 4.3629e-05
-13.142 0.00020799 6.7493e-05
-13.084 0.00023631 7.3359e-05
-13.026 0.00032374 9.1183e-05
-12.968 0.00019213 6.3954e-05
-12.91 0.00016398 5.7925e-05
-12.852 0.00022115 7.0122e-05
-12.794 0.00014766 5.4029e-05
-12.736 0.00013395 5.1002e-05
-12.678 0.00014924 5.4607e-05
-12.62 0.00022413 7.1067e-05
-12.562 0.00022247 7.0542e-05
-12.504 0.00041602 0.00010974
-12.446 0.00031798 9.0772e-05
-12.388 0.00032849 9.2519e-05
-12.329 0.00035745 9.8245e-05
-12.271 0.00026738 7.9958e-05
-12.213 0.00042181 0.00011127
-12.155 0.00022431 7.1125e-05
-12.097 0.00019453 6.4752e-05
-12.039 0.00031344 8.9477e-05
-11.981 0.00021157 6.8655e-05
-11.923 0.00018164 6.2186e-05
-11.865 0.00022208 7.0417e-05
-11.807 0.00028623 8.4184e-05
-11.749 0.00015109 5.5283e-05
-11.691 0.00023962 7.4388e-05
-11.633 0.00022494 7.1325e-05
-11.575 0.00025504 7.7651e-05
-11.517 0.00030153 8.7326e-05
-11.459 0.00033072 9.3148e-05
-11.401 0.0002098 6.8081e-05
-11.343 0.00025713 7.8287e-05
-11.285 0.00030212 8.7496e-05
-11.227 0.0001813 6.2068e-05
-11.169 0.00042074 0.00011099
-11.111 0.00034779 9.6728e-05
-11.053 0.0002265 7.1819e-05
-10.995 0.00021171 6.8699e-05
-10.937 0.0002098 6.808e-05
-10.879 0.00022734 7.2085e-05
-10.821 0.0001979 6.5872e-05
-10.763 0.00019747 6.5731e-05
-10.705 0.00027018 8.0796e-05
-10.647 0.00016669 5.8883e-05
-10.589 0.00022865 7.2499e-05
-10.531 0.00029008 8.5317e-05
-10.473 0.0001947 6.4808e-05
-10.415 0.00022951 7.2772e-05
-10.357 0.0002446 7.5933e-05
-10.299 0.00022713 7.2019e-05
-10.241 0.0002133 6.9217e-05
-10.183 0.00025676 7.8174e-05
-10.125 0.00026014 7.9201e-05
-10.067 0.00024548 7.6208e-05
-10.009 0.00028715 8.4457e-05
-9.9506 0.00012165 4.8488e-05
-9.8926 0.00030504 8.8344e-05
-9.8346 0.0001847 6.3233e-05
-9.7766 0.0002437 7.5655e-05
-9.7185 0.00031688 9.046e-05
-9.6605 0.00023218 7.3621e-05
-9.6025 0.00019873 6.615e-05
-9.5445 0.000351 9.762e-05
-9.4864 0.00032204 9.1933e-05
-9.4284 0.00029236 8.599e-05
-9.3704 0.0001543 5.6456e-05
-9.3124 0.00018253 6.249e-05
-9.2544 0.0003486 9.6954e-05
-9.1963 0.00029574 8.6981e-05
-9.1383 0.00019871 6.6143e-05
-9.0803 0.00024473 7.5974e-05
-9.0223 0.00021628 7.0185e-05
-8.9643 0.00031232 9.0452e-05
-8.9062 0.00030434 8.814e-05
-8.8482 0.00023177 7.349e-05
-8.7902 0.00016685 5.8939e-05
-8.7322 0.00028027 8.3813e-05
-8.6742 0.00018467 6.3221e-05
-8.6161 0.00031891 9.1039e-05
-8.5581 0.00031097 9.0059e-05
-8.5001 0.00026109 7.9491e-05
-8.4421 0.0002131 6.9152e-05
-8.384 0.0002623 7.9859e-05
-8.326 0.00016805 5.9364e-05
-8.268 0.00027697 8.2826e-05
-8.21 0.00020064 6.6787e-05
-8.152 0.00021489 6.9732e-05
-8.0939 0.00024375 7.5671e-05
-8.0359 0.00026443 8.0508e-05
-7.9779 0.00026229 7.9859e-05
-7.9199 0.00026129 7.9554e-05
-7.8619 0.00034126 9.6118e-05
-7.8038 0.0003428 9.6551e-05
-7.7458 0.0003858 0.00010486
-7.6878 0.00018667 6.3909e-05
-7.6298 0.00029558 8.6934e-05
-7.5718 0.0002682 8.1656e-05
-7.5137 0.00024732 7.6779e-05
-7.4557 0.00026319 8.0132e-05
-7.3977 0.00029755 8.7515e-05
-7.3397 0.00028172 8.4249e-05
-7.2816 0.00025052 7.7772e-05
-7.2236 0.00026042 7.9289e-05
-7.1656 0.00034619 9.7506e-05
-7.1076 0.00030089 8.8496e-05
-7.0496 0.00026311 8.0107e-05
-6.9915 0.00012414 4.9479e-05
-6.9335 0.00025153 7.8086e-05
-6.8755 0.00022983 7.2873e-05
-6.8175 0.00031215 9.0402e-05
-6.7595 0.00027951 8.3586e-05
-6.7014 0.00027835 8.3241e-05
-6.6434 0.0002883 8.6216e-05
-6.5854 0.00024444 7.5884e-05
-6.5274 0.00039048 0.00010613
-6.4694 0.00033321 9.3848e-05
-6.4113 0.00028823 8.6195e-05
-6.3533 0.00034118 9.6094e-05
-6.2953 0.00017229 6.0861e-05
-6.2373 0.00030401 8.8044e-05
-6.1792 0.00032017 9.2726e-05
-6.1212 0.00025954 7.902e-05
-6.0632 0.00035731 9.9376e-05
-6.0052 0.00036321 0.00010102
-5.9472 0.00017193 6.0732e-05
-5.8891 0.00026692 8.1268e-05
-5.8311 0.00031385 9.0894e-05
-5.7731 0.0003967 0.00010669
-5.7151 0.00027496 8.3714e-05
-5.6571 0.00024285 7.539e-05
-5.599 0.00029397 8.6461e-05
-5.541 0.00022339 7.2491e-05
-5.483 0.00023525 7.4594e-05
-5.425 0.00029366 8.637e-05
-5.3669 0.00018559 6.3538e-05
-5.3089 0.0002702 8.2266e-05
-5.2509 0.00026944 8.2034e-05
-5.1929 0.00035091 9.7596e-05
-5.1349 0.00024935 7.7409e-05
-5.0768 0.00021605 7.011e-05
-5.0188 0.00043098 0.00011477
-4.9608 0.0003122 9.0417e-05
-4.9028 0.00032372 9.2414e-05
-4.8448 0.00033274 9.4986e-05
-4.7867 0.00012315 4.9087e-05
-4.7287 0.00030945 8.962e-05
-4.6707 0.00030127 8.8609e-05
-4.6127 0.00018517 6.3395e-05
-4.5547 0.00023256 7.3741e-05
-4.4966 0.00023704 7.516e-05
-4.4386 0.00034741 9.785e-05
-4.3806 0.00035318 9.8227e-05
-4.3226 0.00034135 9.6143e-05
-4.2645 0.00025228 7.8319e-05
-4.2065 0.00037536 0.00010317
-4.1485 0.00025315 7.8588e-05
-4.0905 0.00029626 8.7135e-05
-4.0325 0.0002336 7.407e-05
-3.9744 0.00023411 7.4232e-05
-3.9164 0.00021971 7.1296e-05
-3.8584 0.00030322 8.9183e-05
-3.8004 0.00023315 7.3929e-05
-3.7424 0.00035611 9.9041e-05
-3.6843 0.00026537 8.0794e-05
-3.6263 0.00036635 0.00010189
-3.5683 0.00038216 0.00010504
-3.5103 0.00032315 9.2249e-05
-3.4523 0.00035362 9.8351e-05
-3.3942 0.00021008 6.9928e-05
-3.3362 0.00033657 9.608e-05
-3.2782 0.00041971 0.00011072
-3.2202 0.00025576 7.9397e-05
-3.1621 0.00034104 9.7355e-05
-3.1041 0.00038979 0.00010484
-3.0461 0.00025693 7.9762e-05
-2.9881 0.00046381 0.00012126
-2.9301 0.0002987 8.6507e-05
-2.872 0.00039886 0.00010962
-2.814 0.00037234 0.0001012
-2.756 0.00033426 9.6806e-05
-2.698 0.0003684 0.00010125
-2.64 0.00042285 0.0001126
-2.5819 0.00031669 9.1718e-05
-2.5239 0.00034843 9.8137e-05
-2.4659 0.00040512 0.00011011
-2.4079 0.00043147 0.00011382
-2.3499 0.0003351 9.4381e-05
-2.2918 0.00038929 0.00010965
-2.2338 0.000379 0.00010093
-2.1758 0.00039515 0.0001099
-2.1178 0.00025558 7.7816e-05
-2.0597 0.00037021 0.00010175
-2.0017 0.00041617 0.00011438
-1.9437 0.00045551 0.00011624
-1.8857 0.00055778 0.00014032
-1.8277 0.00051169 0.00013265
-1.7696 0.00056858 0.0001359
-1.7116 0.00059446 0.0001517
-1.6536 0.00070213 0.0001663
-1.5956 0.0006964 0.00016494
-1.5376 0.00078825 0.00017928
-1.4795 0.00089049 0.00020747
-1.4215 0.0012439 0.00026787
-1.3635 0.0015714 0.00032953
-1.3055 0.0016599 0.00034047
-1.2475 0.0020927 0.00042993
-1.1894 0.0029196 0.0005762
-1.1314 0.0034352 0.00068057
-1.0734 0.0046719 0.00090118
-1.0154 0.0054446 0.0010407
-0.95735 0.0059995 0.0011453
-0.89933 0.00738 0.0013997
-0.84131 0.0078379 0.0014816
-0.78328 0.0091195 0.0017196
-0.72526 0.010642 0.0019993
-0.66724 0.011157 0.0020957
-0.60922 0.011147 0.0021001
-0.5512 0.011711 0.0022022
-0.49318 0.012697 0.0023747
-0.43516 0.012718 0.0023768
-0.37714 0.012452 0.0023328
-0.31912 0.012275 0.0023052
-0.26109 0.012872 0.0024247
-0.20307 0.011255 0.0021068
-0.14505 0.012137 0.0022738
-0.087032 0.0096795 0.0018304
-0.029011 0.010282 0.0019323
0.029011 0.0086828 0.0016471
0.087032 0.0082107 0.0015505
0.14505 0.005881 0.0011176
0.20307 0.0058537 0.0011329
0.26109 0.0053037 0.0010213
0.31912 0.003878 0.00075377
0.37714 0.0031348 0.00061212
0.43516 0.0021766 0.00043732
0.49318 0.0015079 0.00032118
0.5512 0.0011063 0.00024805
0.60922 0.0011326 0.00024753
0.66724 0.00094795 0.00021143
0.72526 0.00072517 0.0001703
0.78328 0.00078401 0.00018005
0.84131 0.00062881 0.00015178
0.89933 0.00065312 0.00015686
0.95735 0.00037307 0.00010034
1.0154 0.00052362 0.00013265
1.0734 0.00043425 0.00011935
1.1314 0.00052569 0.00013136
1.1894 0.00045102 0.0001213
1.2475 0.00047326 0.00011826
1.3055 0.00032015 9.2719e-05
1.3635 0.000421 0.00011211
1.4215 0.00042372 0.00011785
1.4795 0.00027794 8.0493e-05
1.5376 0.00034349 9.6744e-05
1.5956 0.00043937 0.0001159
1.6536 0.00038951 0.00011119
1.7116 0.00036944 9.7457e-05
1.7696 0.00012263 5.1552e-05
1.8277 0.00024731 7.8417e-05
1.8857 0.00033592 9.2326e-05
1.9437 0.00053608 0.00013897
2.0017 0.00030639 8.8734e-05
2.0597 0.00030361 8.7927e-05
2.1178 0.00040374 0.00011229
2.1758 0.00029197 8.3349e-05
2.2338 0.00043094 0.00011844
2.2918 0.00031738 9.0602e-05
2.3499 0.00025313 7.8583e-05
2.4079 0.0004616 0.00012069
2.4659 0.00017783 6.282e-05
2.5239 0.00036016 0.00010017
2.5819 0.00024086 7.6373e-05
2.64 0.00039635 0.0001066
2.698 0.00032404 9.5307e-05
2.756 0.00031549 9.0062e-05
2.814 0.00033675 9.7525e-05
2.872 0.00031647 9.0342e-05
2.9301 0.00025639 7.9595e-05
2.9881 0.00014698 5.5967e-05
3.0461 0.00025711 7.828e-05
3.1041 0.00021429 7.1328e-05
3.1621 0.00030783 9.0537e-05
3.2202 0.00027254 8.1502e-05
3.2782 0.00032213 9.3291e-05
3.3362 0.00025953 8.0568e-05
3.3942 0.00024957 7.7477e-05
3.4523 0.00026199 7.9767e-05
3.5103 0.00025805 8.011e-05
3.5683 0.00030514 8.9746e-05
3.6263 0.00025221 7.8295e-05
3.6843 0.00031246 9.0491e-05
3.7424 0.00014164 5.3933e-05
3.8004 0.00024179 7.6668e-05
3.8584 0.00035188 9.9109e-05
3.9164 0.00020549 6.8398e-05
3.9744 0.00020468 6.8131e-05
4.0325 0.00022169 7.1939e-05
4.0905 0.00030302 8.9122e-05
4.1485 0.0003335 9.5205e-05
4.2065 0.00016011 5.8581e-05
4.2645 0.00030027 8.8315e-05
4.3226 0.00012567 5.0091e-05
4.3806 0.00033497 9.5623e-05
4.4386 0.0002244 7.2818e-05
4.4966 0.00027073 8.2427e-05
4.5547 0.00010985 4.6182e-05
4.6127 0.00012818 5.109e-05
4.6707 0.00028516 8.5277e-05
4.7287 0.00032502 9.2784e-05
4.7867 0.00025551 7.9319e-05
4.8448 0.00036188 0.00010065
4.9028 0.00020546 6.8389e-05
4.9608 0.00016213 5.9321e-05
5.0188 0.00028399 8.4926e-05
5.0768 0.00030193 8.8803e-05
5.1349 0.000247 7.668e-05
5.1929 0.00027574 8.3954e-05
5.2509 0.00020876 6.9488e-05
5.3089 0.0002359 7.4799e-05
5.3669 0.00020356 6.7757e-05
5.425 0.00028921 8.6488e-05
5.483 0.00021139 7.0365e-05
5.541 0.00031665 9.1705e-05
5.599 0.00021688 7.0379e-05
5.6571 0.00024975 7.919e-05
5.7151 0.00017183 6.0697e-05
5.7731 0.00038418 0.00010559
5.8311 0.0001616 5.9129e-05
5.8891 0.00029908 8.7966e-05
5.9472 0.00019443 6.6565e-05
6.0052 0.00024008 7.6126e-05
6.0632 0.00021753 7.0591e-05
6.1212 0.00019678 6.7368e-05
6.1792 0.00015678 5.7366e-05
6.2373 0.0003053 8.9795e-05
6.2953 0.00023818 7.5521e-05
6.3533 0.00032867 9.5185e-05
6.4113 0.00018776 6.4281e-05
6.4694 0.00024166 7.6625e-05
6.5274 0.00021742 7.0554e-05
6.5854 0.00019608 6.713e-05
6.6434 0.00022406 7.2707e-05
6.7014 0.00019117 6.5449e-05
6.7595 0.00024216 7.6785e-05
6.8175 0.00023541 7.4644e-05
6.8755 0.00027466 8.3623e-05
6.9335 0.00033313 9.51e-05
6.9915 0.00028378 8.4863e-05
7.0496 0.00012974 5.1712e-05
7.1076 0.00016141 5.9059e-05
7.1656 0.00028398 8.4923e-05
7.2236 0.00020808 6.9262e-05
7.2816 0.00033855 9.6645e-05
7.3397 0.00030666 9.0194e-05
7.3977 0.00020464 6.8116e-05
7.4557 0.00022262 7.2239e-05
7.5137 0.00029131 8.7117e-05
7.5718 0.00019154 6.5576e-05
7.6298 0.00025417 7.8905e-05
7.6878 0.00026916 8.1949e-05
7.7458 0.0002554 7.9287e-05
7.8038 0.00025379 7.8786e-05
7.8619 0.00029981 8.8179e-05
7.9199 0.0002532 7.8604e-05
7.9779 0.00015935 5.8304e-05
8.0359 0.00031482 9.1176e-05
8.0939 0.00018834 6.448e-05
8.152 0.00022124 7.1795e-05
8.21 0.00015832 5.7929e-05
8.268 0.00024998 7.7604e-05
8.326 0.00026954 8.2066e-05
8.384 0.00034467 9.7077e-05
8.4421 0.0001891 6.474e-05
8.5001 0.00025562 7.9354e-05
8.5581 0.00029688 8.7319e-05
8.6161 0.00028775 8.6052e-05
8.6742 0.00022366 7.258e-05
8.7322 0.00023628 7.4918e-05
8.7902 0.00031673 9.1728e-05
8.8482 0.000142 5.4068e-05
8.9062 0.00024 7.6098e-05
8.9643 0.00020684 6.8849e-05
9.0223 0.00030085 8.8486e-05
9.0803 0.00026517 8.0735e-05
9.1383 0.00027386 8.3379e-05
9.1963 0.00020466 6.8124e-05
9.2544 0.00039194 0.00010653
9.3124 0.00029979 8.8175e-05
9.3704 0.00028634 8.5631e-05
9.4284 0.00025108 7.7947e-05
9.4864 0.00020366 6.7789e-05
9.5445 0.00018917 6.4765e-05
9.6025 0.00022269 7.2264e-05
9.6605 0.00026523 8.0752e-05
9.7185 0.00021818 7.08e-05
9.7766 0.00025544 7.93e-05
9.8346 0.00031609 9.1542e-05
9.8926 0.00033045 9.4334e-05
9.9506 0.0003292 9.3978e-05
10.009 0.00028367 8.4831e-05
10.067 0.00022161 7.1912e-05
10.125 0.00020277 6.7493e-05
10.183 0.00022051 7.1555e-05
10.241 0.00029561 8.6944e-05
10.299 0.00021961 7.1263e-05
10.357 0.00036298 0.00010095
10.415 0.0002334 7.4005e-05
10.473 0.00026818 8.165e-05
10.531 0.00018964 6.4924e-05
10.589 0.00023416 7.4248e-05
10.647 0.0002636 8.0256e-05
10.705 0.00031409 9.0963e-05
10.763 0.00025141 7.8048e-05
10.821 0.00034345 9.6734e-05
10.879 0.00021639 7.0219e-05
10.937 0.00031334 9.0747e-05
10.995 0.00023585 7.4783e-05
11.053 0.0002029 6.7537e-05
11.111 0.00020286 6.7523e-05
11.169 0.00017114 6.0454e-05
11.227 0.00025012 7.7647e-05
11.285 0.00028111 8.4066e-05
11.343 0.0002658 8.0926e-05
11.401 0.000124 4.9424e-05
11.459 0.00017247 6.0926e-05
11.517 0.00021908 7.1091e-05
11.575 0.00026395 8.0362e-05
11.633 0.00032859 9.3803e-05
11.691 0.0002973 8.744e-05
11.749 0.00031342 9.0769e-05
11.807 0.00017023 6.0132e-05
11.865 0.00017202 6.0766e-05
11.923 0.00021928 7.1157e-05
11.981 0.00010873 4.5708e-05
12.039 0.00028029 8.3819e-05
12.097 0.00023191 7.3534e-05
12.155 0.0002498 7.7547e-05
12.213 0.00023372 7.4108e-05
12.271 0.00024732 7.6779e-05
12.329 0.00024664 7.6568e-05
12.388 0.00015533 5.6833e-05
12.446 0.00021654 7.0268e-05
12.504 0.00033716 9.4962e-05
12.562 0.00035435 9.8553e-05
12.62 0.00033877 9.5415e-05
12.678 0.0002296 7.2802e-05
12.736 0.00016794 5.9326e-05
12.794 0.00021424 6.952e-05
12.852 0.00018602 6.3686e-05
12.91 0.00018272 6.2554e-05
12.968 0.00036497 0.00010031
13.026 0.00031979 9.129e-05
13.084 0.00021487 6.9727e-05
13.142 0.00041118 0.00010949
13.2 0.0002117 6.8697e-05
13.258 0.00022747 7.2126e-05
13.316 0.00019921 6.6309e-05
13.374 0.00018311 6.2689e-05
13.432 0.00015118 5.5314e-05
13.49 0.0002273 7.2073e-05
13.548 0.00021317 6.9174e-05
13.606 0.00029046 8.5431e-05
13.664 0.00022713 7.2017e-05
13.722 0.0003176 9.0664e-05
13.78 0.00018225 6.2394e-05
13.838 0.00024291 7.541e-05
13.896 0.00036107 9.924e-05
13.954 0.0002415 7.4971e-05
14.012 0.00025821 7.8616e-05
14.07 0.00025621 7.8005e-05
14.128 0.00032799 9.2379e-05
14.186 0.00033302 9.3797e-05
14.244 0.00022665 7.1867e-05
14.302 0.0004224 0.00011143
14.36 0.00022403 7.1035e-05
14.418 0.00027061 8.0925e-05
14.476 0.00019533 6.5018e-05
14.534 0.0002709 8.1011e-05
14.592 0.00019421 6.4645e-05
14.65 0.00026997 8.0733e-05
14.708 0.00024172 7.504e-05
14.766 0.00037836 0.00010284
14.824 0.00016409 5.7963e-05
14.882 0.00021204 6.8808e-05
14.94 0.0002108 6.8404e-05
14.998 0.00020942 6.7956e-05
15.056 0.00022332 7.081e-05
15.114 0.00032923 9.2729e-05
15.173 0.00020954 6.7997e-05
15.231 0.00024039 7.4628e-05
15.289 0.00025087 7.6379e-05
15.347 0.00026892 8.0419e-05
15.405 0.00034153 9.4988e-05
15.463 0.00020716 6.7223e-05
15.521 0.00022129 7.0167e-05
15.579 0.00019162 6.3782e-05
15.637 0.0002212 7.0137e-05
15.695 0.00017734 6.0713e-05
15.753 0.00023382 7.2588e-05
15.811 0.0003092 8.8267e-05
15.869 0.00028211 8.2974e-05
15.927 0.00036585 9.9437e-05
15.985 0.00023604 7.3277e-05
16.043 0.00023387 7.2603e-05
16.101 0.00014706 5.3808e-05
16.159 0.00036767 9.9931e-05
16.217 0.00023462 7.2836e-05
16.275 0.00030827 8.8003e-05
16.333 0.00021952 6.9607e-05
16.391 0.00027644 8.1307e-05
16.449 0.00021783 6.9071e-05
16.507 0.0002188 6.9378e-05
16.565 0.00029058 8.4154e-05
16.623 0.00018949 6.3073e-05
16.681 0.00034449 9.4683e-05
16.739 0.00033186 9.2298e-05
16.797 0.0003031 8.6526e-05
16.855 0.00018586 6.1866e-05
16.913 0.00024269 7.389e-05
16.971 0.00035838 9.7407e-05
17.029 0.00031527 8.8796e-05
17.087 0.00027352 8.0448e-05
17.145 0.00017033 5.8312e-05
17.203 0.00020057 6.5085e-05
17.261 0.00024463 7.4482e-05
17.319 0.00031403 8.8448e-05
17.377 0.00029745 8.4912e-05
17.435 0.00025697 7.6846e-05
17.493 0.00029854 8.5225e-05
17.551 0.00034307 9.4292e-05
17.609 0.0002393 7.2859e-05
17.667 0.00022721 7.0536e-05
17.725 0.00021229 6.7312e-05
17.783 0.00029691 8.476e-05
17.841 0.00025212 7.5395e-05
17.9 0.00028098 8.1376e-05
17.958 0.00023969 7.2978e-05
18.016 0.00026501 7.7945e-05
18.074 0.00029164 8.3255e-05
18.132 0.00025046 7.49e-05
18.19 0.0002501 7.4792e-05
18.248 0.00019585 6.3553e-05
18.306 0.00035885 9.6514e-05
18.364 0.00023639 7.1971e-05
18.422 0.00027865 8.0701e-05
18.48 0.00028952 8.2648e-05
18.538 0.00026127 7.6846e-05
18.596 0.00017805 5.9266e-05
18.654 0.00020754 6.5808e-05
18.712 0.0001934 6.2759e-05
18.77 0.0002593 7.6264e-05
18.828 0.00036978 9.8469e-05
18.886 0.00016445 5.63e-05
18.944 0.00024736 7.3973e-05
19.002 0.00023057 7.0199e-05
19.06 0.00023114 7.0375e-05
19.118 0.00021942 6.8118e-05
19.176 0.00025724 7.5659e-05
19.234 0.00024206 7.2387e-05
19.292 0.00032504 8.9337e-05
19.35 0.0002827 8.0702e-05
19.408 0.00021534 6.685e-05
19.466 0.00030686 8.5344e-05
19.524 0.00039049 0.0001021
19.582 0.00028137 8.0321e-05
19.64 0.00023894 7.1455e-05
19.698 0.00027795 7.9346e-05
19.756 0.00039648 0.00010278
19.814 0.0001741 5.7952e-05
19.872 0.00022503 6.8513e-05
19.93 0.00031607 8.687e-05
19.988 0.00021183 6.5761e-05
20.046 0.00030223 8.4058e-05
20.104 0.00027576 7.872e-05
20.162 0.00026169 7.5787e-05
20.22 0.00019738 6.2586e-05
20.278 0.00023557 7.0446e-05
20.336 0.00023489 7.0245e-05
20.394 0.00029797 8.2873e-05
20.452 0.00024916 7.3282e-05
20.51 0.00020892 6.4858e-05
20.568 0.00027238 7.7757e-05
20.626 0.00014092 4.9778e-05
20.685 0.00026985 7.7033e-05
20.743 8.9651e-05 3.7689e-05
20.801 0.00020511 6.3674e-05
20.859 0.00021611 6.5798e-05
20.917 0.00019163 6.0762e-05
20.975 0.00020411 6.3365e-05
21.033 0.00027864 7.8479e-05
21.091 0.00023895 7.028e-05
21.149 0.00018977 6.0174e-05
21.207 0.00030465 8.3731e-05
21.265 0.00030171 8.2925e-05
21.323 0.00021298 6.4845e-05
21.381 0.00034974 9.226e-05
21.439 0.0003267 8.7867e-05
21.497 0.00020016 6.2139e-05
21.555 0.00027208 7.6633e-05
21.613 0.0002479 7.1794e-05
21.671 0.00022372 6.6903e-05
21.729 0.00031955 8.5943e-05
21.787 0.00035375 9.2487e-05
21.845 0.00036599 9.4881e-05
21.903 0.00029279 8.0472e-05
21.961 0.00018098 5.7385e-05
22.019 0.00031194 8.3896e-05
22.077 0.00025202 7.1944e-05
22.135 0.00016903 5.4852e-05
22.193 0.0003107 8.3564e-05
22.251 0.00031997 8.5205e-05
22.309 0.00024945 7.1209e-05
22.367 0.00020208 6.1525e-05
22.425 0.00022482 6.6125e-05
22.483 0.00024543 7.0062e-05
22.541 0.00028191 7.7482e-05
22.599 0.00035436 9.1865e-05
22.657 0.000271 7.5372e-05
22.715 0.00027962 7.6853e-05
22.773 0.00029118 7.9142e-05
22.831 0.00025607 7.2122e-05
22.889 0.00025488 7.1788e-05
22.947 0.00028716 7.805e-05
23.005 0.00021802 6.4124e-05
23.063 0.00030945 8.2403e-05
23.121 9.0717e-05 3.6159e-05
23.179 0.00020393 6.0984e-05
23.237 0.00025911 7.2063e-05
23.295 0.00041682 0.00010286
23.353 0.00023471 6.7003e-05
23.412 0.00025595 7.1184e-05
23.47 0.0002566 7.1365e-05
23.528 0.00028986 7.7959e-05
23.586 0.00028696 7.7179e-05
23.644 0.00027465 7.4648e-05
23.702 0.00019648 5.8758e-05
23.76 0.00021894 6.3408e-05
23.818 0.00026117 7.1781e-05
23.876 0.00025871 7.1106e-05
23.934 0.00024707 6.8715e-05
23.992 0.00028942 7.707e-05
24.05 0.00019147 5.726e-05
24.108 0.00033772 8.6185e-05
24.166 0.00029469 7.7738e-05
24.224 0.00026279 7.1426e-05
24.282 0.00023024 6.4847e-05
24.34 0.00023787 6.6156e-05
24.398 0.00032178 8.275e-05
24.456 0.00028907 7.6256e-05
24.514 0.00023608 6.566e-05
24.572 0.00021416 6.1137e-05
24.63 0.00031585 8.1224e-05
24.688 0.00031446 8.0868e-05
24.746 0.00014056 4.5611e-05
24.804 0.0002277 6.3329e-05
24.862 0.00022868 6.36e-05
24.92 0.00028646 7.4896e-05
24.978 0.00033255 8.3659e-05
25.036 0.00026252 6.9905e-05
25.094 0.00024102 6.5508e-05
25.152 0.0002601 6.9261e-05
25.21 0.00028659 7.4296e-05
25.268 0.00018101 5.3238e-05
25.326 0.00022792 6.2642e-05
25.384 0.00028446 7.3745e-05
25.442 0.00029945 7.6419e-05
25.5 0.00022176 6.0949e-05
25.558 0.00025872 6.825e-05
25.616 0.00031151 7.8365e-05
25.674 0.00033646 8.3032e-05
25.732 0.00027744 7.1348e-05
25.79 0.00023166 6.2305e-05
25.848 0.00029475 7.4669e-05
25.906 0.00029105 7.3731e-05
25.964 0.00027036 6.9526e-05
26.022 0.00027138 6.9787e-05
26.08 0.00021604 5.872e-05
26.138 0.00029384 7.3921e-05
26.197 0.00032443 7.9595e-05
26.255 0.00025627 6.6436e-05
26.313 0.00021246 5.7746e-05
26.371 0.00036293 8.6747e-05
26.429 0.0003082 7.6058e-05
26.487 0.00035453 8.474e-05
26.545 0.00028774 7.1904e-05
26.603 0.00021752 5.7922e-05
26.661 0.0002549 6.5049e-05
26.719 0.00031674 7.6854e-05
26.777 0.00030735 7.498e-05
26.835 0.00027915 6.9312e-05
26.893 0.00028314 6.9873e-05
26.951 0.00027444 6.8142e-05
27.009 0.00024109 6.1524e-05
27.067 0.00026801 6.6547e-05
27.125 0.00027018 6.6676e-05
27.183 0.00027189 6.6704e-05
27.241 0.00029201 7.0486e-05
27.299 0.0002864 6.9132e-05
27.357 0.00022021 5.6196e-05
27.415 0.00024606 6.1096e-05
27.473 0.00019752 5.1641e-05
27.531 0.00022149 5.6111e-05
27.589 0.00026343 6.3919e-05
27.647 0.00028696 6.8271e-05
27.705 0.00024395 5.9849e-05
27.763 0.00025023 6.0716e-05
27.821 0.00027017 6.4277e-05
27.879 0.00031245 7.2003e-05
27.937 0.0003441 7.7796e-05
27.995 0.00023823 5.7503e-05
28.053 0.00028283 6.5647e-05
28.111 0.00026972 6.3086e-05
28.169 0.0002188 5.309e-05
28.227 0.00027555 6.3723e-05
28.285 0.0003093 6.9729e-05
28.343 0.00028198 6.4336e-05
28.401 0.00028155 6.4036e-05
28.459 0.00027262 6.2006e-05
28.517 0.00026051 5.9438e-05
28.575 0.00019237 4.6203e-05
28.633 0.00024645 5.6054e-05
28.691 0.00032257 6.9827e-05
28.749 0.00034502 7.3489e-05
28.807 0.00030639 6.5979e-05
28.865 0.00030898 6.6212e-05
28.924 0.00029633 6.3502e-05
28.982 0.00023445 5.1562e-05
29.04 0.00030122 6.347e-05
29.098 0.00029429 6.1572e-05
29.156 0.0002887 5.9899e-05
29.214 0.00024748 5.145e-05
29.272 0.0003069 6.1536e-05
29.33 0.00024829 4.9965e-05
29.388 0.00028828 5.5623e-05
29.446 0.0002814 5.4642e-05
29.504 0.0042267 0.0042977
29.562 0 1
29.62 0 1
29.678 0 1
