-29.678 0 1
-29.62 0 1
-29.562 0 1
-29.504 0.00019094 3.6916e-05
-29.446 0.00020743 3.9918e-05
-29.388 0.00018588 3.6496e-05
-29.33 0.00021208 4.1703e-05
-29.272 0.00019499 3.8776e-05
-29.214 0.00020291 4.0579e-05
-29.156 0.00019691 3.9735e-05
-29.098 0.00020801 4.2052e-05
-29.04 0.00019749 4.024e-05
-28.982 0.00020604 4.2002e-05
-28.924 0.00019525 4.0105e-05
-28.865 0.00022389 4.564e-05
-28.807 0.00018559 3.8554e-05
-28.749 0.00019108 3.9781e-05
-28.691 0.00017434 3.6783e-05
-28.633 0.000169 3.5908e-05
-28.575 0.00018163 3.8434e-05
-28.517 0.00023704 4.9011e-05
-28.459 0.00020727 4.3535e-05
-28.401 0.00017629 3.7756e-05
-28.343 0.00018254 3.9048e-05
-28.285 0.00021533 4.539e-05
-28.227 0.00017723 3.825e-05
-28.169 0.00019746 4.2191e-05
-28.111 0.00019093 4.0992e-05
-28.053 0.00017199 3.7498e-05
-27.995 0.00020088 4.3075e-05
-27.937 0.00016498 3.6334e-05
-27.879 0.00018309 3.9858e-05
-27.821 0.00016611 3.6716e-05
-27.763 0.0001895 4.1318e-05
-27.705 0.00023164 4.9379e-05
-27.647 0.00018034 3.9716e-05
-27.589 0.00018367 4.0449e-05
-27.531 0.00018992 4.1751e-05
-27.473 0.00018819 4.1445e-05
-27.415 0.00015047 3.4315e-05
-27.357 0.0002282 4.9184e-05
-27.299 0.00019887 4.3719e-05
-27.241 0.00021172 4.6162e-05
-27.183 0.00024102 5.1813e-05
-27.125 0.00019118 4.242e-05
-27.067 0.00020209 4.4587e-05
-27.009 0.00019021 4.2375e-05
-26.951 0.00015118 3.4976e-05
-26.893 0.00021262 4.6826e-05
-26.835 0.000193 4.3178e-05
-26.777 0.00018882 4.243e-05
-26.719 0.00017043 3.8973e-05
-26.661 0.0001907 4.295e-05
-26.603 0.00019955 4.474e-05
-26.545 0.00019186 4.3314e-05
-26.487 0.00022242 4.9162e-05
-26.429 0.00021272 4.7388e-05
-26.371 0.00019646 4.4354e-05
-26.313 0.00019443 4.4001e-05
-26.255 0.00020355 4.5739e-05
-26.197 0.00015536 3.6548e-05
-26.138 0.00017223 3.9846e-05
-26.08 0.00018896 4.3093e-05
-26.022 0.00018907 4.3119e-05
-25.964 0.00023578 5.2116e-05
-25.906 0.00020667 4.6657e-05
-25.848 0.00023319 5.1741e-05
-25.79 0.00022484 5.0193e-05
-25.732 0.00020471 4.6444e-05
-25.674 0.00021214 4.7893e-05
-25.616 0.00017981 4.1731e-05
-25.558 0.00023327 5.1968e-05
-25.5 0.00023628 5.2637e-05
-25.442 0.00014638 3.5434e-05
-25.384 0.00022869 5.1273e-05
-25.326 0.0001779 4.156e-05
-25.268 0.00020078 4.6041e-05
-25.21 0.00024783 5.5098e-05
-25.152 0.00019905 4.5776e-05
-25.094 0.00019353 4.4773e-05
-25.036 0.00018313 4.2781e-05
-24.978 0.00021378 4.8754e-05
-24.92 0.00019286 4.4758e-05
-24.862 0.00020742 4.7565e-05
-24.804 0.00024654 5.5154e-05
-24.746 0.0002002 4.6317e-05
-24.688 0.00019796 4.5943e-05
-24.63 0.00017217 4.0967e-05
-24.572 0.000215 4.9303e-05
-24.514 0.000199 4.6334e-05
-24.456 0.00016899 4.0545e-05
-24.398 0.00021807 5.0007e-05
-24.34 0.00020144 4.6902e-05
-24.282 0.00018611 4.3945e-05
-24.224 0.00017173 4.1203e-05
-24.166 0.00021329 4.9195e-05
-24.108 0.00018495 4.3836e-05
-24.05 0.00019036 4.4947e-05
-23.992 0.0002095 4.8621e-05
-23.934 0.00022624 5.1881e-05
-23.876 0.00019978 4.6831e-05
-23.818 0.00020512 4.7918e-05
-23.76 0.00024385 5.5324e-05
-23.702 0.00024938 5.6436e-05
-23.644 0.00019401 4.5809e-05
-23.586 0.00017605 4.2423e-05
-23.528 0.00019587 4.6249e-05
-23.47 0.00023536 5.3821e-05
-23.412 0.00020114 4.7318e-05
-23.353 0.00017781 4.2849e-05
-23.295 0.00021822 5.0644e-05
-23.237 0.00019371 4.5913e-05
-23.179 0.00019976 4.7168e-05
-23.121 0.00021814 5.0791e-05
-23.063 0.00016821 4.111e-05
-23.005 0.00010682 2.9019e-05
-22.947 0.0002317 5.3441e-05
-22.889 0.00017108 4.1814e-05
-22.831 0.00021655 5.0588e-05
-22.773 0.00016633 4.0859e-05
-22.715 0.00016741 4.1123e-05
-22.657 0.00015633 3.9043e-05
-22.599 0.00016519 4.0794e-05
-22.541 0.00021044 4.9506e-05
-22.483 0.00021685 5.0834e-05
-22.425 0.00019186 4.6032e-05
-22.367 0.00017505 4.2783e-05
-22.309 0.00017527 4.2836e-05
-22.251 0.00020652 4.8949e-05
-22.193 0.00015595 3.918e-05
-22.135 0.0002105 4.9704e-05
-22.077 0.00018521 4.4833e-05
-22.019 0.00023102 5.3789e-05
-21.961 0.00022271 5.2207e-05
-21.903 0.00016185 4.0421e-05
-21.845 0.00021423 5.0582e-05
-21.787 0.00014912 3.7946e-05
-21.729 0.00020845 4.9602e-05
-21.671 0.00017663 4.3388e-05
-21.613 0.000216 5.1002e-05
-21.555 0.00019598 4.7226e-05
-21.497 0.00023348 5.4543e-05
-21.439 0.00028401 6.4275e-05
-21.381 0.00020062 4.8133e-05
-21.323 0.00016774 4.1892e-05
-21.265 0.00019 4.621e-05
-21.207 0.00017256 4.285e-05
-21.149 0.00022588 5.3138e-05
-21.091 0.00020936 5.002e-05
-21.033 0.0001743 4.328e-05
-20.975 0.0002527 5.8463e-05
-20.917 0.00018635 4.5545e-05
-20.859 0.00023891 5.5811e-05
-20.801 0.00025801 5.9511e-05
-20.743 0.00020172 4.8611e-05
-20.685 0.0002158 5.135e-05
-20.626 0.00017574 4.3639e-05
-20.568 0.00020496 4.9391e-05
-20.51 0.00013003 3.4662e-05
-20.452 0.00020795 4.9892e-05
-20.394 0.00020943 5.0249e-05
-20.336 0.00016363 4.1368e-05
-20.278 0.00023879 5.5976e-05
-20.22 0.00018677 4.5879e-05
-20.162 0.00024534 5.7313e-05
-20.104 0.00023556 5.5416e-05
-20.046 0.00021252 5.0989e-05
-19.988 0.00017437 4.3546e-05
-19.93 0.00014648 3.8085e-05
-19.872 0.00014322 3.7533e-05
-19.814 0.00023225 5.4837e-05
-19.756 0.00019494 4.7643e-05
-19.698 0.00023811 5.6016e-05
-19.64 0.00017361 4.3618e-05
-19.582 0.00026425 6.1135e-05
-19.524 0.0002294 5.4371e-05
-19.466 0.00014432 3.7822e-05
-19.408 0.00017437 4.3808e-05
-19.35 0.00019856 4.8528e-05
-19.292 0.00018787 4.6395e-05
-19.234 0.00020294 4.9357e-05
-19.176 0.00023592 5.5916e-05
-19.118 0.00020404 4.9624e-05
-19.06 0.00023777 5.6141e-05
-19.002 0.00017533 4.405e-05
-18.944 0.0002452 5.7684e-05
-18.886 0.00014716 3.8565e-05
-18.828 0.00018047 4.5072e-05
-18.77 0.00015264 3.9688e-05
-18.712 0.0001141 3.2034e-05
-18.654 0.00018627 4.6253e-05
-18.596 0.00022506 5.3771e-05
-18.538 0.00021201 5.1321e-05
-18.48 0.0002399 5.686e-05
-18.422 0.00015389 4.0011e-05
-18.364 0.0001482 3.8837e-05
-18.306 0.00018396 4.5942e-05
-18.248 0.00019984 4.9091e-05
-18.19 0.00018522 4.6257e-05
-18.132 0.00022877 5.4658e-05
-18.074 0.00019613 4.8435e-05
-18.016 0.00022866 5.4862e-05
-17.958 0.00023104 5.5201e-05
-17.9 0.00017074 4.3448e-05
-17.841 0.00021667 5.2451e-05
-17.783 0.00023834 5.6713e-05
-17.725 0.00020349 4.9987e-05
-17.667 0.00015602 4.0566e-05
-17.609 0.0001676 4.2941e-05
-17.551 0.00017904 4.5264e-05
-17.493 0.00018267 4.5894e-05
-17.435 0.00019327 4.799e-05
-17.377 0.00020845 5.0946e-05
-17.319 0.00015391 4.0333e-05
-17.261 0.00017907 4.5271e-05
-17.203 0.00017227 4.3838e-05
-17.145 0.00020533 5.0438e-05
-17.087 0.00020069 4.9562e-05
-17.029 0.00024554 5.8196e-05
-16.971 0.00018448 4.6349e-05
-16.913 0.00021919 5.306e-05
-16.855 0.0001972 4.8967e-05
-16.797 0.00028336 6.5558e-05
-16.739 0.00021469 5.2217e-05
-16.681 0.00019112 4.7729e-05
-16.623 0.00021718 5.282e-05
-16.565 0.00023769 5.6788e-05
-16.507 0.00019655 4.8806e-05
-16.449 0.00013455 3.6553e-05
-16.391 0.00022525 5.4528e-05
-16.333 0.00012972 3.5608e-05
-16.275 0.0002269 5.4679e-05
-16.217 0.00019377 4.8393e-05
-16.159 0.00018297 4.6258e-05
-16.101 0.00018275 4.6202e-05
-16.043 0.00017692 4.502e-05
-15.985 0.00021418 5.2347e-05
-15.927 0.00022578 5.4655e-05
-15.869 0.00016752 4.3229e-05
-15.811 0.00022418 5.4268e-05
-15.753 0.00017834 4.5383e-05
-15.695 0.00019597 4.8942e-05
-15.637 0.00020527 5.0691e-05
-15.579 0.0002478 5.8963e-05
-15.521 0.00020533 5.0706e-05
-15.463 0.00021851 5.3405e-05
-15.405 0.00022772 5.5126e-05
-15.347 0.00019451 4.8576e-05
-15.289 0.00019677 4.9141e-05
-15.231 0.00019739 4.9297e-05
-15.173 0.00014909 3.9742e-05
-15.114 0.00030243 6.9551e-05
-15.056 0.00015942 4.1778e-05
-14.998 0.00019212 4.8268e-05
-14.94 0.00017159 4.428e-05
-14.882 0.00016426 4.2708e-05
-14.824 0.00018747 4.7394e-05
-14.766 0.00018328 4.6638e-05
-14.708 0.00019775 4.9385e-05
-14.65 0.00022872 5.5366e-05
-14.592 0.0001929 4.8463e-05
-14.534 0.00018694 4.726e-05
-14.476 0.00024787 5.9222e-05
-14.418 0.0002295 5.5556e-05
-14.36 0.00017287 4.4609e-05
-14.302 0.0001833 4.6645e-05
-14.244 0.00018805 4.7541e-05
-14.186 0.00021341 5.2423e-05
-14.128 0.00023211 5.6187e-05
-14.07 0.00021717 5.3347e-05
-14.012 0.00025373 6.0376e-05
-13.954 0.00022023 5.3824e-05
-13.896 0.00019016 4.8076e-05
-13.838 0.00020637 5.1245e-05
-13.78 0.00019601 4.9247e-05
-13.722 0.000178 4.5606e-05
-13.664 0.000163 4.2717e-05
-13.606 0.00022476 5.4932e-05
-13.548 0.00017918 4.591e-05
-13.49 0.00026605 6.282e-05
-13.432 0.00027811 6.5194e-05
-13.374 0.00017095 4.4446e-05
-13.316 0.0001801 4.6145e-05
-13.258 0.00021165 5.2266e-05
-13.2 0.00020774 5.1585e-05
-13.142 0.00023554 5.7017e-05
-13.084 0.00018024 4.6179e-05
-13.026 0.00021745 5.3417e-05
-12.968 0.00019232 4.8621e-05
-12.91 0.00022999 5.5936e-05
-12.852 0.00019302 4.8799e-05
-12.794 0.00018575 4.7267e-05
-12.736 0.00024098 5.8072e-05
-12.678 0.00025025 6.0041e-05
-12.62 0.00026751 6.3163e-05
-12.562 0.00022913 5.5728e-05
-12.504 0.00024902 5.9748e-05
-12.446 0.00025296 6.0436e-05
-12.388 0.00020444 5.1057e-05
-12.329 0.00017493 4.5141e-05
-12.271 0.00018225 4.6695e-05
-12.213 0.00016058 4.2434e-05
-12.155 0.00022738 5.5574e-05
-12.097 0.00022483 5.4948e-05
-12.039 0.00022257 5.4674e-05
-11.981 0.0002556 6.1069e-05
-11.923 0.00015989 4.225e-05
-11.865 0.00024335 5.8641e-05
-11.807 0.00023119 5.6229e-05
-11.749 0.0002006 5.0398e-05
-11.691 0.0002498 5.9934e-05
-11.633 0.00027036 6.3837e-05
-11.575 0.00029342 6.8318e-05
-11.517 0.00018451 4.7275e-05
-11.459 0.00024448 5.8915e-05
-11.401 0.00024429 5.8868e-05
-11.343 0.00019506 4.9313e-05
-11.285 0.00020602 5.1452e-05
-11.227 0.0001896 4.8248e-05
-11.169 0.00021566 5.3257e-05
-11.111 0.00020618 5.1491e-05
-11.053 0.0002636 6.2723e-05
-10.995 0.00017352 4.5116e-05
-10.937 0.00023379 5.6861e-05
-10.879 0.00020137 5.0591e-05
-10.821 0.00022978 5.616e-05
-10.763 0.0002006 5.0399e-05
-10.705 0.00025091 6.0201e-05
-10.647 0.00019759 4.9953e-05
-10.589 0.00019149 4.8728e-05
-10.531 0.00019721 4.9857e-05
-10.473 0.00023532 5.7233e-05
-10.415 0.0002302 5.6263e-05
-10.357 0.00019733 4.9887e-05
-10.299 0.00020886 5.2161e-05
-10.241 0.00017945 4.6308e-05
-10.183 0.00021255 5.278e-05
-10.125 0.00024307 5.884e-05
-10.067 0.00028698 6.7272e-05
-10.009 0.00014541 3.9504e-05
-9.9506 0.00018036 4.6542e-05
-9.8926 0.00017568 4.5676e-05
-9.8346 0.00018106 4.6723e-05
-9.7766 0.00021298 5.2886e-05
-9.7185 0.0002584 6.1738e-05
-9.6605 0.00019869 5.0231e-05
-9.6025 0.00020931 5.2273e-05
-9.5445 0.00020819 5.1994e-05
-9.4864 0.00020457 5.1397e-05
-9.4284 0.00027806 6.5655e-05
-9.3704 0.00021537 5.348e-05
-9.3124 0.00019692 4.9785e-05
-9.2544 0.00022714 5.5797e-05
-9.1963 0.00026195 6.2586e-05
-9.1383 0.00024983 6.0203e-05
-9.0803 0.0001857 4.7578e-05
-9.0223 0.00023877 5.8071e-05
-8.9643 0.0002112 5.2744e-05
-8.9062 0.00023403 5.7198e-05
-8.8482 0.0002379 5.7861e-05
-8.7902 0.00015975 4.2584e-05
-8.7322 0.00018255 4.7109e-05
-8.6742 0.00021032 5.2526e-05
-8.6161 0.00023759 5.7786e-05
-8.5581 0.00024421 5.9116e-05
-8.5001 0.00021725 5.3947e-05
-8.4421 0.0001879 4.8143e-05
-8.384 0.00023136 5.6545e-05
-8.326 0.00025282 6.0923e-05
-8.268 0.00023573 5.7613e-05
-8.21 0.00027298 6.47e-05
-8.152 0.00019727 4.9874e-05
-8.0939 0.00026258 6.2736e-05
-8.0359 0.00022341 5.517e-05
-7.9779 0.00023307 5.6963e-05
-7.9199 0.00025005 6.0256e-05
-7.8619 0.00016614 4.3901e-05
-7.8038 0.00018485 4.7703e-05
-7.7458 0.00020786 5.2224e-05
-7.6878 0.00025024 6.0302e-05
-7.6298 0.00017128 4.4886e-05
-7.5718 0.00026546 6.3423e-05
-7.5137 0.00027699 6.5652e-05
-7.4557 0.00023466 5.7351e-05
-7.3977 0.00023451 5.7315e-05
-7.3397 0.00025318 6.1011e-05
-7.2816 0.00019049 4.8806e-05
-7.2236 0.00027664 6.5568e-05
-7.1656 0.00019452 4.9498e-05
-7.1076 0.00020314 5.1358e-05
-7.0496 0.000169 4.4658e-05
-6.9915 0.00025542 6.1283e-05
-6.9335 0.00028287 6.679e-05
-6.8755 0.00019933 5.0725e-05
-6.8175 0.00022229 5.4895e-05
-6.7595 0.00027547 6.5291e-05
-6.7014 0.00024911 6.0303e-05
-6.6434 0.00028977 6.7927e-05
-6.5854 0.00031008 7.2196e-05
-6.5274 0.00021421 5.3192e-05
-6.4694 0.00028131 6.6675e-05
-6.4113 0.00026195 6.2586e-05
-6.3533 0.00019122 4.8994e-05
-6.2953 0.00018735 4.8002e-05
-6.2373 0.00024405 5.9355e-05
-6.1792 0.00026928 6.4075e-05
-6.1212 0.00024504 5.9598e-05
-6.0632 0.00020573 5.1688e-05
-6.0052 0.00021252 5.3075e-05
-5.9472 0.00029093 6.8442e-05
-5.8891 0.00030384 7.0744e-05
-5.8311 0.00028461 6.6955e-05
-5.7731 0.00024054 5.8788e-05
-5.7151 0.00025498 6.1177e-05
-5.6571 0.0002321 5.7014e-05
-5.599 0.00024124 5.8674e-05
-5.541 0.00028066 6.6268e-05
-5.483 0.00024874 6.0212e-05
-5.425 0.00025299 6.0964e-05
-5.3669 0.00017903 4.6549e-05
-5.3089 0.00026966 6.4166e-05
-5.2509 0.00029983 7.0043e-05
-5.1929 0.00027837 6.5978e-05
-5.1349 0.00025954 6.2271e-05
-5.0768 0.00029936 6.9933e-05
-5.0188 0.00027883 6.6088e-05
-4.9608 0.00029903 6.9856e-05
-4.9028 0.00021857 5.4275e-05
-4.8448 0.0002696 6.4152e-05
-4.7867 0.00027472 6.537e-05
-4.7287 0.00029548 6.9266e-05
-4.6707 0.00026448 6.319e-05
-4.6127 0.00028686 6.7484e-05
-4.5547 0.00020415 5.1611e-05
-4.4966 0.00023638 5.7771e-05
-4.4386 0.00024677 5.9737e-05
-4.3806 0.00021855 5.427e-05
-4.3226 0.00027633 6.5753e-05
-4.2645 0.0002786 6.6034e-05
-4.2065 0.00031257 7.2315e-05
-4.1485 0.00023255 5.7127e-05
-4.0905 0.00026157 6.2758e-05
-4.0325 0.00027989 6.6338e-05
-3.9744 0.00032976 7.5836e-05
-3.9164 0.00023655 5.7813e-05
-3.8584 0.00027327 6.5024e-05
-3.8004 0.00021322 5.3249e-05
-3.7424 0.00014986 4.0714e-05
-3.6843 0.00029418 6.8961e-05
-3.6263 0.00026881 6.4224e-05
-3.5683 0.00030564 7.1164e-05
-3.5103 0.00017923 4.6601e-05
-3.4523 0.00023808 5.8187e-05
-3.3942 0.00023059 5.6644e-05
-3.3362 0.00027263 6.4873e-05
-3.2782 0.00021026 5.2825e-05
-3.2202 0.00026221 6.2646e-05
-3.1621 0.00035215 8.0098e-05
-3.1041 0.00030239 7.0885e-05
-3.0461 0.00028265 6.6495e-05
-2.9881 0.00026365 6.3258e-05
-2.9301 0.0002626 6.3281e-05
-2.872 0.00022489 5.5243e-05
-2.814 0.00025527 6.1795e-05
-2.756 0.00031213 7.2214e-05
-2.698 0.00026524 6.3638e-05
-2.64 0.00027738 6.5744e-05
-2.5819 0.00031739 7.366e-05
-2.5239 0.00023832 5.7963e-05
-2.4659 0.00034443 7.8982e-05
-2.4079 0.00033087 7.6091e-05
-2.3499 0.0002938 6.9116e-05
-2.2918 0.00032651 7.4665e-05
-2.2338 0.0002722 6.5893e-05
-2.1758 0.00037534 8.3791e-05
-2.1178 0.00029143 6.8812e-05
-2.0597 0.00030944 7.2289e-05
-2.0017 0.00033895 7.6899e-05
-1.9437 0.00037226 8.5126e-05
-1.8857 0.00026909 6.3779e-05
-1.8277 0.00031092 7.1503e-05
-1.7696 0.00042776 9.6343e-05
-1.7116 0.00031148 7.1631e-05
-1.6536 0.00041453 9.1798e-05
-1.5956 0.00054694 0.00011773
-1.5376 0.00052339 0.00011327
-1.4795 0.00072809 0.00015064
-1.4215 0.00080097 0.0001653
-1.3635 0.0010709 0.00021579
-1.3055 0.0011119 0.00022606
-1.2475 0.0015798 0.00031102
-1.1894 0.0022401 0.00043611
-1.1314 0.0023679 0.00046004
-1.0734 0.0032726 0.00062999
-1.0154 0.0037528 0.00072141
-0.95735 0.0044255 0.0008473
-0.89933 0.004722 0.00090388
-0.84131 0.0057774 0.0011018
-0.78328 0.0064178 0.0012204
-0.72526 0.0064805 0.0012337
-0.66724 0.0067875 0.0012925
-0.60922 0.0074272 0.0014117
-0.5512 0.0083207 0.0015792
-0.49318 0.0085776 0.0016279
-0.43516 0.0082594 0.001568
-0.37714 0.008731 0.0016562
-0.31912 0.0081157 0.0015403
-0.26109 0.0083804 0.0015924
-0.20307 0.0084452 0.0016027
-0.14505 0.0064847 0.0012342
-0.087032 0.0080804 0.0015345
-0.029011 0.0065789 0.0012513
0.029011 0.007134 0.0013565
0.087032 0.0042812 0.0008199
0.14505 0.0046526 0.0008899
0.20307 0.0042938 0.0008238
0.26109 0.0024597 0.00047655
0.31912 0.0022857 0.00044432
0.37714 0.0018409 0.00036116
0.43516 0.0012473 0.00024938
0.49318 0.00095623 0.00019432
0.5512 0.00095389 0.00019436
0.60922 0.00067575 0.00014271
0.66724 0.00048831 0.00010599
0.72526 0.00043166 9.397e-05
0.78328 0.0003768 8.5487e-05
0.84131 0.00039616 8.9437e-05
0.89933 0.00044914 9.8241e-05
0.95735 0.00033281 7.7489e-05
1.0154 0.0002789 6.538e-05
1.0734 0.00023854 5.8299e-05
1.1314 0.00028708 6.7537e-05
1.1894 0.00031707 7.2506e-05
1.2475 0.00035135 8.1807e-05
1.3055 0.00029814 6.9417e-05
1.3635 0.00026049 6.2498e-05
1.4215 0.00026949 6.3631e-05
1.4795 0.00033268 7.6966e-05
1.5376 0.00030015 7.036e-05
1.5956 0.00027523 6.5234e-05
1.6536 0.00027719 6.521e-05
1.7116 0.00020742 5.3525e-05
1.7696 0.00027389 6.4433e-05
1.8277 0.00029753 6.9507e-05
1.8857 0.00034059 7.8797e-05
1.9437 0.00024271 5.8488e-05
2.0017 0.00023379 5.7735e-05
2.0597 0.00027232 6.5063e-05
2.1178 0.00027427 6.476e-05
2.1758 0.00019243 5.0033e-05
2.2338 0.00028297 6.6568e-05
2.2918 0.00028028 6.6693e-05
2.3499 0.00028414 6.7089e-05
2.4079 0.00022668 5.6287e-05
2.4659 0.00023727 5.7989e-05
2.5239 0.00024844 6.0424e-05
2.5819 0.00033317 7.6619e-05
2.64 0.00025436 6.1573e-05
2.698 0.00033438 7.6678e-05
2.756 0.00020942 5.2945e-05
2.814 0.00020078 5.0759e-05
2.872 0.00028561 6.7694e-05
2.9301 0.00026175 6.3076e-05
2.9881 0.00026965 6.4164e-05
3.0461 0.00030391 7.1242e-05
3.1041 0.00028188 6.681e-05
3.1621 0.00027811 6.5917e-05
3.2202 0.00036822 8.354e-05
3.2782 0.00028092 6.6581e-05
3.3362 0.00022718 5.6102e-05
3.3942 0.00023618 5.8018e-05
3.4523 0.00023365 5.7397e-05
3.5103 0.00030365 7.0937e-05
3.5683 0.00025911 6.2439e-05
3.6263 0.00026301 6.3104e-05
3.6843 0.00022894 5.6536e-05
3.7424 0.00029742 6.9721e-05
3.8004 0.00029433 6.9241e-05
3.8584 0.00030827 7.1775e-05
3.9164 0.00023905 5.8424e-05
3.9744 0.00024348 5.9507e-05
4.0325 0.00022361 5.5526e-05
4.0905 0.00033586 7.7238e-05
4.1485 0.00020867 5.2426e-05
4.2065 0.00020005 5.0908e-05
4.2645 0.00019628 5.0289e-05
4.3226 0.00024084 5.8862e-05
4.3806 0.00015084 4.098e-05
4.4386 0.00028728 6.7831e-05
4.4966 0.00026657 6.3958e-05
4.5547 0.00028732 6.7841e-05
4.6127 0.00019227 4.9262e-05
4.6707 0.0002412 5.8949e-05
4.7287 0.00025621 6.2021e-05
4.7867 0.00023833 5.8249e-05
4.8448 0.00016236 4.328e-05
4.9028 0.00024626 5.9894e-05
4.9608 0.00018689 4.8228e-05
5.0188 0.00024174 5.9082e-05
5.0768 0.00022707 5.6075e-05
5.1349 0.00024727 6.0139e-05
5.1929 0.00019923 5.0699e-05
5.2509 0.0001809 4.7034e-05
5.3089 0.00022964 5.671e-05
5.3669 0.00022382 5.5577e-05
5.425 0.00024122 5.8956e-05
5.483 0.00022354 5.5509e-05
5.541 0.00023975 5.8596e-05
5.599 0.00021847 5.4562e-05
5.6571 0.00023352 5.7365e-05
5.7151 0.00022639 5.6215e-05
5.7731 0.00014623 4.0138e-05
5.8311 0.00020492 5.1806e-05
5.8891 0.00021968 5.4863e-05
5.9472 0.00026339 6.3195e-05
6.0052 0.00022155 5.5014e-05
6.0632 0.00025459 6.1628e-05
6.1212 0.00023755 5.8354e-05
6.1792 0.00022366 5.5536e-05
6.2373 0.00021592 5.3924e-05
6.2953 0.00019585 5.0179e-05
6.3533 0.00021804 5.4453e-05
6.4113 0.00023231 5.7369e-05
6.4694 0.00017412 4.5629e-05
6.5274 0.00018445 4.7957e-05
6.5854 0.00020045 5.1009e-05
6.6434 0.00025273 6.1179e-05
6.7014 0.00022938 5.6646e-05
6.7595 0.00024005 5.867e-05
6.8175 0.00027546 6.5814e-05
6.8755 0.00019516 5.0003e-05
6.9335 0.00024985 6.0483e-05
6.9915 0.00020751 5.2461e-05
7.0496 0.0002316 5.7193e-05
7.1076 0.00021809 5.4465e-05
7.1656 0.00023005 5.6811e-05
7.2236 0.00019456 4.9848e-05
7.2816 0.00021409 5.3788e-05
7.3397 0.00018269 4.7499e-05
7.3977 0.000189 4.8772e-05
7.4557 0.0002844 6.7408e-05
7.5137 0.00027206 6.5e-05
7.5718 0.00024822 6.037e-05
7.6298 0.00017978 4.6743e-05
7.6878 0.00020714 5.2367e-05
7.7458 0.00018402 4.7845e-05
7.8038 0.0002367 5.8145e-05
7.8619 0.00021626 5.401e-05
7.9199 0.00022323 5.5431e-05
7.9779 0.00020163 5.1309e-05
8.0359 0.00019437 4.9799e-05
8.0939 0.00024436 5.9432e-05
8.152 0.0002734 6.5055e-05
8.21 0.00014742 4.0464e-05
8.268 0.00018319 4.7629e-05
8.326 0.00027061 6.4392e-05
8.384 0.00025763 6.2082e-05
8.4421 0.00023586 5.7939e-05
8.5001 0.00017464 4.5766e-05
8.5581 0.00026814 6.4064e-05
8.6161 0.00022267 5.5292e-05
8.6742 0.00023366 5.7397e-05
8.7322 0.00021263 5.3421e-05
8.7902 0.00018632 4.8082e-05
8.8482 0.00018242 4.743e-05
8.9062 0.00016911 4.4686e-05
8.9643 0.00017048 4.5048e-05
9.0223 0.00021519 5.3741e-05
9.0803 0.00017023 4.4983e-05
9.1383 0.00025218 6.1047e-05
9.1963 0.00021835 5.4532e-05
9.2544 0.00019726 5.0196e-05
9.3124 0.00019893 5.0621e-05
9.3704 0.00017609 4.6147e-05
9.4284 0.00018583 4.7956e-05
9.4864 0.00018606 4.8015e-05
9.5445 0.00017427 4.567e-05
9.6025 0.0001633 4.353e-05
9.6605 0.00021699 5.4192e-05
9.7185 0.00015013 4.0785e-05
9.7766 0.0001978 5.0334e-05
9.8346 0.00014677 4.0286e-05
9.8926 0.00016296 4.3441e-05
9.9506 0.00020305 5.1333e-05
10.009 0.00019043 4.8792e-05
10.067 0.00019953 5.0773e-05
10.125 0.00019274 4.9382e-05
10.183 0.00014425 3.9596e-05
10.241 0.00022627 5.5878e-05
10.299 0.00022674 5.5993e-05
10.357 0.00013334 3.7436e-05
10.415 0.00016166 4.3094e-05
10.473 0.00020283 5.1277e-05
10.531 0.00017512 4.5892e-05
10.589 0.0002136 5.3344e-05
10.647 0.00014396 3.9514e-05
10.705 0.00024965 6.0433e-05
10.763 0.0001507 4.0942e-05
10.821 0.00018457 4.7629e-05
10.879 0.0001491 4.0506e-05
10.937 0.00012721 3.616e-05
10.995 0.00015028 4.0826e-05
11.053 0.00025428 6.1275e-05
11.111 0.00019911 5.0339e-05
11.169 0.00021411 5.3473e-05
11.227 0.00022568 5.5733e-05
11.285 0.00016651 4.4001e-05
11.343 0.00026462 6.3222e-05
11.401 0.00011458 3.3473e-05
11.459 0.00022011 5.4656e-05
11.517 0.00012021 3.4625e-05
11.575 0.00021261 5.3096e-05
11.633 0.00017912 4.6572e-05
11.691 0.00015638 4.2071e-05
11.749 0.00016137 4.3016e-05
11.807 0.0001541 4.1459e-05
11.865 0.00018394 4.7467e-05
11.923 0.00015607 4.1989e-05
11.981 0.00021859 5.4279e-05
12.039 0.00019995 5.055e-05
12.097 0.00017785 4.6241e-05
12.155 0.00023082 5.6701e-05
12.213 0.00016166 4.3094e-05
12.271 0.0001937 4.929e-05
12.329 0.00024052 5.8497e-05
12.388 0.00015433 4.1521e-05
12.446 0.00013794 3.8279e-05
12.504 0.00019234 4.8944e-05
12.562 0.00018219 4.7015e-05
12.62 0.00020005 5.0576e-05
12.678 0.00013025 3.6568e-05
12.736 0.00014691 3.9911e-05
12.794 0.00015345 4.1282e-05
12.852 0.00023261 5.685e-05
12.91 0.00015226 4.0963e-05
12.968 0.00016214 4.2845e-05
13.026 0.00020905 5.2208e-05
13.084 0.00016462 4.3499e-05
13.142 0.00019181 4.8809e-05
13.2 0.0001622 4.2861e-05
13.258 0.00017544 4.5616e-05
13.316 0.00018624 4.7716e-05
13.374 0.00015224 4.0957e-05
13.432 0.00019685 4.9765e-05
13.49 0.00020281 5.0953e-05
13.548 0.00015275 4.1095e-05
13.606 0.00021966 5.4244e-05
13.664 0.00015772 4.2042e-05
13.722 0.00016839 4.4128e-05
13.78 0.000153 4.1161e-05
13.838 0.00021338 5.2984e-05
13.896 0.00017902 4.6197e-05
13.954 0.00018503 4.7408e-05
14.012 0.00014542 3.9505e-05
14.07 0.00017972 4.6379e-05
14.128 0.00014451 3.926e-05
14.186 0.00015023 4.0418e-05
14.244 0.00022964 5.6125e-05
14.302 0.00018988 4.832e-05
14.36 0.00020462 5.1103e-05
14.418 0.00015013 4.039e-05
14.476 0.00013892 3.8132e-05
14.534 0.0002226 5.4682e-05
14.592 0.00017113 4.4495e-05
14.65 0.00019408 4.9066e-05
14.708 0.00013972 3.835e-05
14.766 0.00018379 4.7091e-05
14.824 0.00012117 3.4442e-05
14.882 0.00020034 5.0333e-05
14.94 0.00022238 5.4628e-05
14.998 0.00017081 4.4412e-05
15.056 0.00021428 5.2917e-05
15.114 0.00019845 4.9857e-05
15.173 0.00014441 3.9233e-05
15.231 0.00019862 4.99e-05
15.289 0.00016438 4.3078e-05
15.347 0.00016442 4.3088e-05
15.405 0.00021999 5.4041e-05
15.463 0.00022328 5.457e-05
15.521 0.00020156 5.0336e-05
15.579 0.00015266 4.0693e-05
15.637 0.00013665 3.7509e-05
15.695 0.0001586 4.1909e-05
15.753 0.00016226 4.2523e-05
15.811 0.00014677 3.9487e-05
15.869 0.00015873 4.1945e-05
15.927 0.00019519 4.9039e-05
15.985 0.00018902 4.7786e-05
16.043 0.00016264 4.2621e-05
16.101 0.00016318 4.2762e-05
16.159 0.0001471 3.9574e-05
16.217 0.0001612 4.2245e-05
16.275 0.00019478 4.8936e-05
16.333 0.0001853 4.7152e-05
16.391 0.00013997 3.8025e-05
16.449 0.00012318 3.4583e-05
16.507 0.0002103 5.1933e-05
16.565 0.00020031 5.0026e-05
16.623 0.00020502 5.0909e-05
16.681 0.00019739 4.9295e-05
16.739 0.00014929 3.9796e-05
16.797 0.00020967 5.1777e-05
16.855 0.00018503 4.6777e-05
16.913 0.00013823 3.7552e-05
16.971 0.00017511 4.4867e-05
17.029 0.00016419 4.2691e-05
17.087 0.00017531 4.4916e-05
17.145 0.00016167 4.2036e-05
17.203 0.00016887 4.3577e-05
17.261 0.00016425 4.2705e-05
17.319 0.00014204 3.8213e-05
17.377 0.00010986 3.1642e-05
17.435 0.00019384 4.8409e-05
17.493 0.00019511 4.8728e-05
17.551 0.00022604 5.4719e-05
17.609 0.00019199 4.7949e-05
17.667 0.00014162 3.8101e-05
17.725 0.00020344 5.024e-05
17.783 0.00013538 3.6778e-05
17.841 0.00015553 4.0759e-05
17.9 0.00013978 3.7606e-05
17.958 0.00017726 4.5107e-05
18.016 0.00019654 4.8805e-05
18.074 0.00018891 4.7178e-05
18.132 0.00012411 3.4441e-05
18.19 0.00014431 3.8468e-05
18.248 0.00020059 4.9536e-05
18.306 0.00018871 4.7129e-05
18.364 0.00016917 4.3343e-05
18.422 0.00013365 3.6308e-05
18.48 0.00015241 3.9942e-05
18.538 0.00013237 3.5962e-05
18.596 0.00023479 5.6095e-05
18.654 0.00013218 3.5909e-05
18.712 0.00018403 4.6235e-05
18.77 0.00014133 3.7673e-05
18.828 0.0001563 4.0638e-05
18.886 0.00018318 4.6022e-05
18.944 0.00015604 4.057e-05
19.002 0.00016586 4.2495e-05
19.06 0.0001608 4.1496e-05
19.118 0.0001621 4.183e-05
19.176 0.00020997 5.1068e-05
19.234 0.00014937 3.9145e-05
19.292 0.00017516 4.4282e-05
19.35 0.00018998 4.7174e-05
19.408 0.00013975 3.7252e-05
19.466 0.0002118 5.1272e-05
19.524 0.00021266 5.1478e-05
19.582 0.00016938 4.3103e-05
19.64 0.00016266 4.1675e-05
19.698 0.00012755 3.465e-05
19.756 0.00017173 4.3415e-05
19.814 0.00021721 5.2344e-05
19.872 0.00016135 4.134e-05
19.93 0.00015601 4.026e-05
19.988 0.00013685 3.648e-05
20.046 0.00019618 4.8191e-05
20.104 0.00019453 4.7787e-05
20.162 0.00017828 4.4525e-05
20.22 0.00019033 4.7003e-05
20.278 0.00016004 4.1004e-05
20.336 0.00016459 4.1884e-05
20.394 0.00016789 4.2444e-05
20.452 0.00015902 4.0744e-05
20.51 0.00014427 3.7808e-05
20.568 0.00010993 3.0864e-05
20.626 0.00017574 4.389e-05
20.685 0.00011843 3.2508e-05
20.743 0.00018553 4.5817e-05
20.801 0.00018023 4.4753e-05
20.859 0.00018809 4.6203e-05
20.917 0.00016964 4.2619e-05
20.975 0.00014103 3.6959e-05
21.033 0.00017383 4.3412e-05
21.091 0.00017204 4.2966e-05
21.149 0.00018252 4.5073e-05
21.207 0.00016831 4.2287e-05
21.265 0.00014837 3.8288e-05
21.323 0.00016046 4.0566e-05
21.381 0.00017248 4.3075e-05
21.439 0.00019067 4.6602e-05
21.497 0.00018863 4.6101e-05
21.555 0.00015936 4.0288e-05
21.613 0.00019606 4.746e-05
21.671 0.00011901 3.2331e-05
21.729 0.00019531 4.728e-05
21.787 0.00017582 4.3418e-05
21.845 0.00017135 4.2549e-05
21.903 0.00019405 4.6974e-05
21.961 0.00016501 4.1211e-05
22.019 0.00011515 3.1282e-05
22.077 0.00016404 4.0968e-05
22.135 0.0001331 3.4881e-05
22.193 0.00016358 4.0852e-05
22.251 0.0001754 4.3087e-05
22.309 0.00018875 4.5692e-05
22.367 0.00019781 4.746e-05
22.425 8.3654e-05 2.4812e-05
22.483 0.00017374 4.2679e-05
22.541 0.00013975 3.6062e-05
22.599 0.00013949 3.5996e-05
22.657 0.0001567 3.9368e-05
22.715 0.00016379 4.067e-05
22.773 0.00018596 4.5017e-05
22.831 0.00014277 3.658e-05
22.889 0.00013724 3.5416e-05
22.947 0.000194 4.635e-05
23.005 0.00012327 3.2575e-05
23.063 0.00016127 4.0045e-05
23.121 0.00013027 3.3871e-05
23.179 0.00012089 3.1945e-05
23.237 0.00016265 4.0166e-05
23.295 0.00014661 3.7065e-05
23.353 0.00015676 3.8925e-05
23.412 0.00013553 3.4725e-05
23.47 0.00016779 4.1008e-05
23.528 0.00015993 3.9496e-05
23.586 0.00017583 4.2564e-05
23.644 0.00017761 4.28e-05
23.702 0.00014133 3.573e-05
23.76 0.00017299 4.1877e-05
23.818 0.00014021 3.5446e-05
23.876 0.00013842 3.4995e-05
23.934 0.00012682 3.2727e-05
23.992 0.00021345 4.9538e-05
24.05 0.00017737 4.2556e-05
24.108 0.0001629 3.962e-05
24.166 0.00017111 4.1235e-05
24.224 0.00018927 4.4689e-05
24.282 0.00015079 3.7237e-05
24.34 0.00017239 4.1362e-05
24.398 0.00018395 4.36e-05
24.456 0.0001606 3.906e-05
24.514 0.00015195 3.7327e-05
24.572 0.00017002 4.0793e-05
24.63 0.00017296 4.1324e-05
24.688 0.00013504 3.3928e-05
24.746 0.00021996 5.03e-05
24.804 0.00020541 4.7379e-05
24.862 0.00015443 3.756e-05
24.92 0.00016094 3.8784e-05
24.978 0.00017022 4.0503e-05
25.036 0.00012183 3.1002e-05
25.094 0.00018564 4.3368e-05
25.152 0.00013922 3.438e-05
25.21 0.00016906 4.0071e-05
25.268 0.00019243 4.4519e-05
25.326 0.00016427 3.9087e-05
25.384 0.00015707 3.7686e-05
25.442 0.00019429 4.4813e-05
25.5 0.00013988 3.4187e-05
25.558 0.00016027 3.8137e-05
25.616 0.00014892 3.5886e-05
25.674 0.00015167 3.639e-05
25.732 0.00017964 4.169e-05
25.79 0.00018822 4.3285e-05
25.848 0.00012535 3.1127e-05
25.906 0.00016317 3.8386e-05
25.964 0.00012918 3.1732e-05
26.022 0.0001782 4.1227e-05
26.08 0.00013825 3.3467e-05
26.138 0.00016999 3.958e-05
26.197 0.00017053 3.9576e-05
26.255 0.00015461 3.6506e-05
26.313 0.00021425 4.7932e-05
26.371 0.00016589 3.8624e-05
26.429 0.00019388 4.3876e-05
26.487 0.00015312 3.6021e-05
26.545 0.00013349 3.2168e-05
26.603 0.00014358 3.403e-05
26.661 0.00013588 3.2465e-05
26.719 0.00016045 3.712e-05
26.777 0.00011367 2.807e-05
26.835 0.0001403 3.3128e-05
26.893 0.00017232 3.9196e-05
26.951 0.00016826 3.8373e-05
27.009 0.00014161 3.3195e-05
27.067 0.00015427 3.5582e-05
27.125 0.00015637 3.5858e-05
27.183 0.00015899 3.6259e-05
27.241 0.00017367 3.9026e-05
27.299 0.00015225 3.4816e-05
27.357 0.00016434 3.7101e-05
27.415 0.00015457 3.5159e-05
27.473 0.00017406 3.8858e-05
27.531 0.00018077 4.0033e-05
27.589 0.00013719 3.1642e-05
27.647 0.0001638 3.6646e-05
27.705 0.00015459 3.4818e-05
27.763 0.0001595 3.5607e-05
27.821 0.00016531 3.6608e-05
27.879 0.00012885 2.9547e-05
27.937 0.00016261 3.5943e-05
27.995 0.00013069 2.9725e-05
28.053 0.00015705 3.4651e-05
28.111 0.00015588 3.4393e-05
28.169 0.00018812 4.0389e-05
28.227 0.0001796 3.871e-05
28.285 0.00015689 3.426e-05
28.343 0.00012908 2.8878e-05
28.401 0.00016379 3.5398e-05
28.459 0.00014969 3.2587e-05
28.517 0.00017495 3.7253e-05
28.575 0.00015939 3.4178e-05
28.633 0.00015406 3.2996e-05
28.691 0.00013882 2.9921e-05
28.749 0.00015828 3.3428e-05
28.807 0.00017561 3.6587e-05
28.865 0.00018763 3.8771e-05
28.924 0.00015068 3.1649e-05
28.982 0.00015039 3.1429e-05
29.04 0.00015163 3.1478e-05
29.098 0.00016061 3.2937e-05
29.156 0.00014992 3.0664e-05
29.214 0.00015851 3.1985e-05
29.272 0.00014367 2.8858e-05
29.33 0.00016267 3.2162e-05
29.388 0.00015235 2.9577e-05
29.446 0.00014925 2.9098e-05
29.504 0 1
29.562 0 1
29.62 0 1
29.678 0 1
