-29.678 0 1
-29.62 0 1
-29.562 0 1
-29.504 0.00040584 8.0013e-05
-29.446 0.00041092 8.0776e-05
-29.388 0.00039389 7.8877e-05
-29.33 0.00037402 7.569e-05
-29.272 0.000437 8.8416e-05
-29.214 0.00043278 8.8283e-05
-29.156 0.00039627 8.1872e-05
-29.098 0.00043206 8.923e-05
-29.04 0.00038677 8.0922e-05
-28.982 0.0004434 9.2143e-05
-28.924 0.00051159 0.00010557
-28.865 0.00036943 7.8487e-05
-28.807 0.00040131 8.494e-05
-28.749 0.00040833 8.6685e-05
-28.691 0.00049077 0.00010298
-28.633 0.00037113 8.0232e-05
-28.575 0.00038889 8.3893e-05
-28.517 0.00039532 8.537e-05
-28.459 0.00043725 9.3772e-05
-28.401 0.00043414 9.3374e-05
-28.343 0.00039359 8.577e-05
-28.285 0.00039812 8.6971e-05
-28.227 0.00045785 9.8669e-05
-28.169 0.0003905 8.5876e-05
-28.111 0.00034359 7.6881e-05
-28.053 0.00037867 8.389e-05
-27.995 0.00041911 9.1916e-05
-27.937 0.00038221 8.4944e-05
-27.879 0.00040069 8.8769e-05
-27.821 0.00031693 7.2692e-05
-27.763 0.00038143 8.5501e-05
-27.705 0.00042815 9.4706e-05
-27.647 0.00041854 9.3017e-05
-27.589 0.00035552 8.0981e-05
-27.531 0.00033584 7.7408e-05
-27.473 0.00043912 9.7592e-05
-27.415 0.0004475 9.9295e-05
-27.357 0.0004124 9.2613e-05
-27.299 0.00043834 9.7909e-05
-27.241 0.00044515 9.9261e-05
-27.183 0.00039247 8.9204e-05
-27.125 0.00039687 9.0203e-05
-27.067 0.00037275 8.5703e-05
-27.009 0.00043294 9.7597e-05
-26.951 0.00033733 7.9051e-05
-26.893 0.00045435 0.00010203
-26.835 0.00038135 8.8125e-05
-26.777 0.00033878 7.9885e-05
-26.719 0.00050418 0.00011223
-26.661 0.00037815 8.7853e-05
-26.603 0.00040523 9.3404e-05
-26.545 0.00041984 9.6295e-05
-26.487 0.00030944 7.4826e-05
-26.429 0.00047682 0.0001077
-26.371 0.00041546 9.5761e-05
-26.313 0.00032337 7.7885e-05
-26.255 0.00037971 8.8981e-05
-26.197 0.00031849 7.7013e-05
-26.138 0.00046102 0.00010501
-26.08 0.00040018 9.3233e-05
-26.022 0.00040038 9.328e-05
-25.964 0.00042555 9.8338e-05
-25.906 0.00036024 8.5806e-05
-25.848 0.00041064 9.5669e-05
-25.79 0.00044445 0.00010244
-25.732 0.00046393 0.00010641
-25.674 0.00038625 9.1375e-05
-25.616 0.00032146 7.8734e-05
-25.558 0.00043018 9.9942e-05
-25.5 0.00051865 0.00011739
-25.442 0.00043337 0.00010096
-25.384 0.00041155 9.6738e-05
-25.326 0.00042818 0.00010004
-25.268 0.00034832 8.4576e-05
-25.21 0.00038824 9.2474e-05
-25.152 0.00030464 7.6084e-05
-25.094 0.00039965 9.4863e-05
-25.036 0.00033242 8.1794e-05
-24.978 0.00049225 0.00011318
-24.92 0.00030982 7.7379e-05
-24.862 0.00043267 0.0001017
-24.804 0.00032192 7.9985e-05
-24.746 0.00041566 9.8663e-05
-24.688 0.0003921 9.4078e-05
-24.63 0.00030349 7.6634e-05
-24.572 0.00040457 9.6711e-05
-24.514 0.00031835 7.9936e-05
-24.456 0.00043342 0.00010253
-24.398 0.00037714 9.1572e-05
-24.34 0.00048835 0.00011346
-24.282 0.00040063 9.6492e-05
-24.224 0.00043347 0.00010289
-24.166 0.00042573 0.0001014
-24.108 0.0003776 9.2076e-05
-24.05 0.00047512 0.00011134
-23.992 0.00042595 0.00010182
-23.934 0.00028646 7.4169e-05
-23.876 0.00046138 0.00010879
-23.818 0.0004945 0.00011554
-23.76 0.00042164 0.00010116
-23.702 0.000378 9.2583e-05
-23.644 0.000372 9.1533e-05
-23.586 0.00030362 7.8087e-05
-23.528 0.00040917 9.8942e-05
-23.47 0.00047919 0.00011264
-23.412 0.00030517 7.8486e-05
-23.353 0.00048143 0.00011352
-23.295 0.0003601 8.9471e-05
-23.237 0.00033541 8.4693e-05
-23.179 0.00036403 9.0449e-05
-23.121 0.00035718 8.9205e-05
-23.063 0.00034705 8.7142e-05
-23.005 0.00030001 7.7678e-05
-22.947 0.00039496 9.6737e-05
-22.889 0.00036192 9.039e-05
-22.831 0.00037132 9.226e-05
-22.773 0.00036175 9.0347e-05
-22.715 0.00028954 7.6052e-05
-22.657 0.0004153 0.00010127
-22.599 0.00045063 0.00010812
-22.541 0.00047611 0.00011301
-22.483 0.00042729 0.00010375
-22.425 0.00026683 7.1821e-05
-22.367 0.00024834 6.8099e-05
-22.309 0.00022859 6.4006e-05
-22.251 0.00031654 8.1957e-05
-22.193 0.00040634 9.9981e-05
-22.135 0.00034746 8.8252e-05
-22.077 0.00040558 9.9794e-05
-22.019 0.00039894 9.8631e-05
-21.961 0.00047898 0.0001145
-21.903 0.00034092 8.7122e-05
-21.845 0.00049718 0.00011801
-21.787 0.00045065 0.00010897
-21.729 0.0003276 8.4819e-05
-21.671 0.00033595 8.6402e-05
-21.613 0.00025741 7.0587e-05
-21.555 0.00051534 0.00012191
-21.497 0.00045158 0.00010965
-21.439 0.00033062 8.5603e-05
-21.381 0.00031001 8.1429e-05
-21.323 0.00029062 7.7557e-05
-21.265 0.00042451 0.00010445
-21.207 0.00039455 9.8537e-05
-21.149 0.00042426 0.00010439
-21.091 0.00044714 0.00010903
-21.033 0.00043882 0.00010748
-20.975 0.00043857 0.00010742
-20.917 0.00038761 9.7328e-05
-20.859 0.0004715 0.00011401
-20.801 0.00034927 8.9829e-05
-20.743 0.00042969 0.00010573
-20.685 0.00037007 9.3993e-05
-20.626 0.00053698 0.00012703
-20.568 0.00033216 8.6607e-05
-20.51 0.00043403 0.00010679
-20.452 0.0004224 0.00010443
-20.394 0.00035232 9.0613e-05
-20.336 0.00046048 0.00011229
-20.278 0.00036547 9.3395e-05
-20.22 0.00033195 8.6552e-05
-20.162 0.00032546 8.5486e-05
-20.104 0.00035773 9.2004e-05
-20.046 0.00039048 9.8599e-05
-19.988 0.00042112 0.00010463
-19.93 0.00029723 8.0002e-05
-19.872 0.00037354 9.5457e-05
-19.814 0.00041421 0.00010345
-19.756 0.00038052 9.6649e-05
-19.698 0.00039447 9.9607e-05
-19.64 0.00029909 8.0504e-05
-19.582 0.00036382 9.3571e-05
-19.524 0.00037364 9.5483e-05
-19.466 0.00036566 9.4044e-05
-19.408 0.00050985 0.0001228
-19.35 0.00032411 8.5793e-05
-19.292 0.00048406 0.00011753
-19.234 0.00031314 8.3565e-05
-19.176 0.00043774 0.00010876
-19.118 0.00038099 9.7363e-05
-19.06 0.00027207 7.5366e-05
-19.002 0.00048866 0.00011865
-18.944 0.00047137 0.00011545
-18.886 0.00040544 0.00010238
-18.828 0.00042514 0.00010618
-18.77 0.00038373 9.8061e-05
-18.712 0.00040954 0.00010341
-18.654 0.00036031 9.329e-05
-18.596 0.00034063 8.947e-05
-18.538 0.00039672 0.00010076
-18.48 0.00032163 8.5833e-05
-18.422 0.00042017 0.0001055
-18.364 0.00042 0.00010546
-18.306 0.00048829 0.00011907
-18.248 0.00032259 8.6088e-05
-18.19 0.00035719 9.3132e-05
-18.132 0.00036661 9.4921e-05
-18.074 0.00024645 7.0655e-05
-18.016 0.00041897 0.00010579
-17.958 0.00037075 9.5992e-05
-17.9 0.0005046 0.00012252
-17.841 0.00033728 8.9277e-05
-17.783 0.00035143 9.2309e-05
-17.725 0.00041756 0.00010544
-17.667 0.00031325 8.4315e-05
-17.609 0.00027241 7.6274e-05
-17.551 0.00037528 9.7164e-05
-17.493 0.00040814 0.00010366
-17.435 0.00030544 8.2961e-05
-17.377 0.00050165 0.00012232
-17.319 0.00040179 0.00010268
-17.261 0.00042223 0.00010662
-17.203 0.00031727 8.5397e-05
-17.145 0.00040195 0.00010272
-17.087 0.00033303 8.8873e-05
-17.029 0.00033153 8.8473e-05
-16.971 0.00024004 6.9716e-05
-16.913 0.00045916 0.00011409
-16.855 0.00050749 0.00012375
-16.797 0.00031135 8.4566e-05
-16.739 0.00040165 0.00010264
-16.681 0.00033706 8.995e-05
-16.623 0.0003819 9.8879e-05
-16.565 0.00043889 0.0001102
-16.507 0.00043742 0.00010984
-16.449 0.00035657 9.3657e-05
-16.391 0.00042054 0.00010681
-16.333 0.00030186 8.2776e-05
-16.275 0.00034551 9.1458e-05
-16.217 0.00032603 8.7756e-05
-16.159 0.00038608 9.9963e-05
-16.101 0.0003846 9.9578e-05
-16.043 0.0004427 0.00011116
-15.985 0.00024407 7.0887e-05
-15.927 0.00033994 9.0718e-05
-15.869 0.00043441 0.00010969
-15.811 0.00033727 9.0004e-05
-15.753 0.00037743 9.8409e-05
-15.695 0.0004608 0.00011509
-15.637 0.00034086 9.0963e-05
-15.579 0.00032745 8.8137e-05
-15.521 0.00041227 0.00010535
-15.463 0.00033158 8.9248e-05
-15.405 0.00038972 0.0001009
-15.347 0.00034128 9.1075e-05
-15.289 0.00036807 9.6678e-05
-15.231 0.00035717 9.4544e-05
-15.173 0.00034314 9.1573e-05
-15.114 0.00042534 0.00010803
-15.056 0.00041475 0.00010599
-14.998 0.00032251 8.7595e-05
-14.94 0.00053655 0.00013028
-14.882 0.00036694 9.6381e-05
-14.824 0.00038211 9.963e-05
-14.766 0.00050407 0.00012403
-14.708 0.00031031 8.5092e-05
-14.65 0.00045284 0.00011371
-14.592 0.00033383 8.9855e-05
-14.534 0.00035905 9.5042e-05
-14.476 0.00044263 0.00011177
-14.418 0.0003334 8.9739e-05
-14.36 0.00027596 7.8157e-05
-14.302 0.00028912 8.0953e-05
-14.244 0.00037201 9.7713e-05
-14.186 0.0003726 9.7868e-05
-14.128 0.00044729 0.00011294
-14.07 0.00026685 7.6503e-05
-14.012 0.00033592 9.0417e-05
-13.954 0.00038464 0.00010029
-13.896 0.00040999 0.00010544
-13.838 0.00023043 6.8885e-05
-13.78 0.00031463 8.6276e-05
-13.722 0.00048141 0.00011961
-13.664 0.00041549 0.00010686
-13.606 0.00035381 9.442e-05
-13.548 0.00045001 0.00011363
-13.49 0.00029011 8.1232e-05
-13.432 0.00042729 0.00010919
-13.374 0.00040362 0.0001045
-13.316 0.0003918 0.00010216
-13.258 0.00034009 9.1538e-05
-13.2 0.00019571 6.1653e-05
-13.142 0.00038115 0.00010011
-13.084 0.00032962 8.9527e-05
-13.026 0.00034119 9.1835e-05
-12.968 0.00044941 0.00011348
-12.91 0.00040523 0.00010492
-12.852 0.00046578 0.00011696
-12.794 0.00039086 0.00010191
-12.736 0.00036944 9.7791e-05
-12.678 0.00018551 5.9652e-05
-12.62 0.00041692 0.00010723
-12.562 0.00034203 9.206e-05
-12.504 0.00038063 9.9977e-05
-12.446 0.00037176 9.8405e-05
-12.388 0.00031931 8.756e-05
-12.329 0.00035596 9.4993e-05
-12.271 0.00034445 9.2712e-05
-12.213 0.00032219 8.835e-05
-12.155 0.00025906 7.524e-05
-12.097 0.00034291 9.2298e-05
-12.039 0.00044311 0.00011255
-11.981 0.00048627 0.00012145
-11.923 0.00040952 0.00010603
-11.865 0.00036889 9.7645e-05
-11.807 0.00034597 9.3123e-05
-11.749 0.00046001 0.00011616
-11.691 0.00043293 0.00011063
-11.633 0.00037097 9.8196e-05
-11.575 0.00030869 8.5511e-05
-11.517 0.00032286 8.8534e-05
-11.459 0.00039564 0.00010316
-11.401 0.00039558 0.00010314
-11.343 0.00039704 0.00010352
-11.285 0.00030044 8.4122e-05
-11.227 0.00033701 9.1535e-05
-11.169 0.0003218 8.8243e-05
-11.111 0.00044758 0.00011368
-11.053 0.00026327 7.6462e-05
-10.995 0.00032377 8.8783e-05
-10.937 0.0003587 9.5724e-05
-10.879 0.00032504 8.9131e-05
-10.821 0.00023771 7.1062e-05
-10.763 0.00040244 0.00010493
-10.705 0.00032324 8.8638e-05
-10.647 0.0004618 0.00011661
-10.589 0.0004533 0.00011513
-10.531 0.0003502 9.4261e-05
-10.473 0.00045876 0.00011584
-10.415 0.00040177 0.00010476
-10.357 0.00036456 9.7287e-05
-10.299 0.00041322 0.00010699
-10.241 0.00048864 0.00012204
-10.183 0.00038779 0.00010186
-10.125 0.00040685 0.00010608
-10.067 0.00039033 0.00010253
-10.009 0.00039804 0.00010378
-9.9506 0.00030215 8.4603e-05
-9.8926 0.00050505 0.00012549
-9.8346 0.00039244 0.00010308
-9.7766 0.00033763 9.1703e-05
-9.7185 0.0003153 8.7341e-05
-9.6605 0.00027877 7.992e-05
-9.6025 0.00032716 8.9714e-05
-9.5445 0.00031341 8.6816e-05
-9.4864 0.00038 0.00010059
-9.4284 0.00035488 9.5521e-05
-9.3704 0.00032786 8.9905e-05
-9.3124 0.00035338 9.5116e-05
-9.2544 0.00041506 0.00010747
-9.1963 0.00039802 0.00010455
-9.1383 0.00049128 0.0001227
-9.0803 0.00048093 0.00012076
-9.0223 0.00038164 0.00010102
-8.9643 0.00045959 0.00011673
-8.9062 0.00030166 8.4466e-05
-8.8482 0.00053141 0.00013076
-8.7902 0.00026471 7.6881e-05
-8.7322 0.00046023 0.00011689
-8.6742 0.00048412 0.00012156
-8.6161 0.00033918 9.2123e-05
-8.5581 0.00034463 9.3604e-05
-8.5001 0.00030663 8.5856e-05
-8.4421 0.00045594 0.00011581
-8.384 0.00028949 8.1989e-05
-8.326 0.00030406 8.5137e-05
-8.268 0.00033274 9.1242e-05
-8.21 0.00040566 0.00010577
-8.152 0.00037947 0.00010045
-8.0939 0.00031822 8.8149e-05
-8.0359 0.00029386 8.3227e-05
-7.9779 0.0003307 9.0683e-05
-7.9199 0.00036947 9.8598e-05
-7.8619 0.00045768 0.00011625
-7.8038 0.00051245 0.00012732
-7.7458 0.0003816 0.00010101
-7.6878 0.00038166 0.00010103
-7.6298 0.00033295 9.13e-05
-7.5718 0.00034917 9.4837e-05
-7.5137 0.00052699 0.00013029
-7.4557 0.00037037 9.8838e-05
-7.3977 0.00038507 0.00010193
-7.3397 0.00036173 9.7363e-05
-7.2816 0.00038677 0.00010238
-7.2236 0.00025533 7.5197e-05
-7.1656 0.00030769 8.6153e-05
-7.1076 0.0002992 8.4739e-05
-7.0496 0.00042336 0.00010961
-6.9915 0.00031725 8.788e-05
-6.9335 0.00043974 0.0001131
-6.8755 0.00032215 8.9239e-05
-6.8175 0.00035798 9.6353e-05
-6.7595 0.00038333 0.00010147
-6.7014 0.00037096 9.8996e-05
-6.6434 0.00045311 0.00011579
-6.5854 0.00033328 9.1391e-05
-6.5274 0.00042473 0.00010997
-6.4694 0.00041976 0.00010868
-6.4113 0.00048138 0.00012155
-6.3533 0.00040083 0.00010528
-6.2953 0.00044829 0.00011456
-6.2373 0.00041986 0.00010871
-6.1792 0.00033952 9.3103e-05
-6.1212 0.00045902 0.00011659
-6.0632 0.00030781 8.6186e-05
-6.0052 0.0003748 0.00010002
-5.9472 0.00036098 9.7161e-05
-5.8891 0.00036289 9.7675e-05
-5.8311 0.00023071 7.0087e-05
-5.7731 0.00031989 8.8612e-05
-5.7151 0.00037829 0.00010095
-5.6571 0.00032996 9.0481e-05
-5.599 0.00028149 8.0699e-05
-5.541 0.00040303 0.00010586
-5.483 0.00029758 8.428e-05
-5.425 0.00047356 0.00011958
-5.3669 0.00037125 9.9074e-05
-5.3089 0.00046593 0.00011834
-5.2509 0.0002844 8.1533e-05
-5.1929 0.0004197 0.00010867
-5.1349 0.00023199 7.0476e-05
-5.0768 0.00030792 8.6219e-05
-5.0188 0.00048088 0.00012143
-4.9608 0.00034707 9.4266e-05
-4.9028 0.00034428 9.351e-05
-4.8448 0.0003501 9.509e-05
-4.7867 0.00044791 0.00011446
-4.7287 0.0004386 0.0001128
-4.6707 0.00040196 0.00010558
-4.6127 0.00044621 0.00011403
-4.5547 0.00049122 0.00012334
-4.4966 0.00025918 7.6331e-05
-4.4386 0.00039082 0.00010345
-4.3806 0.00041891 0.00010846
-4.3226 0.00036277 9.7645e-05
-4.2645 0.00034895 9.4777e-05
-4.2065 0.00046231 0.00011742
-4.1485 0.00040129 0.00010541
-4.0905 0.00036155 9.7316e-05
-4.0325 0.00033564 9.2037e-05
-3.9744 0.00036002 9.6905e-05
-3.9164 0.00049052 0.00012317
-3.8584 0.0003784 0.00010098
-3.8004 0.00034703 9.4255e-05
-3.7424 0.0003333 9.1396e-05
-3.6843 0.00036106 9.7183e-05
-3.6263 0.00043155 0.00011173
-3.5683 0.00044451 0.00011432
-3.5103 0.00042166 0.00010917
-3.4523 0.00028151 8.0705e-05
-3.3942 0.00047341 0.00012024
-3.3362 0.00043065 0.0001115
-3.2782 0.00043079 0.0001108
-3.2202 0.00037812 0.00010091
-3.1621 0.00040908 0.00010745
-3.1041 0.00031728 8.7888e-05
-3.0461 0.00045438 0.00011612
-2.9881 0.00052583 0.00013065
-2.9301 0.00035706 9.6107e-05
-2.872 0.00030279 8.5755e-05
-2.814 0.00034312 9.3194e-05
-2.756 0.00039699 0.00010508
-2.698 0.00054111 0.00013314
-2.64 0.00053062 0.00013119
-2.5819 0.0003941 0.00010432
-2.5239 0.00063919 0.00015225
-2.4659 0.00052045 0.00012998
-2.4079 0.00048629 0.0001221
-2.3499 0.00045978 0.00011678
-2.2918 0.00030941 8.763e-05
-2.2338 0.00038757 0.0001018
-2.1758 0.00055617 0.00013685
-2.1178 0.000662 0.00015661
-2.0597 0.00050826 0.00012694
-2.0017 0.00050758 0.00012745
-1.9437 0.0006297 0.00014999
-1.8857 0.00058539 0.00014214
-1.8277 0.00068911 0.00016302
-1.7696 0.00061097 0.00014553
-1.7116 0.00046939 0.00012072
-1.6536 0.00056275 0.00013723
-1.5956 0.00071348 0.0001672
-1.5376 0.00068189 0.00015979
-1.4795 0.00079945 0.00018523
-1.4215 0.0010463 0.00023179
-1.3635 0.00092834 0.00020887
-1.3055 0.0010141 0.00022467
-1.2475 0.0012269 0.00026769
-1.1894 0.0015665 0.00033108
-1.1314 0.0019217 0.00040301
-1.0734 0.002079 0.00043046
-1.0154 0.0026699 0.00054314
-0.95735 0.0037033 0.00074257
-0.89933 0.0042085 0.00084012
-0.84131 0.0043055 0.00085687
-0.78328 0.0056051 0.0011062
-0.72526 0.0053125 0.0010512
-0.66724 0.0062947 0.001241
-0.60922 0.0069277 0.0013636
-0.5512 0.0069526 0.0013673
-0.49318 0.0077255 0.0015121
-0.43516 0.0073629 0.0014417
-0.37714 0.0069171 0.0013583
-0.31912 0.0065357 0.0012861
-0.26109 0.0063497 0.0012564
-0.20307 0.006189 0.0012168
-0.14505 0.0049298 0.00097687
-0.087032 0.0044004 0.00087831
-0.029011 0.0062676 0.0012015
0.029011 0.0033554 0.0006776
0.087032 0.0024329 0.00049763
0.14505 0.0021794 0.00044785
0.20307 0.0017037 0.00036406
0.26109 0.001615 0.00034157
0.31912 0.0010686 0.00023532
0.37714 0.0012166 0.00026219
0.43516 0.00078157 0.00017884
0.49318 0.00073134 0.00017191
0.5512 0.00092197 0.00021001
0.60922 0.00062722 0.00015107
0.66724 0.00072685 0.00016934
0.72526 0.00063359 0.00015039
0.78328 0.00054256 0.00013289
0.84131 0.00058876 0.00014296
0.89933 0.00042418 0.00010983
0.95735 0.00046563 0.00011757
1.0154 0.00052432 0.00012963
1.0734 0.00054548 0.00013623
1.1314 0.00056662 0.00013758
1.1894 0.00053483 0.00013289
1.2475 0.00042321 0.00010884
1.3055 0.00033653 9.2281e-05
1.3635 0.00055459 0.00013584
1.4215 0.0005649 0.00013966
1.4795 0.00044346 0.00011263
1.5376 0.00039005 0.00010325
1.5956 0.00051466 0.00012787
1.6536 0.00049711 0.00012626
1.7116 0.00042394 0.00010834
1.7696 0.00042739 0.00011144
1.8277 0.0004371 0.00011317
1.8857 0.00033775 9.1735e-05
1.9437 0.00039361 0.00010504
2.0017 0.00036132 9.7253e-05
2.0597 0.00047435 0.00011978
2.1178 0.00044776 0.00011593
2.1758 0.00034688 9.3367e-05
2.2338 0.00043867 0.00011438
2.2918 0.00042179 0.00010921
2.3499 0.00050726 0.00012669
2.4079 0.00030527 8.6458e-05
2.4659 0.0004602 0.0001176
2.5239 0.00036562 9.8412e-05
2.5819 0.00040567 0.00010655
2.64 0.00040012 0.0001051
2.698 0.00048665 0.0001236
2.756 0.00033304 9.1327e-05
2.814 0.00050943 0.00012792
2.872 0.00040928 0.00010671
2.9301 0.00050266 0.00012622
2.9881 0.00043376 0.00011231
3.0461 0.00041268 0.0001076
3.1041 0.00045337 0.0001166
3.1621 0.00047841 0.00012151
3.2202 0.00040676 0.00010606
3.2782 0.00038616 0.00010305
3.3362 0.00043633 0.00011297
3.3942 0.00037581 0.00010029
3.4523 0.00037159 9.9165e-05
3.5103 0.00039662 0.00010499
3.5683 0.00031714 8.88e-05
3.6263 0.00040576 0.00010658
3.6843 0.00039006 0.00010325
3.7424 0.00027294 7.9273e-05
3.8004 0.00033181 9.1914e-05
3.8584 0.00042103 0.00010978
3.9164 0.00044211 0.0001137
3.9744 0.00041873 0.00010918
4.0325 0.00045834 0.00011713
4.0905 0.00040851 0.0001073
4.1485 0.00040463 0.00010628
4.2065 0.00031635 8.8578e-05
4.2645 0.00036787 9.9017e-05
4.3226 0.00044047 0.00011328
4.3806 0.00034033 9.3324e-05
4.4386 0.00038315 0.00010225
4.4966 0.00022258 6.8804e-05
4.5547 0.00027216 7.9044e-05
4.6127 0.00034213 9.3817e-05
4.6707 0.00035414 9.6187e-05
4.7287 0.00041581 0.00010842
4.7867 0.00030189 8.55e-05
4.8448 0.00033698 9.2406e-05
4.9028 0.00048327 0.00012203
4.9608 0.00047425 0.00012045
5.0188 0.00037804 0.00010089
5.0768 0.00042966 0.00011125
5.1349 0.00031001 8.6804e-05
5.1929 0.00047521 0.0001207
5.2509 0.00034155 9.3659e-05
5.3089 0.00033991 9.3211e-05
5.3669 0.0003884 0.00010281
5.425 0.00042253 0.00011017
5.483 0.00041034 0.00010778
5.541 0.00041626 0.00010853
5.599 0.00041547 0.00010833
5.6571 0.00061406 0.00014849
5.7151 0.0003509 9.5307e-05
5.7731 0.00031496 8.819e-05
5.8311 0.00037035 9.9683e-05
5.8891 0.00031591 8.8456e-05
5.9472 0.00030378 8.6037e-05
6.0052 0.00031447 8.8053e-05
6.0632 0.00032673 9.0507e-05
6.1212 0.0002671 7.8662e-05
6.1792 0.00048261 0.00012186
6.2373 0.00034193 9.3765e-05
6.2953 0.00032622 9.0365e-05
6.3533 0.00036151 9.8189e-05
6.4113 0.00049457 0.00012419
6.4694 0.00019805 6.3686e-05
6.5274 0.00041686 0.00010869
6.5854 0.00042799 0.00011159
6.6434 0.00018495 6.0827e-05
6.7014 0.00036515 9.8286e-05
6.7595 0.0002755 8.0015e-05
6.8175 0.0003426 9.3948e-05
6.8755 0.00041162 0.00010812
6.9335 0.00035465 9.6326e-05
6.9915 0.00035253 9.575e-05
7.0496 0.00022695 7.0156e-05
7.1076 0.00036965 9.9496e-05
7.1656 0.00045689 0.00011676
7.2236 0.00039575 0.00010476
7.2816 0.00030566 8.6569e-05
7.3397 0.00034258 9.3941e-05
7.3977 0.00030037 8.5071e-05
7.4557 0.00035673 9.689e-05
7.5137 0.00041094 0.00010794
7.5718 0.00038236 0.00010204
7.6298 0.00032777 9.0794e-05
7.6878 0.00042037 0.00010961
7.7458 0.0003571 9.699e-05
7.8038 0.00051134 0.00012771
7.8619 0.00044336 0.00011403
7.9199 0.00035307 9.5896e-05
7.9779 0.00048884 0.00012344
8.0359 0.00039049 0.00010336
8.0939 0.00033731 9.2496e-05
8.152 0.00039123 0.00010356
8.21 0.00042065 0.00010968
8.268 0.00027394 7.9561e-05
8.326 0.00048145 0.00012157
8.384 0.00037748 0.00010074
8.4421 0.00033998 9.323e-05
8.5001 0.00045862 0.0001172
8.5581 0.00040103 0.00010534
8.6161 0.00044536 0.00011454
8.6742 0.00028904 8.2865e-05
8.7322 0.00039158 0.00010365
8.7902 0.00031123 8.7144e-05
8.8482 0.00038014 0.00010145
8.9062 0.00030227 8.5609e-05
8.9643 0.00040504 0.00010639
9.0223 0.00037952 0.00010128
9.0803 0.0003254 9.0138e-05
9.1383 0.00032941 9.1249e-05
9.1963 0.00035308 9.5899e-05
9.2544 0.00027053 7.8571e-05
9.3124 0.00027463 7.9761e-05
9.3704 0.000432 0.00011185
9.4284 0.00027212 7.9033e-05
9.4864 0.00037499 0.00010007
9.5445 0.00028732 8.2371e-05
9.6025 0.00032886 9.1098e-05
9.6605 0.00041627 0.00010854
9.7185 0.00032089 8.889e-05
9.7766 0.00043034 0.00011142
9.8346 0.00036654 9.8657e-05
9.8926 0.00020829 6.5616e-05
9.9506 0.00029834 8.4495e-05
10.009 0.00037676 0.00010054
10.067 0.00041695 0.00010871
10.125 0.00051713 0.00012849
10.183 0.00025832 7.6077e-05
10.241 0.00034932 9.4877e-05
10.299 0.00042891 0.00011105
10.357 0.00035126 9.5405e-05
10.415 0.00032271 8.9392e-05
10.473 0.00037638 0.00010044
10.531 0.00035048 9.5193e-05
10.589 0.00028335 8.1233e-05
10.647 0.0003865 0.00010231
10.705 0.00034791 9.4495e-05
10.763 0.00040168 0.00010551
10.821 0.00044956 0.00011489
10.879 0.0002303 6.9964e-05
10.937 0.00024506 7.3259e-05
10.995 0.00038926 0.00010304
11.053 0.00034818 9.457e-05
11.111 0.00036994 9.8725e-05
11.169 0.00033408 9.1611e-05
11.227 0.00037428 9.9882e-05
11.285 0.00046363 0.00011776
11.343 0.00035925 9.6696e-05
11.401 0.00028247 8.098e-05
11.459 0.00045182 0.00011546
11.517 0.00032182 8.9147e-05
11.575 0.00039713 0.00010431
11.633 0.00028326 8.1205e-05
11.691 0.00033419 9.1641e-05
11.749 0.00042378 0.00010972
11.807 0.00031934 8.8461e-05
11.865 0.00030836 8.6342e-05
11.923 0.00058347 0.00014167
11.981 0.0004233 0.0001096
12.039 0.00042288 0.00010949
12.097 0.00031998 8.8638e-05
12.155 0.00041094 0.00010715
12.213 0.00024404 7.2953e-05
12.271 0.00039408 0.00010351
12.329 0.00044696 0.00011422
12.388 0.00023232 7.0576e-05
12.446 0.00038141 0.00010096
12.504 0.00044327 0.00011328
12.562 0.00027968 8.0181e-05
12.62 0.00043471 0.0001118
12.678 0.00032881 9.0167e-05
12.736 0.00034076 9.2553e-05
12.794 0.00035532 9.5639e-05
12.852 0.00030361 8.5011e-05
12.91 0.00041427 0.00010726
12.968 0.00026509 7.699e-05
13.026 0.00040263 0.00010498
13.084 0.00027866 7.9888e-05
13.142 0.00039057 0.00010259
13.2 0.00042665 0.00010973
13.258 0.0003786 0.00010022
13.316 0.00039137 0.0001028
13.374 0.00041648 0.00010783
13.432 0.00042581 0.00010951
13.49 0.00038888 0.00010214
13.548 0.00035278 9.4955e-05
13.606 0.00036435 9.7231e-05
13.664 0.00040128 0.00010463
13.722 0.0002767 7.9326e-05
13.78 0.00045185 0.00011477
13.838 0.00028869 8.1761e-05
13.896 0.00037131 9.8287e-05
13.954 0.00036264 9.6775e-05
14.012 0.0003258 8.9341e-05
14.07 0.0004376 0.00011183
14.128 0.00047091 0.00011824
14.186 0.00036211 9.6634e-05
14.244 0.00043591 0.0001114
14.302 0.00037223 9.853e-05
14.36 0.00045761 0.00011555
14.418 0.00037388 9.8967e-05
14.476 0.00045997 0.00011615
14.534 0.00048614 0.00012141
14.592 0.00040908 0.00010592
14.65 0.00038112 0.00010011
14.708 0.00043697 0.00011167
14.766 0.00025059 7.3801e-05
14.824 0.00038182 0.00010029
14.882 0.00031129 8.6231e-05
14.94 0.00042081 0.00010823
14.998 0.00030747 8.5172e-05
15.056 0.00051813 0.00012749
15.114 0.00031989 8.7719e-05
15.173 0.00040666 0.00010529
15.231 0.00035769 9.5455e-05
15.289 0.00035479 9.4681e-05
15.347 0.00051579 0.00012691
15.405 0.00041816 0.00010755
15.463 0.00041394 0.00010646
15.521 0.0004126 0.00010612
15.579 0.00042869 0.00010955
15.637 0.00032832 8.9174e-05
15.695 0.00041311 0.00010625
15.753 0.00044686 0.00011284
15.811 0.00038848 0.00010129
15.869 0.0002927 8.1956e-05
15.927 0.00032681 8.8765e-05
15.985 0.00031341 8.5944e-05
16.043 0.00021838 6.6342e-05
16.101 0.00042312 0.00010813
16.159 0.00042403 0.00010836
16.217 0.00038587 0.00010061
16.275 0.00035034 9.3493e-05
16.333 0.00052158 0.00012775
16.391 0.00034874 9.3067e-05
16.449 0.0003723 9.779e-05
16.507 0.00026469 7.5883e-05
16.565 0.00048102 0.00011952
16.623 0.00046904 0.00011714
16.681 0.00039087 0.0001012
16.739 0.00046365 0.0001158
16.797 0.00031223 8.5619e-05
16.855 0.00041282 0.0001055
16.913 0.0002831 7.9269e-05
16.971 0.00035465 9.3876e-05
17.029 0.0004023 0.00010347
17.087 0.00037934 9.8908e-05
17.145 0.00031648 8.5958e-05
17.203 0.00037852 9.8694e-05
17.261 0.00035485 9.3931e-05
17.319 0.00035203 9.3182e-05
17.377 0.00033946 9.0589e-05
17.435 0.00037531 9.7858e-05
17.493 0.0003886 0.00010061
17.551 0.00043304 0.00010935
17.609 0.00043044 0.00010869
17.667 0.00040903 0.00010453
17.725 0.00031461 8.5452e-05
17.783 0.00042918 0.00010837
17.841 0.00038128 9.8719e-05
17.9 0.00040428 0.00010331
17.958 0.0003373 9.0014e-05
18.016 0.00038006 9.8403e-05
18.074 0.00028709 7.9526e-05
18.132 0.00028883 8.0007e-05
18.19 0.00033048 8.8195e-05
18.248 0.00035577 9.3447e-05
18.306 0.00037503 9.7101e-05
18.364 0.00031994 8.6116e-05
18.422 0.00035597 9.3501e-05
18.48 0.00047981 0.00011806
18.538 0.00035186 9.2421e-05
18.596 0.00034083 9.0218e-05
18.654 0.00052355 0.0001266
18.712 0.00042261 0.00010671
18.77 0.00052002 0.00012575
18.828 0.0003169 8.5297e-05
18.886 0.00043207 0.00010849
18.944 0.00041729 0.00010537
19.002 0.00036952 9.5675e-05
19.06 0.00032632 8.7083e-05
19.118 0.00042967 0.00010789
19.176 0.0003802 9.7782e-05
19.234 0.00038899 9.9407e-05
19.292 0.00040164 0.00010201
19.35 0.00035711 9.3111e-05
19.408 0.00024536 7.0341e-05
19.466 0.00036423 9.4304e-05
19.524 0.0004858 0.00011846
19.582 0.00033225 8.7948e-05
19.64 0.0003851 9.8412e-05
19.698 0.00049239 0.00011956
19.756 0.00054718 0.00013033
19.814 0.00035362 9.2201e-05
19.872 0.00042638 0.00010649
19.93 0.00029398 7.9846e-05
19.988 0.00028365 7.7781e-05
20.046 0.00040267 0.00010168
20.104 0.00028264 7.7505e-05
20.162 0.00034533 9.004e-05
20.22 0.0002931 7.9607e-05
20.278 0.00036745 9.4503e-05
20.336 0.0003979 0.00010047
20.394 0.00046308 0.00011342
20.452 0.00045044 0.00011083
20.51 0.00038735 9.8384e-05
20.568 0.00040536 0.00010179
20.626 0.00040364 0.00010135
20.685 0.00033824 8.8192e-05
20.743 0.00036046 9.2707e-05
20.801 0.00041119 0.00010269
20.859 0.00049413 0.00011901
20.917 0.00044252 0.00010888
20.975 0.00040957 0.00010229
21.033 0.00026222 7.2637e-05
21.091 0.00043555 0.00010717
21.149 0.00039577 9.9377e-05
21.207 0.00038477 9.7157e-05
21.265 0.00042407 0.00010484
21.323 0.00032904 8.5792e-05
21.381 0.00036266 9.2676e-05
21.439 0.00044688 0.00010945
21.497 0.00039094 9.8163e-05
21.555 0.00033488 8.6706e-05
21.613 0.00037853 9.5582e-05
21.671 0.00035844 9.1598e-05
21.729 0.00044653 0.00010888
21.787 0.00033102 8.5707e-05
21.845 0.0003836 9.6321e-05
21.903 0.00044367 0.00010819
21.961 0.00033838 8.7028e-05
22.019 0.00029667 7.853e-05
22.077 0.00040603 0.00010038
22.135 0.0003276 8.4819e-05
22.193 0.00037547 9.4279e-05
22.251 0.00038021 9.4957e-05
22.309 0.00040289 9.9606e-05
22.367 0.00033289 8.5614e-05
22.425 0.00043068 0.00010502
22.483 0.00036908 9.2675e-05
22.541 0.00044726 0.00010815
22.599 0.00037115 9.3194e-05
22.657 0.00038657 9.6049e-05
22.715 0.00043369 0.0001053
22.773 0.00051082 0.00012045
22.831 0.00027051 7.2811e-05
22.889 0.00029626 7.7817e-05
22.947 0.00034977 8.8319e-05
23.005 0.00042643 0.00010354
23.063 0.00044657 0.00010756
23.121 0.00026343 7.0906e-05
23.179 0.0004114 0.00010032
23.237 0.00041857 0.00010163
23.295 0.00046489 0.00011073
23.353 0.00035848 8.9531e-05
23.412 0.00043997 0.00010556
23.47 0.00034865 8.7545e-05
23.528 0.00032106 8.2047e-05
23.586 0.00042777 0.00010303
23.644 0.00033394 8.4322e-05
23.702 0.00048494 0.00011399
23.76 0.00045902 0.00010895
23.818 0.00034816 8.6952e-05
23.876 0.00039797 9.663e-05
23.934 0.00032756 8.2713e-05
23.992 0.0004412 0.00010509
24.05 0.00037737 9.2427e-05
24.108 0.00027775 7.242e-05
24.166 0.00049502 0.00011533
24.224 0.00035534 8.7851e-05
24.282 0.00039636 9.5845e-05
24.34 0.00027304 7.1192e-05
24.398 0.00042835 0.00010203
24.456 0.00045958 0.00010803
24.514 0.00037231 9.0786e-05
24.572 0.00033571 8.3412e-05
24.63 0.00030305 7.6973e-05
24.688 0.00046116 0.00010807
24.746 0.00028324 7.2845e-05
24.804 0.00041949 9.9572e-05
24.862 0.00039207 9.4069e-05
24.92 0.00047238 0.00010975
24.978 0.00043562 0.0001024
25.036 0.0004644 0.00010789
25.094 0.00042269 9.9671e-05
25.152 0.00037328 8.9907e-05
25.21 0.00040999 9.699e-05
25.268 0.00047899 0.0001104
25.326 0.00036015 8.7089e-05
25.384 0.00023284 6.1633e-05
25.442 0.00041919 9.8533e-05
25.5 0.00031362 7.7537e-05
25.558 0.00043493 0.00010133
25.616 0.00046848 0.00010771
25.674 0.00038326 9.0971e-05
25.732 0.00042147 9.8192e-05
25.79 0.00035329 8.4764e-05
25.848 0.00047777 0.00010907
25.906 0.00035803 8.5585e-05
25.964 0.00038958 9.1574e-05
26.022 0.00041102 9.5758e-05
26.08 0.00034382 8.2494e-05
26.138 0.00040658 9.4722e-05
26.197 0.00040152 9.3544e-05
26.255 0.00042474 9.815e-05
26.313 0.00036399 8.6107e-05
26.371 0.00032711 7.8786e-05
26.429 0.00037141 8.7302e-05
26.487 0.00038933 9.0706e-05
26.545 0.00035985 8.4853e-05
26.603 0.00046185 0.00010453
26.661 0.00049249 0.0001102
26.719 0.000384 8.897e-05
26.777 0.00034885 8.2e-05
26.835 0.00047528 0.00010654
26.893 0.0003606 8.4012e-05
26.951 0.00041441 9.4395e-05
27.009 0.00044717 0.00010061
27.067 0.00036217 8.3914e-05
27.125 0.00034866 8.1003e-05
27.183 0.00036712 8.4407e-05
27.241 0.0004588 0.00010213
27.299 0.00036861 8.4346e-05
27.357 0.00039809 8.9918e-05
27.415 0.0004969 0.00010897
27.473 0.00033136 7.6774e-05
27.531 0.00041454 9.2755e-05
27.589 0.00048617 0.00010648
27.647 0.00032875 7.5775e-05
27.705 0.00032368 7.4607e-05
27.763 0.00041382 9.182e-05
27.821 0.00035512 8.0213e-05
27.879 0.00040739 9.0114e-05
27.937 0.00042528 9.3394e-05
27.995 0.0004104 9.0252e-05
28.053 0.00044829 9.7342e-05
28.111 0.00034335 7.6965e-05
28.169 0.00038948 8.5652e-05
28.227 0.00038292 8.4209e-05
28.285 0.00046263 9.931e-05
28.343 0.00035113 7.7552e-05
28.401 0.00037785 8.2544e-05
28.459 0.00037025 8.0781e-05
28.517 0.00035559 7.7681e-05
28.575 0.00041607 8.9068e-05
28.633 0.00033667 7.3364e-05
28.691 0.00039274 8.3779e-05
28.749 0.0004318 9.0893e-05
28.807 0.00042851 8.9973e-05
28.865 0.00042391 8.89e-05
28.924 0.00039279 8.2629e-05
28.982 0.00039283 8.2286e-05
29.04 0.000372 7.7833e-05
29.098 0.00043766 8.9938e-05
29.156 0.00035547 7.3599e-05
29.214 0.00039055 7.9668e-05
29.272 0.00039282 7.936e-05
29.33 0.00041676 8.3343e-05
29.388 0.00041839 8.2245e-05
29.446 0.00038355 7.5798e-05
29.504 0 1
29.562 0 1
29.62 0 1
29.678 0 1
