-29.678 0 1
-29.62 0 1
-29.562 0 1
-29.504 0.00023235 4.4864e-05
-29.446 0.00022059 4.2514e-05
-29.388 0.00023447 4.6182e-05
-29.33 0.000217 4.3436e-05
-29.272 0.00023083 4.6512e-05
-29.214 0.00021067 4.3289e-05
-29.156 0.0002224 4.5949e-05
-29.098 0.00021092 4.4181e-05
-29.04 0.00020117 4.267e-05
-28.982 0.00019105 4.1028e-05
-28.924 0.00024683 5.1701e-05
-28.865 0.00022685 4.8178e-05
-28.807 0.00024412 5.1652e-05
-28.749 0.00022192 4.7802e-05
-28.691 0.00021392 4.6627e-05
-28.633 0.00026828 5.7051e-05
-28.575 0.00024864 5.3559e-05
-28.517 0.00020605 4.574e-05
-28.459 0.00021313 4.7312e-05
-28.401 0.00016894 3.9105e-05
-28.343 0.00021615 4.8205e-05
-28.285 0.0002475 5.4361e-05
-28.227 0.00022353 4.9972e-05
-28.169 0.00020336 4.6327e-05
-28.111 0.00025197 5.557e-05
-28.053 0.00026447 5.8088e-05
-27.995 0.00028815 6.2693e-05
-27.937 0.0002661 5.8686e-05
-27.879 0.00020989 4.8262e-05
-27.821 0.00022531 5.1326e-05
-27.763 0.000162 3.9467e-05
-27.705 0.00027487 6.1017e-05
-27.647 0.00023728 5.4053e-05
-27.589 0.00020316 4.7725e-05
-27.531 0.00029416 6.5153e-05
-27.473 0.00020091 4.7582e-05
-27.415 0.00024174 5.5406e-05
-27.357 0.00015536 3.8971e-05
-27.299 0.0001994 4.7639e-05
-27.241 0.00024984 5.7263e-05
-27.183 0.00024394 5.6276e-05
-27.125 0.0002234 5.2481e-05
-27.067 0.00017479 4.3303e-05
-27.009 0.00018686 4.5767e-05
-26.951 0.00024578 5.7092e-05
-26.893 0.00023963 5.6075e-05
-26.835 0.00028965 6.5792e-05
-26.777 0.00022099 5.2797e-05
-26.719 0.00023363 5.5331e-05
-26.661 0.00024077 5.6787e-05
-26.603 0.00025577 5.9852e-05
-26.545 0.0002461 5.8045e-05
-26.487 0.00019028 4.7429e-05
-26.429 0.00025155 5.933e-05
-26.371 0.00018195 4.5945e-05
-26.313 0.00025408 5.9927e-05
-26.255 0.00023868 5.7023e-05
-26.197 0.00017408 4.4588e-05
-26.138 0.00023601 5.6645e-05
-26.08 0.00024272 5.7989e-05
-26.022 0.00021525 5.2722e-05
-25.964 0.00015047 4.0202e-05
-25.906 0.00024909 5.951e-05
-25.848 0.00029435 6.8136e-05
-25.79 0.00023472 5.6888e-05
-25.732 0.00026616 6.3037e-05
-25.674 0.00020427 5.1241e-05
-25.616 0.00024671 5.9497e-05
-25.558 0.00018066 4.6626e-05
-25.5 0.0002894 6.7722e-05
-25.442 0.00023896 5.8214e-05
-25.384 0.00023953 5.8355e-05
-25.326 0.00019225 4.924e-05
-25.268 0.00024936 6.0437e-05
-25.21 0.00024404 5.9454e-05
-25.152 0.00026392 6.3344e-05
-25.094 0.0002155 5.4058e-05
-25.036 0.00017413 4.6092e-05
-24.978 0.00019963 5.113e-05
-24.92 0.00016854 4.503e-05
-24.862 0.00020146 5.16e-05
-24.804 0.00025927 6.2837e-05
-24.746 0.00035222 8.0728e-05
-24.688 0.00020539 5.2607e-05
-24.63 0.00023846 5.9078e-05
-24.572 0.0002595 6.322e-05
-24.514 0.00020406 5.2665e-05
-24.456 0.00024232 6.0033e-05
-24.398 0.00022389 5.6536e-05
-24.34 0.00018524 4.9033e-05
-24.282 0.00029469 7.0406e-05
-24.224 0.00027381 6.6362e-05
-24.166 0.00026761 6.5195e-05
-24.108 0.00022252 5.658e-05
-24.05 0.00027829 6.7449e-05
-23.992 0.00023223 5.8642e-05
-23.934 0.00020462 5.3235e-05
-23.876 0.00019836 5.2042e-05
-23.818 0.00026365 6.494e-05
-23.76 0.00022776 5.7914e-05
-23.702 0.00025557 6.3316e-05
-23.644 0.0002227 5.704e-05
-23.586 0.0002947 7.1071e-05
-23.528 0.00016774 4.6248e-05
-23.47 0.00021615 5.5785e-05
-23.412 0.00020452 5.3659e-05
-23.353 0.00026408 6.5425e-05
-23.295 0.00022635 5.7975e-05
-23.237 0.00020656 5.4193e-05
-23.179 0.00024313 6.1393e-05
-23.121 0.00026625 6.5963e-05
-23.063 0.00022245 5.7413e-05
-23.005 0.00028574 6.9611e-05
-22.947 0.00015878 4.4854e-05
-22.889 0.00024063 6.1184e-05
-22.831 0.00029176 7.1079e-05
-22.773 0.00014576 4.2335e-05
-22.715 0.00024218 6.158e-05
-22.657 0.00029665 7.2271e-05
-22.599 0.0002213 5.7574e-05
-22.541 0.00019805 5.2916e-05
-22.483 0.00021636 5.6765e-05
-22.425 0.00026207 6.5739e-05
-22.367 0.00021014 5.5624e-05
-22.309 0.00021703 5.6942e-05
-22.251 0.00015827 4.5314e-05
-22.193 0.00022045 5.7838e-05
-22.135 0.00025784 6.5109e-05
-22.077 0.00021245 5.6235e-05
-22.019 0.00015291 4.4409e-05
-21.961 0.00020738 5.5409e-05
-21.903 0.00020665 5.5213e-05
-21.845 0.00026809 6.725e-05
-21.787 0.00022323 5.8567e-05
-21.729 0.0002886 7.1501e-05
-21.671 0.00020186 5.4469e-05
-21.613 0.00014003 4.1986e-05
-21.555 0.00025697 6.5341e-05
-21.497 0.00017347 4.9005e-05
-21.439 0.00016532 4.7331e-05
-21.381 0.00021216 5.6685e-05
-21.323 0.00022048 5.8361e-05
-21.265 0.00030972 7.5862e-05
-21.207 0.00024642 6.3597e-05
-21.149 0.00026986 6.8143e-05
-21.091 0.00023156 6.0752e-05
-21.033 0.00024857 6.4154e-05
-20.975 0.00020836 5.6224e-05
-20.917 0.0002164 5.7818e-05
-20.859 0.00026578 6.7579e-05
-20.801 0.00017758 5.0165e-05
-20.743 0.00021704 5.799e-05
-20.685 0.0002827 7.0913e-05
-20.626 0.00021096 5.6926e-05
-20.568 0.00024468 6.3656e-05
-20.51 0.00030855 7.5998e-05
-20.452 0.00017809 5.031e-05
-20.394 0.00025241 6.5143e-05
-20.336 0.00018091 5.1107e-05
-20.278 0.00025434 6.5643e-05
-20.22 0.00017117 4.9006e-05
-20.162 0.00031347 7.7209e-05
-20.104 0.00023975 6.29e-05
-20.046 0.00019072 5.3207e-05
-19.988 0.00019026 5.3079e-05
-19.93 0.0002669 6.8361e-05
-19.872 0.0002348 6.2151e-05
-19.814 0.0002587 6.6766e-05
-19.756 0.00030729 7.6131e-05
-19.698 0.00023456 6.2087e-05
-19.64 0.00026019 6.7151e-05
-19.582 0.00027746 7.055e-05
-19.524 0.00026842 6.8749e-05
-19.466 0.00018591 5.2519e-05
-19.408 0.00023014 6.1489e-05
-19.35 0.00022071 5.9556e-05
-19.292 0.00027892 7.0921e-05
-19.234 0.00031392 7.7772e-05
-19.176 0.00023216 6.2031e-05
-19.118 0.00023094 6.1703e-05
-19.06 0.00025653 6.674e-05
-19.002 0.00023037 6.1552e-05
-18.944 0.00024979 6.5535e-05
-18.886 0.00018081 5.1767e-05
-18.828 0.00018844 5.3233e-05
-18.77 0.00024982 6.5543e-05
-18.712 0.00023482 6.274e-05
-18.654 0.00026595 6.8639e-05
-18.596 0.00017267 5.015e-05
-18.538 0.00022513 6.0749e-05
-18.48 0.00020915 5.7665e-05
-18.422 0.00019113 5.3995e-05
-18.364 0.00025185 6.6075e-05
-18.306 0.00015695 4.7062e-05
-18.248 0.00019229 5.4321e-05
-18.19 0.0002368 6.327e-05
-18.132 0.00013967 4.3465e-05
-18.074 0.00033448 8.2385e-05
-18.016 0.00020464 5.709e-05
-17.958 0.00027365 7.0627e-05
-17.9 0.00022908 6.1814e-05
-17.841 0.00025618 6.7211e-05
-17.783 0.00018706 5.3556e-05
-17.725 0.00037243 8.9817e-05
-17.667 0.00035162 8.5662e-05
-17.609 0.00023188 6.2569e-05
-17.551 0.00022338 6.0911e-05
-17.493 0.00025833 6.7777e-05
-17.435 0.00031111 7.8039e-05
-17.377 0.00017916 5.2035e-05
-17.319 0.00025256 6.6853e-05
-17.261 0.00019726 5.5727e-05
-17.203 0.00020477 5.7128e-05
-17.145 0.00018047 5.2415e-05
-17.087 0.00024363 6.5093e-05
-17.029 0.00027846 7.1866e-05
-16.971 0.00018861 5.3999e-05
-16.913 0.00024353 6.5067e-05
-16.855 0.00024469 6.5378e-05
-16.797 0.00017215 5.0773e-05
-16.739 0.00019837 5.604e-05
-16.681 0.00019178 5.4908e-05
-16.623 0.00023642 6.3795e-05
-16.565 0.00019965 5.6401e-05
-16.507 0.00015376 4.6935e-05
-16.449 0.00025306 6.6984e-05
-16.391 0.00023865 6.4397e-05
-16.333 0.00018245 5.299e-05
-16.275 0.00030768 7.7693e-05
-16.217 0.00019213 5.5008e-05
-16.159 0.00018385 5.3397e-05
-16.101 0.00021978 6.0595e-05
-16.043 0.000357 8.7441e-05
-15.985 0.00024657 6.5879e-05
-15.927 0.00018421 5.3501e-05
-15.869 0.00028598 7.3808e-05
-15.811 0.00024672 6.5921e-05
-15.753 0.00023168 6.3174e-05
-15.695 0.00020424 5.7699e-05
-15.637 0.00018471 5.3645e-05
-15.579 0.00018378 5.3375e-05
-15.521 0.00019436 5.5646e-05
-15.463 0.00021401 5.9704e-05
-15.405 0.00029694 7.6054e-05
-15.347 0.00024966 6.6706e-05
-15.289 0.00024256 6.5452e-05
-15.231 0.00018709 5.4338e-05
-15.173 0.00024173 6.5228e-05
-15.114 0.00019495 5.5816e-05
-15.056 0.00023277 6.3472e-05
-14.998 0.00026279 6.956e-05
-14.94 0.00025295 6.7585e-05
-14.882 0.00026971 7.0763e-05
-14.824 0.00023456 6.3959e-05
-14.766 0.00017917 5.2844e-05
-14.708 0.00018755 5.4472e-05
-14.65 0.00022473 6.196e-05
-14.592 0.00024357 6.5724e-05
-14.534 0.00026331 6.9699e-05
-14.476 0.0001786 5.2673e-05
-14.418 0.00035552 8.7568e-05
-14.36 0.00031111 7.9106e-05
-14.302 0.00015145 4.7132e-05
-14.244 0.0002263 6.2393e-05
-14.186 0.0002361 6.4378e-05
-14.128 0.00022797 6.2854e-05
-14.07 0.00027639 7.2515e-05
-14.012 0.0002828 7.3574e-05
-13.954 0.00023611 6.4382e-05
-13.896 0.00023687 6.4588e-05
-13.838 0.00023823 6.496e-05
-13.78 0.00024721 6.6708e-05
-13.722 0.00023642 6.4464e-05
-13.664 0.00023045 6.3537e-05
-13.606 0.00023007 6.3434e-05
-13.548 0.00026758 7.0828e-05
-13.49 0.00035143 8.7065e-05
-13.432 0.00023981 6.539e-05
-13.374 0.00016338 4.987e-05
-13.316 0.00025975 6.9402e-05
-13.258 0.00026722 7.0732e-05
-13.2 0.00027872 7.3127e-05
-13.142 0.00017389 5.2141e-05
-13.084 0.00021103 5.9616e-05
-13.026 0.0003351 8.4059e-05
-12.968 0.00024814 6.6957e-05
-12.91 0.00025086 6.7693e-05
-12.852 0.00028893 7.5169e-05
-12.794 0.00022074 6.1581e-05
-12.736 0.0002419 6.596e-05
-12.678 0.00020407 5.8425e-05
-12.62 0.00032759 8.2721e-05
-12.562 0.00029754 7.679e-05
-12.504 0.00027978 7.3403e-05
-12.446 0.00020447 5.8541e-05
-12.388 0.00034739 8.6589e-05
-12.329 0.00023147 6.3819e-05
-12.271 0.00032864 8.2986e-05
-12.213 0.00027263 7.2164e-05
-12.155 0.00029079 7.5652e-05
-12.097 0.00032717 8.2615e-05
-12.039 0.00029014 7.5484e-05
-11.981 0.0003135 8.0296e-05
-11.923 0.00022427 6.2566e-05
-11.865 0.0002512 6.7784e-05
-11.807 0.00026213 7.0039e-05
-11.749 0.00025399 6.8536e-05
-11.691 0.00018466 5.4462e-05
-11.633 0.00018461 5.4446e-05
-11.575 0.00023285 6.42e-05
-11.517 0.00021465 6.0639e-05
-11.459 0.00034001 8.5289e-05
-11.401 0.00021369 6.0367e-05
-11.343 0.00024373 6.6458e-05
-11.285 0.00022623 6.3113e-05
-11.227 0.00028442 7.462e-05
-11.169 0.00025285 6.8229e-05
-11.111 0.00024422 6.6593e-05
-11.053 0.00020686 5.9224e-05
-10.995 0.00019569 5.6835e-05
-10.937 0.00027212 7.2031e-05
-10.879 0.0003438 8.624e-05
-10.821 0.00023593 6.505e-05
-10.763 0.00022728 6.3406e-05
-10.705 0.00023444 6.4639e-05
-10.647 0.0002844 7.4615e-05
-10.589 0.00022755 6.3483e-05
-10.531 0.00026534 7.0895e-05
-10.473 0.00021433 6.0548e-05
-10.415 0.00032555 8.2779e-05
-10.357 0.00023706 6.536e-05
-10.299 0.00028533 7.4859e-05
-10.241 0.00020674 5.919e-05
-10.183 0.00025555 6.8958e-05
-10.125 0.00030968 7.9925e-05
-10.067 0.00016819 5.1339e-05
-10.009 0.00026388 7.0506e-05
-9.9506 0.00021763 6.1479e-05
-9.8926 0.0004266 0.00010239
-9.8346 0.00022878 6.3825e-05
-9.7766 0.00028494 7.4757e-05
-9.7185 0.00031711 8.1221e-05
-9.6605 0.00027878 7.3792e-05
-9.6025 0.00026695 7.1326e-05
-9.5445 0.00018715 5.5197e-05
-9.4864 0.00023887 6.5859e-05
-9.4284 0.00020913 5.9876e-05
-9.3704 0.00029724 7.7332e-05
-9.3124 0.000238 6.5619e-05
-9.2544 0.00023718 6.5395e-05
-9.1963 0.00030265 7.8739e-05
-9.1383 0.00025734 6.9441e-05
-9.0803 0.00024861 6.7789e-05
-9.0223 0.0002299 6.4136e-05
-8.9643 0.00031096 8.0255e-05
-8.9062 0.00034567 8.6708e-05
-8.8482 0.00026842 7.1719e-05
-8.7902 0.00027732 7.3406e-05
-8.7322 0.0002009 5.8348e-05
-8.6742 0.00030031 7.8129e-05
-8.6161 0.00029611 7.7038e-05
-8.5581 0.00032093 8.22e-05
-8.5001 0.00038147 9.3959e-05
-8.4421 0.00031845 8.1563e-05
-8.384 0.00027691 7.3298e-05
-8.326 0.00023891 6.5871e-05
-8.268 0.00025139 6.8547e-05
-8.21 0.00035858 8.9379e-05
-8.152 0.00027828 7.3662e-05
-8.0939 0.00034005 8.5866e-05
-8.0359 0.00029113 7.6382e-05
-7.9779 0.00039976 9.7389e-05
-7.9199 0.00032033 8.2046e-05
-7.8619 0.00020978 6.006e-05
-7.8038 0.00026172 7.0623e-05
-7.7458 0.00031983 8.1916e-05
-7.6878 0.0002499 6.8142e-05
-7.6298 0.00031192 8.0502e-05
-7.5718 0.00030484 7.9308e-05
-7.5137 0.00044437 0.00010617
-7.4557 0.00026091 7.0402e-05
-7.3977 0.00021179 6.0637e-05
-7.3397 0.00031467 8.1213e-05
-7.2816 0.00026338 7.107e-05
-7.2236 0.00028087 7.4347e-05
-7.1656 0.00038279 9.4283e-05
-7.1076 0.00020443 5.9372e-05
-7.0496 0.00031249 8.065e-05
-6.9915 0.00022933 6.3979e-05
-6.9335 0.00020325 5.9029e-05
-6.8755 0.00038475 9.4767e-05
-6.8175 0.00020091 5.8351e-05
-6.7595 0.00026104 7.0438e-05
-6.7014 0.00032163 8.2378e-05
-6.6434 0.00030516 7.9392e-05
-6.5854 0.00023165 6.4627e-05
-6.5274 0.00030339 7.8931e-05
-6.4694 0.0003598 8.9684e-05
-6.4113 0.00032713 8.3786e-05
-6.3533 0.00026415 7.1277e-05
-6.2953 0.00041262 0.00010001
-6.2373 0.0003199 8.1936e-05
-6.1792 0.00026677 7.1986e-05
-6.1212 0.00040074 9.7629e-05
-6.0632 0.00037286 9.2375e-05
-6.0052 0.00034527 8.7185e-05
-5.9472 0.0002735 7.3076e-05
-5.8891 0.0003055 7.9479e-05
-5.8311 0.00045319 0.00010779
-5.7731 0.00034183 8.6318e-05
-5.7151 0.00031773 8.2002e-05
-5.6571 0.00036895 9.1405e-05
-5.599 0.00048257 0.00011336
-5.541 0.0002656 7.1669e-05
-5.483 0.00040664 9.9067e-05
-5.425 0.00050283 0.00011723
-5.3669 0.00027159 7.2565e-05
-5.3089 0.00046779 0.00011079
-5.2509 0.00036566 9.1145e-05
-5.1929 0.00034976 8.7736e-05
-5.1349 0.00027342 7.3054e-05
-5.0768 0.00036292 9.046e-05
-5.0188 0.00038806 9.5581e-05
-4.9608 0.0002626 7.086e-05
-4.9028 0.00045086 0.00010724
-4.8448 0.00036678 9.1423e-05
-4.7867 0.00042233 0.00010185
-4.7287 0.0003953 9.6822e-05
-4.6707 0.00030564 7.9517e-05
-4.6127 0.00034059 8.6003e-05
-4.5547 0.00038597 9.5066e-05
-4.4966 0.00032584 8.3456e-05
-4.4386 0.00041968 0.00010172
-4.3806 0.00029923 7.7849e-05
-4.3226 0.00047847 0.00011285
-4.2645 0.00047728 0.00011257
-4.2065 0.00056506 0.00012911
-4.1485 0.00041702 0.00010107
-4.0905 0.00040584 9.887e-05
-4.0325 0.00038544 9.4936e-05
-3.9744 0.00044453 0.0001062
-3.9164 0.00042599 0.00010273
-3.8584 0.00039985 9.7936e-05
-3.8004 0.00047465 0.00011195
-3.7424 0.00052376 0.00012124
-3.6843 0.00049647 0.00011618
-3.6263 0.00050348 0.00011782
-3.5683 0.00060609 0.00013728
-3.5103 0.00049195 0.00011512
-3.4523 0.00054293 0.00012484
-3.3942 0.00049597 0.00011651
-3.3362 0.00036914 9.201e-05
-3.2782 0.00046791 0.00011036
-3.2202 0.00044053 0.00010573
-3.1621 0.00044585 0.00010701
-3.1041 0.00041881 0.000101
-3.0461 0.00054063 0.00012472
-2.9881 0.00049579 0.00011647
-2.9301 0.00049097 0.00011489
-2.872 0.00058961 0.00013432
-2.814 0.00043935 0.00010497
-2.756 0.00053028 0.00012318
-2.698 0.00049603 0.00011607
-2.64 0.00066099 0.00014741
-2.5819 0.00060899 0.00013793
-2.5239 0.00048214 0.00011326
-2.4659 0.00047185 0.00011223
-2.4079 0.00046253 0.00010954
-2.3499 0.00050176 0.00011698
-2.2918 0.0004968 0.00011717
-2.2338 0.00052065 0.00012011
-2.1758 0.00048902 0.00011534
-2.1178 0.00062019 0.00013934
-2.0597 0.00069632 0.00015423
-2.0017 0.00076617 0.00016795
-1.9437 0.00063332 0.00014158
-1.8857 0.0004804 0.00011331
-1.8277 0.00067682 0.00015094
-1.7696 0.00061448 0.00013737
-1.7116 0.0006834 0.00015315
-1.6536 0.00071351 0.00015703
-1.5956 0.00091735 0.0001956
-1.5376 0.00097416 0.00020515
-1.4795 0.00089433 0.00019234
-1.4215 0.0010251 0.00021564
-1.3635 0.0013778 0.00028137
-1.3055 0.0015543 0.0003135
-1.2475 0.0017709 0.00035536
-1.1894 0.0022663 0.00044562
-1.1314 0.0028339 0.00055397
-1.0734 0.0033173 0.00064129
-1.0154 0.0034638 0.00066779
-0.95735 0.0047689 0.00091072
-0.89933 0.0048108 0.00091901
-0.84131 0.0064355 0.0012187
-0.78328 0.0063821 0.0012089
-0.72526 0.0071759 0.001357
-0.66724 0.0073978 0.0013993
-0.60922 0.0080829 0.0015273
-0.5512 0.0088892 0.0016759
-0.49318 0.0093872 0.0017654
-0.43516 0.0092732 0.0017436
-0.37714 0.0099279 0.0018666
-0.31912 0.0097398 0.0018325
-0.26109 0.0097011 0.0018302
-0.20307 0.0088468 0.0016647
-0.14505 0.0081198 0.0015311
-0.087032 0.0087834 0.0016566
-0.029011 0.011414 0.0021157
0.029011 0.0081121 0.001532
0.087032 0.0063786 0.0012082
0.14505 0.0055888 0.0010609
0.20307 0.0049363 0.00094658
0.26109 0.0037967 0.00073055
0.31912 0.0035757 0.00068886
0.37714 0.0029143 0.00056461
0.43516 0.0019767 0.00039139
0.49318 0.001543 0.00031338
0.5512 0.0015586 0.00031711
0.60922 0.0013002 0.00026778
0.66724 0.00090175 0.00019227
0.72526 0.00079068 0.00017086
0.78328 0.00074356 0.00016237
0.84131 0.00077101 0.00016836
0.89933 0.00074739 0.00016351
0.95735 0.00051418 0.00011902
1.0154 0.00067323 0.00014945
1.0734 0.0004286 0.00010498
1.1314 0.00059362 0.00013408
1.1894 0.00050429 0.00011846
1.2475 0.00049879 0.00011586
1.3055 0.00064071 0.00014359
1.3635 0.00062831 0.00014117
1.4215 0.0006279 0.00014262
1.4795 0.00044523 0.00010544
1.5376 0.00062317 0.00014038
1.5956 0.00046505 0.00011014
1.6536 0.00064015 0.00014499
1.7116 0.00047587 0.00011094
1.7696 0.00056669 0.0001303
1.8277 0.00047874 0.00011338
1.8857 0.00053076 0.00012204
1.9437 0.00050124 0.00011822
2.0017 0.00044613 0.00010658
2.0597 0.00053388 0.00012316
2.1178 0.00042645 0.00010389
2.1758 0.00045751 0.00010791
2.2338 0.00045239 0.0001091
2.2918 0.00039167 9.5934e-05
2.3499 0.00059275 0.00013464
2.4079 0.00047973 0.00011362
2.4659 0.00035126 8.8699e-05
2.5239 0.0004617 0.00010982
2.5819 0.0004627 0.00011005
2.64 0.00045637 0.00010855
2.698 0.00042486 0.00010351
2.756 0.0003724 9.226e-05
2.814 0.00041081 0.00010062
2.872 0.00043213 0.00010372
2.9301 0.00031181 8.112e-05
2.9881 0.00036148 9.0675e-05
3.0461 0.00045599 0.00010846
3.1041 0.00039814 9.8065e-05
3.1621 0.00048032 0.00011376
3.2202 0.00038952 9.5406e-05
3.2782 0.00042898 0.00010397
3.3362 0.000374 9.3223e-05
3.3942 0.00039711 9.7266e-05
3.4523 0.00046313 0.00010968
3.5103 0.00035319 8.9185e-05
3.5683 0.00032187 8.3071e-05
3.6263 0.00053479 0.00012379
3.6843 0.00036778 9.1672e-05
3.7424 0.00037786 9.3614e-05
3.8004 0.00042757 0.00010363
3.8584 0.00034115 8.6746e-05
3.9164 0.00039847 9.7597e-05
3.9744 0.00037013 9.2258e-05
4.0325 0.00044245 0.00010619
4.0905 0.00037275 9.291e-05
4.1485 0.00029742 7.8032e-05
4.2065 0.00028999 7.6761e-05
4.2645 0.00035099 8.8629e-05
4.3226 0.00034609 8.7393e-05
4.3806 0.0004114 0.00010023
4.4386 0.00036334 9.1141e-05
4.4966 0.00030863 8.0293e-05
4.5547 0.00034622 8.7426e-05
4.6127 0.00038255 9.4776e-05
4.6707 0.00040193 9.8446e-05
4.7287 0.0003063 7.9687e-05
4.7867 0.00034034 8.6538e-05
4.8448 0.00034625 8.7432e-05
4.9028 0.00032841 8.4114e-05
4.9608 0.00033123 8.4837e-05
5.0188 0.00035849 8.9926e-05
5.0768 0.00029668 7.7838e-05
5.1349 0.00041613 0.00010086
5.1929 0.00036302 9.1061e-05
5.2509 0.00038191 9.4616e-05
5.3089 0.00052389 0.0001217
5.3669 0.00025432 6.9345e-05
5.425 0.00021788 6.2379e-05
5.483 0.00028082 7.5031e-05
5.541 0.00048038 0.0001133
5.599 0.00025504 6.9543e-05
5.6571 0.00033564 8.5967e-05
5.7151 0.00029614 7.7695e-05
5.7731 0.00029904 7.8456e-05
5.8311 0.00031178 8.1114e-05
5.8891 0.00020685 6.0077e-05
5.9472 0.00026983 7.281e-05
6.0052 0.00032946 8.4383e-05
6.0632 0.00027726 7.408e-05
6.1212 0.00026234 7.1532e-05
6.1792 0.00030746 7.999e-05
6.2373 0.00028934 7.6587e-05
6.2953 0.00031784 8.203e-05
6.3533 0.00032613 8.4171e-05
6.4113 0.0003886 9.5715e-05
6.4694 0.00030086 7.8934e-05
6.5274 0.00022519 6.3615e-05
6.5854 0.00032578 8.408e-05
6.6434 0.0002595 7.076e-05
6.7014 0.0003484 8.7975e-05
6.7595 0.00031955 8.2472e-05
6.8175 0.00030026 7.8776e-05
6.8755 0.00038603 9.5637e-05
6.9335 0.0002477 6.8294e-05
6.9915 0.00024622 6.7886e-05
7.0496 0.00031469 8.187e-05
7.1076 0.0002697 7.2776e-05
7.1656 0.0002154 6.1669e-05
7.2236 0.00029023 7.6823e-05
7.2816 0.00025061 6.9097e-05
7.3397 0.00027953 7.4686e-05
7.3977 0.00029758 7.8074e-05
7.4557 0.00036334 9.1143e-05
7.5137 0.0002604 7.1003e-05
7.5718 0.00035223 8.8943e-05
7.6298 0.00019573 5.7726e-05
7.6878 0.00030966 8.0561e-05
7.7458 0.00031176 8.1108e-05
7.8038 0.00026785 7.2277e-05
7.8619 0.00026639 7.1884e-05
7.9199 0.00028769 7.6152e-05
7.9779 0.0001661 5.1691e-05
8.0359 0.00034773 8.7807e-05
8.0939 0.00015291 4.8598e-05
8.152 0.00019469 5.7419e-05
8.21 0.00032019 8.2637e-05
8.268 0.00017424 5.3187e-05
8.326 0.00027605 7.3756e-05
8.384 0.00027615 7.3782e-05
8.4421 0.00020549 5.9681e-05
8.5001 0.00021621 6.1902e-05
8.5581 0.00020329 5.9043e-05
8.6161 0.00018526 5.5549e-05
8.6742 0.00021679 6.2068e-05
8.7322 0.00030768 8.0046e-05
8.7902 0.00022416 6.3326e-05
8.8482 0.00028839 7.6336e-05
8.9062 0.00021685 6.2086e-05
8.9643 0.00018479 5.5409e-05
9.0223 0.00019538 5.7622e-05
9.0803 0.00023522 6.5622e-05
9.1383 0.00020706 6.0138e-05
9.1963 0.00027743 7.4125e-05
9.2544 0.00022268 6.2908e-05
9.3124 0.00024661 6.7994e-05
9.3704 0.00023658 6.6001e-05
9.4284 0.000224 6.3279e-05
9.4864 0.00019304 5.6933e-05
9.5445 0.00028733 7.6056e-05
9.6025 0.00029974 7.8641e-05
9.6605 0.00025553 6.9677e-05
9.7185 0.00030256 7.8716e-05
9.7766 0.00023567 6.5747e-05
9.8346 0.000216 6.1842e-05
9.8926 0.00028641 7.5813e-05
9.9506 0.00023441 6.5397e-05
10.009 0.00010208 3.7416e-05
10.067 0.00024571 6.7745e-05
10.125 0.0002438 6.7218e-05
10.183 0.00016238 5.0533e-05
10.241 0.00021348 6.1119e-05
10.299 0.00030637 7.9707e-05
10.357 0.00029644 7.7775e-05
10.415 0.00018256 5.4741e-05
10.473 0.00016317 5.0779e-05
10.531 0.00026518 7.1557e-05
10.589 0.0001518 4.8247e-05
10.647 0.00016197 5.0406e-05
10.705 0.00017212 5.2538e-05
10.763 0.00021381 6.1214e-05
10.821 0.00023213 6.4759e-05
10.879 0.00038202 9.4094e-05
10.937 0.00022296 6.2985e-05
10.995 0.00022429 6.3362e-05
11.053 0.00013172 4.394e-05
11.111 0.00031073 8.0194e-05
11.169 0.00022212 6.2748e-05
11.227 0.00019268 5.6826e-05
11.285 0.00020238 5.8779e-05
11.343 0.00021171 6.0613e-05
11.401 0.00022195 6.27e-05
11.459 0.00024344 6.7119e-05
11.517 0.00017195 5.2486e-05
11.575 0.00024158 6.6606e-05
11.633 0.0001821 5.4601e-05
11.691 0.00023229 6.4803e-05
11.749 0.00017154 5.236e-05
11.807 0.00014051 4.5701e-05
11.865 0.0002322 6.4778e-05
11.923 0.00013244 4.418e-05
11.981 0.00015118 4.805e-05
12.039 0.00020138 5.8486e-05
12.097 0.0002112 6.0466e-05
12.155 0.00025226 6.8784e-05
12.213 0.00033304 8.4683e-05
12.271 0.00027968 7.403e-05
12.329 0.00024082 6.6397e-05
12.388 0.0002231 6.3027e-05
12.446 0.00015983 4.9742e-05
12.504 0.00020897 5.983e-05
12.562 0.00033962 8.5759e-05
12.62 0.00022102 6.2437e-05
12.678 0.00027823 7.3648e-05
12.736 0.00024791 6.76e-05
12.794 0.00019942 5.7918e-05
12.852 0.00020874 5.9763e-05
12.91 0.00015782 4.9115e-05
12.968 0.00019837 5.7613e-05
13.026 0.00015818 4.9227e-05
13.084 0.00017914 5.3715e-05
13.142 0.00021779 6.1525e-05
13.2 0.00028594 7.5019e-05
13.258 0.00019832 5.7598e-05
13.316 0.00027775 7.352e-05
13.374 8.9248e-05 3.4039e-05
13.432 0.00024601 6.7081e-05
13.49 0.00018728 5.5233e-05
13.548 0.0001386 4.5077e-05
13.606 0.00014808 4.7063e-05
13.664 0.00021677 6.1237e-05
13.722 0.00017788 5.3337e-05
13.78 0.00022683 6.3281e-05
13.838 0.00023669 6.5259e-05
13.896 0.00020423 5.8471e-05
13.954 0.00024563 6.6978e-05
14.012 0.00015754 4.9026e-05
14.07 0.0002456 6.6968e-05
14.128 0.00019474 5.6559e-05
14.186 0.0001766 5.2952e-05
14.244 0.00017615 5.2817e-05
14.302 0.00024373 6.6458e-05
14.36 0.00021379 6.0397e-05
14.418 0.00015668 4.876e-05
14.476 0.00017582 5.272e-05
14.534 0.0001763 5.2862e-05
14.592 0.00011688 4.0097e-05
14.65 0.00018354 5.4131e-05
14.708 9.8098e-05 3.5957e-05
14.766 0.0001969 5.7186e-05
14.824 0.00025162 6.7898e-05
14.882 0.00014676 4.6644e-05
14.94 0.0001945 5.6488e-05
14.998 0.00024159 6.5876e-05
15.056 0.00021325 6.0243e-05
15.114 0.00016434 5.0165e-05
15.173 0.0002808 7.3671e-05
15.231 0.00016475 5.029e-05
15.289 0.00017303 5.1882e-05
15.347 0.00018334 5.4072e-05
15.405 0.00028024 7.3526e-05
15.463 0.00014349 4.5606e-05
15.521 0.0001621 4.9479e-05
15.579 0.0002406 6.5606e-05
15.637 0.00019109 5.5499e-05
15.695 0.00018139 5.3498e-05
15.753 0.00017081 5.1217e-05
15.811 0.00011447 3.9268e-05
15.869 0.00028748 7.4792e-05
15.927 0.00015217 4.7357e-05
15.985 0.00022732 6.2675e-05
16.043 0.00010486 3.7112e-05
16.101 0.00018048 5.3228e-05
16.159 0.00023798 6.4892e-05
16.217 0.00019897 5.6965e-05
16.275 0.0001234 4.1163e-05
16.333 0.00025733 6.8755e-05
16.391 0.00021733 6.0629e-05
16.449 0.00016986 5.0931e-05
16.507 0.00017016 5.1023e-05
16.565 0.00020787 5.8725e-05
16.623 0.0001512 4.7054e-05
16.681 0.00015821 4.8293e-05
16.739 0.00020551 5.8055e-05
16.797 0.00022646 6.2437e-05
16.855 0.00026876 7.0514e-05
16.913 0.00025952 6.8694e-05
16.971 0.00012075 4.028e-05
17.029 0.00017664 5.2097e-05
17.087 0.00029806 7.6342e-05
17.145 0.00020262 5.724e-05
17.203 0.00013941 4.431e-05
17.261 0.00012082 4.0304e-05
17.319 0.00020284 5.7302e-05
17.377 0.00023913 6.4527e-05
17.435 0.00015666 4.7821e-05
17.493 0.00021281 5.9369e-05
17.551 0.00017473 5.1532e-05
17.609 0.00030165 7.6701e-05
17.667 0.00022038 6.0763e-05
17.725 0.00021058 5.8748e-05
17.783 0.00016405 4.919e-05
17.841 0.00016341 4.8997e-05
17.9 0.00019967 5.6406e-05
17.958 8.2251e-05 3.137e-05
18.016 0.00014479 4.506e-05
18.074 0.00019851 5.6078e-05
18.132 0.00021786 6.0068e-05
18.19 0.00018804 5.3837e-05
18.248 0.00022544 6.147e-05
18.306 0.00019645 5.5497e-05
18.364 0.00017059 5.0311e-05
18.422 0.00022556 6.1506e-05
18.48 0.00026031 6.8295e-05
18.538 0.00017837 5.1804e-05
18.596 0.00020531 5.7279e-05
18.654 0.00020568 5.7382e-05
18.712 0.00024232 6.4743e-05
18.77 0.000151 4.6093e-05
18.828 0.00020453 5.7061e-05
18.886 0.00017868 5.1895e-05
18.944 0.00023926 6.3927e-05
19.002 0.00021996 5.9978e-05
19.06 0.00021219 5.8505e-05
19.118 0.00022211 6.0563e-05
19.176 0.00021966 5.9895e-05
19.234 0.00014846 4.5316e-05
19.292 0.00021039 5.8007e-05
19.35 0.0001403 4.3661e-05
19.408 9.6394e-05 3.4116e-05
19.466 0.00016477 4.8597e-05
19.524 0.00019953 5.5664e-05
19.582 0.00025236 6.621e-05
19.64 0.00015562 4.6661e-05
19.698 0.00020634 5.689e-05
19.756 0.00022357 6.0327e-05
19.814 0.00011288 3.7653e-05
19.872 0.00016322 4.8137e-05
19.93 0.00023099 6.1716e-05
19.988 0.00020573 5.6722e-05
20.046 0.00020523 5.6583e-05
20.104 0.00017937 5.1355e-05
20.162 0.00019502 5.4408e-05
20.22 0.00018765 5.3011e-05
20.278 0.0002038 5.619e-05
20.336 0.0002366 6.2627e-05
20.394 0.00018616 5.259e-05
20.452 0.00020224 5.5761e-05
20.51 0.00022827 6.099e-05
20.568 0.00028498 7.1962e-05
20.626 9.1808e-05 3.2493e-05
20.685 0.00020763 5.6616e-05
20.743 0.00024158 6.3381e-05
20.801 0.00016568 4.812e-05
20.859 0.00020652 5.6313e-05
20.917 0.00020697 5.6434e-05
20.975 0.00014028 4.2819e-05
21.033 0.00024724 6.4323e-05
21.091 0.00022815 6.0392e-05
21.149 0.00018004 5.086e-05
21.207 0.00017159 4.9127e-05
21.265 0.00021943 5.8629e-05
21.323 0.00018582 5.184e-05
21.381 0.00013841 4.2248e-05
21.439 0.00012249 3.893e-05
21.497 0.00021826 5.8315e-05
21.555 0.00026313 6.6907e-05
21.613 0.00022508 5.9577e-05
21.671 0.00021726 5.805e-05
21.729 0.00013556 4.1378e-05
21.787 0.00018128 5.0573e-05
21.845 0.00011898 3.7815e-05
21.903 0.00012677 3.945e-05
21.961 0.00017204 4.8601e-05
22.019 0.00019426 5.2968e-05
22.077 0.00020231 5.4592e-05
22.135 0.0001794 5.005e-05
22.193 0.00013975 4.1902e-05
22.251 0.0001915 5.2218e-05
22.309 0.0001853 5.1091e-05
22.367 0.00016924 4.7811e-05
22.425 0.00022304 5.8517e-05
22.483 0.00020605 5.5055e-05
22.541 0.00020627 5.5113e-05
22.599 0.00024558 6.2899e-05
22.657 0.00017465 4.8724e-05
22.715 0.00013631 4.0871e-05
22.773 0.00018175 5.0112e-05
22.831 0.00019737 5.3257e-05
22.889 0.00014267 4.2079e-05
22.947 0.00017084 4.766e-05
23.005 0.00014891 4.325e-05
23.063 0.00017171 4.7904e-05
23.121 0.0001922 5.1864e-05
23.179 0.0002204 5.734e-05
23.237 0.00018271 4.9821e-05
23.295 0.00018264 4.9801e-05
23.353 0.00018056 4.9234e-05
23.412 0.00016565 4.6212e-05
23.47 0.0001586 4.4804e-05
23.528 0.00014415 4.1867e-05
23.586 0.00022169 5.7216e-05
23.644 0.00023402 5.9504e-05
23.702 0.00021874 5.6454e-05
23.76 0.00011315 3.5214e-05
23.818 0.00017536 4.7816e-05
23.876 0.00018762 5.0129e-05
23.934 0.00018086 4.8803e-05
23.992 0.00017333 4.7263e-05
24.05 0.00014481 4.1459e-05
24.108 0.00018414 4.9199e-05
24.166 0.00017742 4.7874e-05
24.224 0.00020429 5.315e-05
24.282 0.00022342 5.681e-05
24.34 0.00028829 6.9193e-05
24.398 0.00015482 4.3193e-05
24.456 0.00018055 4.8241e-05
24.514 0.00019946 5.1891e-05
24.572 0.00025059 6.1722e-05
24.63 0.0001852 4.9023e-05
24.688 0.00017788 4.7527e-05
24.746 0.00020291 5.2369e-05
24.804 0.00018743 4.9173e-05
24.862 0.00018612 4.8831e-05
24.92 0.00017278 4.6165e-05
24.978 0.00015846 4.3209e-05
25.036 0.0002139 5.4014e-05
25.094 0.00019426 5.0136e-05
25.152 0.00015601 4.254e-05
25.21 0.00014868 4.0993e-05
25.268 0.0001851 4.8155e-05
25.326 0.00025223 6.1131e-05
25.384 0.00023784 5.8254e-05
25.442 0.00021348 5.355e-05
25.5 0.00015627 4.2167e-05
25.558 0.00021584 5.3799e-05
25.616 0.00015437 4.1654e-05
25.674 0.00018304 4.7241e-05
25.732 0.00016849 4.4205e-05
25.79 0.00017928 4.6269e-05
25.848 0.00016749 4.3942e-05
25.906 0.00016075 4.2551e-05
25.964 0.00016439 4.313e-05
26.022 0.00019831 4.9744e-05
26.08 0.00019699 4.9413e-05
26.138 0.00018495 4.7028e-05
26.197 0.00019372 4.8593e-05
26.255 0.00015574 4.1224e-05
26.313 0.000187 4.7219e-05
26.371 0.00014218 3.8367e-05
26.429 0.00015672 4.1118e-05
26.487 0.00017174 4.3988e-05
26.545 0.0002294 5.5059e-05
26.603 0.0002577 6.0305e-05
26.661 0.00018058 4.5298e-05
26.719 0.00017899 4.4898e-05
26.777 0.00013198 3.5612e-05
26.835 0.00018168 4.5284e-05
26.893 0.00019386 4.7483e-05
26.951 0.00018254 4.5224e-05
27.009 0.00020496 4.9428e-05
27.067 0.00018811 4.6074e-05
27.125 0.00020783 4.9652e-05
27.183 0.00022332 5.2461e-05
27.241 0.00024033 5.5632e-05
27.299 0.00020365 4.8438e-05
27.357 0.00017427 4.2684e-05
27.415 0.00016859 4.1526e-05
27.473 0.00015004 3.7887e-05
27.531 0.00019109 4.5653e-05
27.589 0.00015452 3.8515e-05
27.647 0.00019056 4.5325e-05
27.705 0.00017928 4.303e-05
27.763 0.00022354 5.1236e-05
27.821 0.00018735 4.4188e-05
27.879 0.00018738 4.4017e-05
27.937 0.00016516 3.964e-05
27.995 0.00019123 4.4421e-05
28.053 0.00018346 4.277e-05
28.111 0.00016041 3.8324e-05
28.169 0.00020639 4.688e-05
28.227 0.00019942 4.5428e-05
28.285 0.00016647 3.8954e-05
28.343 0.00018614 4.2532e-05
28.401 0.00015987 3.741e-05
28.459 0.00024032 5.2382e-05
28.517 0.00015966 3.6957e-05
28.575 0.00019021 4.2522e-05
28.633 0.00020195 4.4446e-05
28.691 0.00021114 4.5858e-05
28.749 0.00021848 4.6917e-05
28.807 0.00018568 4.0546e-05
28.865 0.00021964 4.6768e-05
28.924 0.00019957 4.2792e-05
28.982 0.00019402 4.1483e-05
29.04 0.00018526 3.95e-05
29.098 0.0002154 4.4731e-05
29.156 0.00018506 3.8646e-05
29.214 0.00017813 3.6833e-05
29.272 0.00019275 3.8975e-05
29.33 0.0001856 3.7166e-05
29.388 0.0001719 3.351e-05
29.446 0.00018949 3.6959e-05
29.504 0 1
29.562 0 1
29.62 0 1
29.678 0 1
