-29.678 0 1
-29.62 0 1
-29.562 0 1
-29.504 0.00019182 3.7402e-05
-29.446 0.00016255 3.1786e-05
-29.388 0.00018513 3.6949e-05
-29.33 0.00015835 3.2357e-05
-29.272 0.00016222 3.3528e-05
-29.214 0.00014274 3.0316e-05
-29.156 0.00017621 3.7032e-05
-29.098 0.00015031 3.2473e-05
-29.04 0.00017473 3.7335e-05
-28.982 0.00014759 3.2415e-05
-28.924 0.0001418 3.1515e-05
-28.865 0.00020547 4.3742e-05
-28.807 0.00016047 3.5447e-05
-28.749 0.000155 3.468e-05
-28.691 0.00018008 3.9702e-05
-28.633 0.0001505 3.4271e-05
-28.575 0.0001677 3.7698e-05
-28.517 0.00019148 4.2382e-05
-28.459 0.0002093 4.5971e-05
-28.401 0.00012795 3.0582e-05
-28.343 0.00015457 3.5844e-05
-28.285 0.00018989 4.2791e-05
-28.227 0.00019058 4.3053e-05
-28.169 0.00020709 4.6334e-05
-28.111 0.00017669 4.0585e-05
-28.053 0.00016732 3.893e-05
-27.995 0.00018795 4.3044e-05
-27.937 0.00014347 3.4601e-05
-27.879 0.00016009 3.7947e-05
-27.821 0.00012441 3.1147e-05
-27.763 0.00015942 3.8103e-05
-27.705 0.00015827 3.7997e-05
-27.647 0.00012787 3.2216e-05
-27.589 0.00019294 4.4891e-05
-27.531 0.00010581 2.8117e-05
-27.473 0.00013751 3.4428e-05
-27.415 0.00016245 3.9363e-05
-27.357 0.00017185 4.1256e-05
-27.299 0.00019001 4.4859e-05
-27.241 0.00015137 3.7453e-05
-27.183 0.00017724 4.255e-05
-27.125 9.3897e-05 2.6289e-05
-27.067 0.00018678 4.4644e-05
-27.009 0.00016738 4.0968e-05
-26.951 0.00013568 3.4898e-05
-26.893 0.00012089 3.2125e-05
-26.835 0.0001223 3.25e-05
-26.777 0.00017251 4.245e-05
-26.719 0.00010715 2.9651e-05
-26.661 0.00014401 3.7039e-05
-26.603 0.00017821 4.3851e-05
-26.545 0.00017462 4.3207e-05
-26.487 0.00019898 4.7987e-05
-26.429 0.00019185 4.6716e-05
-26.371 0.00012211 3.3076e-05
-26.313 0.00014704 3.8107e-05
-26.255 0.00013267 3.5255e-05
-26.197 0.00011005 3.0812e-05
-26.138 0.00015352 3.9486e-05
-26.08 0.00013609 3.6166e-05
-26.022 0.00015491 3.9844e-05
-25.964 0.00010789 3.0585e-05
-25.906 0.00012485 3.4169e-05
-25.848 0.00011944 3.3052e-05
-25.79 0.00014064 3.7374e-05
-25.732 0.0001576 4.0844e-05
-25.674 0.00015343 4.0081e-05
-25.616 0.00014875 3.9183e-05
-25.558 0.00020019 4.9259e-05
-25.5 0.00015113 3.9811e-05
-25.442 0.00010496 3.0584e-05
-25.384 0.00017924 4.5457e-05
-25.326 0.0001692 4.352e-05
-25.268 0.00017606 4.4958e-05
-25.21 0.00024238 5.7933e-05
-25.152 0.00017191 4.4216e-05
-25.094 0.00011879 3.3674e-05
-25.036 0.00013036 3.6073e-05
-24.978 0.00018595 4.7158e-05
-24.92 0.00018642 4.7278e-05
-24.862 0.00015934 4.1974e-05
-24.804 0.00016668 4.3542e-05
-24.746 0.00013996 3.8307e-05
-24.688 0.00015833 4.2074e-05
-24.63 0.00012967 3.6303e-05
-24.572 0.00014215 3.8904e-05
-24.514 0.00017216 4.4973e-05
-24.456 0.00017302 4.5198e-05
-24.398 0.00012088 3.4724e-05
-24.34 0.00014587 3.9922e-05
-24.282 0.00018689 4.8069e-05
-24.224 0.00014621 4.0017e-05
-24.166 0.00014131 3.9102e-05
-24.108 0.00020872 5.2587e-05
-24.05 0.00014308 3.9592e-05
-23.992 0.0001675 4.4513e-05
-23.934 0.00011338 3.3544e-05
-23.876 0.0001572 4.2581e-05
-23.818 0.00013938 3.9024e-05
-23.76 0.00013382 3.7934e-05
-23.702 0.00012784 3.6724e-05
-23.644 0.00011605 3.4335e-05
-23.586 0.0001724 4.5815e-05
-23.528 0.00018427 4.8136e-05
-23.47 0.00014131 3.9564e-05
-23.412 0.00015376 4.2082e-05
-23.353 0.00014998 4.1501e-05
-23.295 0.00015041 4.162e-05
-23.237 0.00014301 4.004e-05
-23.179 0.00015093 4.1764e-05
-23.121 0.00010166 3.1728e-05
-23.063 0.00015138 4.1889e-05
-23.005 0.00017016 4.564e-05
-22.947 0.00015844 4.3365e-05
-22.889 0.00018593 4.8977e-05
-22.831 0.00013421 3.8556e-05
-22.773 0.00017954 4.7711e-05
-22.715 0.00010281 3.2087e-05
-22.657 0.00017497 4.693e-05
-22.599 0.00016914 4.5815e-05
-22.541 0.00014901 4.1718e-05
-22.483 0.00016383 4.4839e-05
-22.425 0.00020997 5.4006e-05
-22.367 0.00013193 3.8443e-05
-22.309 0.00014434 4.0918e-05
-22.251 0.00011963 3.598e-05
-22.193 0.00013969 4.013e-05
-22.135 0.00016688 4.5673e-05
-22.077 0.00011318 3.4649e-05
-22.019 0.00013406 3.9064e-05
-21.961 0.00014848 4.2091e-05
-21.903 0.00012831 3.7963e-05
-21.845 0.00012217 3.6745e-05
-21.787 0.00014262 4.0971e-05
-21.729 0.0001986 5.2315e-05
-21.671 0.00014313 4.1117e-05
-21.613 0.00011649 3.5664e-05
-21.555 9.5824e-05 3.1247e-05
-21.497 0.00017334 4.7441e-05
-21.439 0.00011022 3.4398e-05
-21.381 0.00014481 4.1601e-05
-21.323 0.00011762 3.6011e-05
-21.265 0.00012549 3.7744e-05
-21.207 0.00015991 4.4771e-05
-21.149 0.00015225 4.3161e-05
-21.091 0.00013316 3.9399e-05
-21.033 0.00010487 3.3423e-05
-20.975 0.00017611 4.8199e-05
-20.917 0.00018966 5.0871e-05
-20.859 0.00010524 3.3541e-05
-20.801 0.00014166 4.1279e-05
-20.743 0.00013391 3.9618e-05
-20.685 0.00018382 4.9791e-05
-20.626 0.00015592 4.4199e-05
-20.568 0.00018514 5.0147e-05
-20.51 0.00014302 4.1675e-05
-20.452 0.00011428 3.5668e-05
-20.394 0.00017845 4.884e-05
-20.336 0.00012994 3.9081e-05
-20.278 0.00013698 4.0528e-05
-20.22 0.00016493 4.6174e-05
-20.162 0.00016688 4.6722e-05
-20.104 0.0001307 3.9311e-05
-20.046 0.00016155 4.5796e-05
-19.988 0.0001381 4.0859e-05
-19.93 0.00018999 5.1462e-05
-19.872 0.00013986 4.1379e-05
-19.814 0.00018352 5.0229e-05
-19.756 0.000168 4.7037e-05
-19.698 0.00015408 4.4263e-05
-19.64 0.0002003 5.3724e-05
-19.582 0.00014031 4.1515e-05
-19.524 0.0002361 6.0727e-05
-19.466 0.00017056 4.7751e-05
-19.408 0.00014894 4.3399e-05
-19.35 0.00011214 3.5739e-05
-19.292 7.4287e-05 2.7285e-05
-19.234 0.00016408 4.6513e-05
-19.176 0.0001207 3.7671e-05
-19.118 0.00017283 4.8389e-05
-19.06 0.00013495 4.059e-05
-19.002 0.00015009 4.3734e-05
-18.944 9.0703e-05 3.1189e-05
-18.886 0.00013624 4.0975e-05
-18.828 0.00015787 4.5351e-05
-18.77 0.00014398 4.26e-05
-18.712 0.00015142 4.4121e-05
-18.654 0.00018877 5.1665e-05
-18.596 0.00019651 5.3227e-05
-18.538 0.00013661 4.1088e-05
-18.48 0.00019185 5.2508e-05
-18.422 9.9434e-05 3.3252e-05
-18.364 0.00014401 4.2607e-05
-18.306 0.00013781 4.1449e-05
-18.248 0.0001693 4.7993e-05
-18.19 0.00017635 4.9374e-05
-18.132 0.00021451 5.7005e-05
-18.074 0.00013094 4.0089e-05
-18.016 9.3872e-05 3.2279e-05
-17.958 0.00018637 5.1572e-05
-17.9 0.00018516 5.1236e-05
-17.841 8.5378e-05 3.0284e-05
-17.783 0.00017113 4.8512e-05
-17.725 0.00014889 4.405e-05
-17.667 0.00014701 4.3495e-05
-17.609 0.00014781 4.3731e-05
-17.551 0.00022049 5.8595e-05
-17.493 0.00011736 3.7403e-05
-17.435 0.00016344 4.6952e-05
-17.377 0.00021156 5.6745e-05
-17.319 0.00015882 4.6279e-05
-17.261 0.00014923 4.4152e-05
-17.203 0.00012532 3.9113e-05
-17.145 0.00011877 3.7851e-05
-17.087 0.00012642 3.9456e-05
-17.029 0.00011035 3.5985e-05
-16.971 0.00016515 4.7442e-05
-16.913 0.00015893 4.631e-05
-16.855 0.00014472 4.3527e-05
-16.797 8.7247e-05 3.0947e-05
-16.739 0.00022915 6.0361e-05
-16.681 0.00017528 4.9687e-05
-16.623 8.7314e-05 3.0971e-05
-16.565 0.0002069 5.6043e-05
-16.507 0.00012718 3.9691e-05
-16.449 0.00016744 4.8101e-05
-16.391 0.00016888 4.8515e-05
-16.333 0.00018378 5.1454e-05
-16.275 0.00016752 4.8122e-05
-16.217 0.00021615 5.7976e-05
-16.159 0.00010572 3.5355e-05
-16.101 0.00019203 5.3139e-05
-16.043 0.00021722 5.8262e-05
-15.985 0.00013593 4.1616e-05
-15.927 0.00018593 5.2055e-05
-15.869 0.00012081 3.8502e-05
-15.811 0.00016824 4.833e-05
-15.753 0.00016195 4.7189e-05
-15.695 0.00016262 4.7384e-05
-15.637 0.00012989 4.054e-05
-15.579 0.00012959 4.0445e-05
-15.521 0.00019555 5.4111e-05
-15.463 0.00013068 4.0785e-05
-15.405 0.00012243 3.9019e-05
-15.347 7.3114e-05 2.7939e-05
-15.289 0.00016427 4.7867e-05
-15.231 0.0001639 4.7759e-05
-15.173 0.00013079 4.0818e-05
-15.114 0.00017165 4.9311e-05
-15.056 0.00020381 5.5779e-05
-14.998 0.00016407 4.7807e-05
-14.94 0.00026358 6.7795e-05
-14.882 0.00011419 3.7235e-05
-14.824 0.00011542 3.7637e-05
-14.766 0.00011567 3.7718e-05
-14.708 0.0001069 3.5747e-05
-14.65 0.00015586 4.6113e-05
-14.592 9.8677e-05 3.3931e-05
-14.534 0.00016491 4.8054e-05
-14.476 0.00016483 4.8028e-05
-14.418 0.00012356 3.9379e-05
-14.36 0.00020754 5.6802e-05
-14.302 0.00016578 4.8305e-05
-14.244 0.00016479 4.8016e-05
-14.186 0.0001901 5.3223e-05
-14.128 9.9592e-05 3.4246e-05
-14.07 0.00014204 4.3486e-05
-14.012 0.00016644 4.8498e-05
-13.954 8.2745e-05 3.0392e-05
-13.896 0.00015879 4.6982e-05
-13.838 0.0001756 5.0445e-05
-13.78 0.00012579 4.0091e-05
-13.722 9.1068e-05 3.2302e-05
-13.664 0.00011734 3.8263e-05
-13.606 8.3815e-05 3.0785e-05
-13.548 0.00011701 3.8155e-05
-13.49 0.00011666 3.804e-05
-13.432 0.00016072 4.7551e-05
-13.374 0.00012638 4.0278e-05
-13.316 0.00012613 4.0199e-05
-13.258 0.00016705 4.8676e-05
-13.2 0.0001181 3.8512e-05
-13.142 0.00019442 5.4433e-05
-13.084 0.00015967 4.724e-05
-13.026 0.00015909 4.7069e-05
-12.968 0.00010091 3.47e-05
-12.91 0.00013571 4.2356e-05
-12.852 0.00013422 4.1891e-05
-12.794 0.00014283 4.3729e-05
-12.736 0.00013549 4.2287e-05
-12.678 0.00017833 5.123e-05
-12.62 0.00016154 4.7793e-05
-12.562 0.00021098 5.7742e-05
-12.504 0.00021135 5.7845e-05
-12.446 0.00019816 5.5479e-05
-12.388 0.00013593 4.2425e-05
-12.329 0.00015254 4.588e-05
-12.271 0.00014368 4.3989e-05
-12.213 0.00017144 4.9954e-05
-12.155 0.00015316 4.6065e-05
-12.097 0.00012772 4.0704e-05
-12.039 0.0001189 3.8771e-05
-11.981 0.00014618 4.4753e-05
-11.923 0.00016364 4.8416e-05
-11.865 0.00013479 4.2067e-05
-11.807 0.00012 3.9132e-05
-11.749 0.00022352 6.0545e-05
-11.691 0.00016191 4.7903e-05
-11.633 0.00018772 5.3215e-05
-11.575 0.00017926 5.1497e-05
-11.517 0.00012868 4.101e-05
-11.459 0.00017107 4.9848e-05
-11.401 0.00020464 5.6628e-05
-11.343 0.00015491 4.6593e-05
-11.285 0.00011174 3.7366e-05
-11.227 0.00021491 5.8819e-05
-11.169 0.00014535 4.45e-05
-11.111 0.00016348 4.8367e-05
-11.053 0.00018043 5.1832e-05
-10.995 0.00021511 5.8872e-05
-10.937 0.0001279 4.0763e-05
-10.879 0.00018972 5.3782e-05
-10.821 0.00014725 4.5081e-05
-10.763 0.000121 3.9458e-05
-10.705 0.00018789 5.3264e-05
-10.647 0.00013796 4.3057e-05
-10.589 4.3366e-05 2.1018e-05
-10.531 0.00014768 4.5212e-05
-10.473 0.00015339 4.6136e-05
-10.415 0.00010447 3.5923e-05
-10.357 0.00020006 5.6012e-05
-10.299 0.00014647 4.4842e-05
-10.241 7.8022e-05 2.9814e-05
-10.183 0.00018047 5.1844e-05
-10.125 0.00019155 5.4301e-05
-10.067 0.00014841 4.5436e-05
-10.009 0.00018919 5.3631e-05
-9.9506 0.00014709 4.5031e-05
-9.8926 0.00014753 4.5168e-05
-9.8346 0.00015764 4.7413e-05
-9.7766 0.000182 5.2283e-05
-9.7185 0.00012879 4.1046e-05
-9.6605 0.00013211 4.2104e-05
-9.6025 0.00025225 6.6447e-05
-9.5445 0.00016498 4.8813e-05
-9.4864 0.00014834 4.5414e-05
-9.4284 0.00011382 3.8063e-05
-9.3704 0.00014047 4.3841e-05
-9.3124 0.00012117 3.9512e-05
-9.2544 0.00019835 5.5533e-05
-9.1963 0.00013285 4.2339e-05
-9.1383 0.00016525 4.8892e-05
-9.0803 0.00014795 4.5297e-05
-9.0223 0.00017581 5.1228e-05
-8.9643 0.0001866 5.3604e-05
-8.9062 0.00017317 5.0459e-05
-8.8482 0.00018463 5.3038e-05
-8.7902 0.00024166 6.4219e-05
-8.7322 0.00010631 3.6557e-05
-8.6742 0.00015761 4.7405e-05
-8.6161 0.00018146 5.2128e-05
-8.5581 0.00018579 5.3371e-05
-8.5001 0.00024468 6.5023e-05
-8.4421 0.00018188 5.2249e-05
-8.384 0.0001668 4.9352e-05
-8.326 0.00017386 5.0659e-05
-8.268 0.00021888 5.9905e-05
-8.21 0.00016686 4.9368e-05
-8.152 0.00011354 3.7968e-05
-8.0939 0.00014736 4.5116e-05
-8.0359 0.00016816 4.9752e-05
-7.9779 0.00012291 4.0079e-05
-7.9199 0.00015742 4.7347e-05
-7.8619 0.00015887 4.7784e-05
-7.8038 0.00015959 4.7999e-05
-7.7458 0.00011415 3.8172e-05
-7.6878 0.00020358 5.6998e-05
-7.6298 0.00015933 4.7921e-05
-7.5718 0.00018851 5.4153e-05
-7.5137 0.0001935 5.4853e-05
-7.4557 9.6901e-05 3.4371e-05
-7.3977 0.00017822 5.193e-05
-7.3397 0.0001603 4.8213e-05
-7.2816 0.00012473 4.0672e-05
-7.2236 0.0001569 4.719e-05
-7.1656 0.00013431 4.2804e-05
-7.1076 0.00011714 3.9172e-05
-7.0496 0.0001409 4.3976e-05
-6.9915 8.8291e-05 3.2429e-05
-6.9335 0.00012523 4.0836e-05
-6.8755 9.5898e-05 3.4015e-05
-6.8175 0.00012433 4.0542e-05
-6.7595 0.00018555 5.3302e-05
-6.7014 0.00015838 4.7636e-05
-6.6434 0.00012759 4.1605e-05
-6.5854 8.6928e-05 3.1928e-05
-6.5274 0.0001422 4.438e-05
-6.4694 0.00018959 5.3746e-05
-6.4113 0.00023689 6.4166e-05
-6.3533 0.00024708 6.5659e-05
-6.2953 0.00013368 4.2605e-05
-6.2373 0.00015568 4.6824e-05
-6.1792 6.3762e-05 2.6883e-05
-6.1212 0.00017374 5.0625e-05
-6.0632 0.00015911 4.7856e-05
-6.0052 0.00017072 5.0512e-05
-5.9472 0.0002668 6.9695e-05
-5.8891 0.00013401 4.271e-05
-5.8311 0.00016965 5.0194e-05
-5.7731 0.00013023 4.1503e-05
-5.7151 0.00014725 4.5956e-05
-5.6571 0.00013818 4.3126e-05
-5.599 0.00014966 4.5818e-05
-5.541 0.00016343 4.9153e-05
-5.483 0.00024987 6.6401e-05
-5.425 0.0001495 4.577e-05
-5.3669 0.0001232 4.0175e-05
-5.3089 0.00019896 5.6401e-05
-5.2509 0.00016233 4.8823e-05
-5.1929 0.00022571 6.1137e-05
-5.1349 0.00021282 5.8891e-05
-5.0768 0.00013172 4.1978e-05
-5.0188 0.00019073 5.4792e-05
-4.9608 0.00021317 5.8988e-05
-4.9028 0.0001842 5.2915e-05
-4.8448 9.0155e-05 3.3113e-05
-4.7867 0.00021022 5.8172e-05
-4.7287 0.00016727 4.949e-05
-4.6707 0.00017142 5.0718e-05
-4.6127 0.0001756 5.1169e-05
-4.5547 0.00022055 6.0361e-05
-4.4966 0.00016185 4.8678e-05
-4.4386 0.00014377 4.4869e-05
-4.3806 0.00011358 3.7984e-05
-4.3226 0.00015009 4.5949e-05
-4.2645 0.00017944 5.2285e-05
-4.2065 0.00023138 6.2672e-05
-4.1485 0.00014404 4.4955e-05
-4.0905 0.00021293 5.8922e-05
-4.0325 0.00020381 5.706e-05
-3.9744 0.00016873 4.9922e-05
-3.9164 0.00012501 4.0766e-05
-3.8584 0.00022702 6.2132e-05
-3.8004 0.00017688 5.1542e-05
-3.7424 0.00014977 4.5851e-05
-3.6843 0.00022205 6.0772e-05
-3.6263 0.00020845 5.8361e-05
-3.5683 0.00021745 6.0172e-05
-3.5103 0.00016636 4.922e-05
-3.4523 0.00027995 7.2004e-05
-3.3942 0.00028505 7.3872e-05
-3.3362 0.00022798 6.2397e-05
-3.2782 0.00029851 7.521e-05
-3.2202 0.00020919 5.8568e-05
-3.1621 0.00031417 7.9677e-05
-3.1041 0.00026444 6.8533e-05
-3.0461 0.00025584 6.7988e-05
-2.9881 0.0002821 7.311e-05
-2.9301 0.00028043 7.1612e-05
-2.872 0.00029314 7.5971e-05
-2.814 0.00028813 7.3073e-05
-2.756 0.00022823 6.3156e-05
-2.698 0.00016595 4.9098e-05
-2.64 0.00025842 6.8073e-05
-2.5819 0.00023426 6.3452e-05
-2.5239 0.00027035 7.0623e-05
-2.4659 0.00024895 6.6775e-05
-2.4079 0.00032442 8.0736e-05
-2.3499 0.000338 8.317e-05
-2.2918 0.00028192 7.4918e-05
-2.2338 0.0002476 6.4168e-05
-2.1758 0.00037147 9.1913e-05
-2.1178 0.00040206 9.53e-05
-2.0597 0.00043007 0.00010115
-2.0017 0.000444 0.00010612
-1.9437 0.00048597 0.00011036
-1.8857 0.0005134 0.00011829
-1.8277 0.00056289 0.00012854
-1.7696 0.000474 0.00010681
-1.7116 0.00054965 0.00012789
-1.6536 0.00047941 0.00011081
-1.5956 0.00066042 0.00014505
-1.5376 0.00081694 0.00017274
-1.4795 0.00077554 0.00017034
-1.4215 0.00092896 0.00019581
-1.3635 0.0013999 0.00028469
-1.3055 0.0016567 0.0003296
-1.2475 0.002054 0.00040945
-1.1894 0.0026057 0.00050889
-1.1314 0.0034258 0.00066758
-1.0734 0.004209 0.00080974
-1.0154 0.0048612 0.00093001
-0.95735 0.0062131 0.0011841
-0.89933 0.0074565 0.0014165
-0.84131 0.0080906 0.0015336
-0.78328 0.0092074 0.0017434
-0.72526 0.0098948 0.0018715
-0.66724 0.011091 0.002096
-0.60922 0.011696 0.0022126
-0.5512 0.013009 0.0024569
-0.49318 0.013736 0.0025877
-0.43516 0.013645 0.0025696
-0.37714 0.014621 0.0027548
-0.31912 0.01431 0.0026995
-0.26109 0.014318 0.0027064
-0.20307 0.01304 0.0024561
-0.14505 0.013499 0.0025446
-0.087032 0.012231 0.0023128
-0.029011 0.01268 0.0023915
0.029011 0.010392 0.0019692
0.087032 0.010288 0.0019444
0.14505 0.008013 0.001517
0.20307 0.0069122 0.001323
0.26109 0.006732 0.0012834
0.31912 0.0052492 0.0010035
0.37714 0.0033852 0.00065246
0.43516 0.0026298 0.0005124
0.49318 0.002288 0.0004531
0.5512 0.0016512 0.00033497
0.60922 0.00128 0.000262
0.66724 0.0009589 0.00020076
0.72526 0.00074623 0.00016121
0.78328 0.00058077 0.00012908
0.84131 0.00051487 0.00011724
0.89933 0.00040702 9.6871e-05
0.95735 0.00051436 0.00011591
1.0154 0.00045142 0.00010578
1.0734 0.00041181 0.00010079
1.1314 0.00039312 9.3564e-05
1.1894 0.00047377 0.00011185
1.2475 0.00039239 9.1615e-05
1.3055 0.00039166 9.4455e-05
1.3635 0.00030165 7.6502e-05
1.4215 0.00031447 8.2149e-05
1.4795 0.00030047 7.4346e-05
1.5376 0.00028428 7.3119e-05
1.5956 0.00024107 6.4661e-05
1.6536 0.00022163 6.3668e-05
1.7116 0.0003003 7.3501e-05
1.7696 0.00028907 7.6146e-05
1.8277 0.00032834 8.2725e-05
1.8857 0.0003106 7.6427e-05
1.9437 0.00028469 7.5655e-05
2.0017 0.00027022 7.003e-05
2.0597 0.00024185 6.427e-05
2.1178 0.00021974 6.2292e-05
2.1758 0.00025315 6.5113e-05
2.2338 0.00023499 6.579e-05
2.2918 0.00020638 5.711e-05
2.3499 0.00026106 6.8767e-05
2.4079 0.00021736 6.0148e-05
2.4659 0.00018398 5.3608e-05
2.5239 0.00024948 6.6298e-05
2.5819 0.00018273 5.3246e-05
2.64 0.00025154 6.626e-05
2.698 0.00020379 5.8543e-05
2.756 0.00020516 5.677e-05
2.814 0.00026825 7.1286e-05
2.872 0.00021437 5.867e-05
2.9301 0.00021883 6.0554e-05
2.9881 0.00019514 5.606e-05
3.0461 0.0001635 4.8376e-05
3.1041 0.00020634 5.8493e-05
3.1621 0.00018437 5.3723e-05
3.2202 0.00020676 5.7215e-05
3.2782 0.00024744 6.6369e-05
3.3362 0.00012921 4.2135e-05
3.3942 0.00022188 6.0727e-05
3.4523 0.00020169 5.6467e-05
3.5103 0.00016518 4.9682e-05
3.5683 0.00023759 6.4354e-05
3.6263 0.00017041 5.0419e-05
3.6843 0.00021335 5.9037e-05
3.7424 0.00011641 3.893e-05
3.8004 0.0001651 4.9656e-05
3.8584 0.00020932 5.8604e-05
3.9164 0.00018887 5.4258e-05
3.9744 0.00017918 5.2209e-05
4.0325 0.00020723 5.8019e-05
4.0905 9.0745e-05 3.333e-05
4.1485 0.00018073 5.2661e-05
4.2065 0.00013665 4.3551e-05
4.2645 0.00020682 5.7904e-05
4.3226 0.00015195 4.652e-05
4.3806 0.00015429 4.7237e-05
4.4386 0.00010944 3.7632e-05
4.4966 0.00012686 4.1368e-05
4.5547 0.00014287 4.459e-05
4.6127 0.00015498 4.7448e-05
4.6707 0.00010817 3.7195e-05
4.7287 0.00011448 3.8285e-05
4.7867 0.00012721 4.1482e-05
4.8448 0.00010743 3.6941e-05
4.9028 0.00019784 5.6083e-05
4.9608 0.00016605 4.9943e-05
5.0188 0.00015261 4.6723e-05
5.0768 0.0001718 5.0829e-05
5.1349 0.00014933 4.5717e-05
5.1929 0.00013844 4.4121e-05
5.2509 0.00013706 4.3681e-05
5.3089 0.00017002 5.0303e-05
5.3669 0.00015146 4.6371e-05
5.425 0.00018285 5.3279e-05
5.483 0.00016654 5.0091e-05
5.541 0.00013513 4.3066e-05
5.599 0.00014103 4.4017e-05
5.6571 0.00011368 3.9091e-05
5.7151 0.00014221 4.4383e-05
5.7731 0.00013662 4.3542e-05
5.8311 0.00012873 4.1979e-05
5.8891 0.00014331 4.4726e-05
5.9472 0.00022126 6.1227e-05
6.0052 0.00013661 4.3537e-05
6.0632 0.00017682 5.1524e-05
6.1212 0.00013996 4.4605e-05
6.1792 0.00013381 4.2647e-05
6.2373 0.00016457 4.9499e-05
6.2953 0.00011745 3.9277e-05
6.3533 0.00014026 4.4701e-05
6.4113 0.00018696 5.3709e-05
6.4694 0.00020167 5.717e-05
6.5274 0.00020324 5.6902e-05
6.5854 0.00017665 5.2266e-05
6.6434 0.00016391 4.93e-05
6.7014 0.00017223 5.0957e-05
6.7595 0.00020209 5.7289e-05
6.8175 0.00012502 4.0767e-05
6.8755 0.00010112 3.5869e-05
6.9335 0.00013539 4.3151e-05
6.9915 0.00011662 3.8998e-05
7.0496 0.00012919 4.2126e-05
7.1076 0.00014695 4.5863e-05
7.1656 9.8746e-05 3.5025e-05
7.2236 0.00015483 4.7401e-05
7.2816 0.0001009 3.5791e-05
7.3397 0.00012857 4.1926e-05
7.3977 0.00017913 5.2197e-05
7.4557 9.9524e-05 3.5302e-05
7.5137 6.4461e-05 2.7178e-05
7.5718 0.00017256 5.1056e-05
7.6298 9.9427e-05 3.5267e-05
7.6878 0.00017117 5.0643e-05
7.7458 6.3578e-05 2.6806e-05
7.8038 0.00011733 3.9236e-05
7.8619 0.0001257 4.0989e-05
7.9199 0.00014407 4.4964e-05
7.9779 0.00016321 4.9087e-05
8.0359 0.00014331 4.4726e-05
8.0939 0.00013396 4.2693e-05
8.152 0.0001079 3.7104e-05
8.21 0.00012612 4.1126e-05
8.268 0.00012446 4.0585e-05
8.326 0.00011728 3.922e-05
8.384 0.00013372 4.2616e-05
8.4421 0.00014346 4.4775e-05
8.5001 0.00014545 4.5393e-05
8.5581 9.7799e-05 3.469e-05
8.6161 0.00010006 3.5491e-05
8.6742 0.00013635 4.3457e-05
8.7322 0.0001434 4.4756e-05
8.7902 0.00011714 3.9173e-05
8.8482 8.9772e-05 3.2973e-05
8.9062 0.00013656 4.3521e-05
8.9643 9.9585e-05 3.5323e-05
9.0223 0.00016217 4.8777e-05
9.0803 0.00014201 4.432e-05
9.1383 0.00010999 3.7822e-05
9.1963 0.00014333 4.4732e-05
9.2544 7.1363e-05 2.8537e-05
9.3124 9.8758e-05 3.503e-05
9.3704 0.00010862 3.735e-05
9.4284 0.0001518 4.6473e-05
9.4864 0.00010697 3.6781e-05
9.5445 0.00013455 4.2882e-05
9.6025 0.00010861 3.7346e-05
9.6605 0.00013316 4.2438e-05
9.7185 0.00012414 4.0482e-05
9.7766 0.00018168 5.294e-05
9.8346 0.00014388 4.4906e-05
9.8926 0.00014326 4.4711e-05
9.9506 0.00016948 5.0143e-05
10.009 0.0001076 3.7001e-05
10.067 0.00011709 3.9155e-05
10.125 0.00016862 4.989e-05
10.183 6.2734e-05 2.645e-05
10.241 0.00015935 4.7927e-05
10.299 0.00013388 4.2669e-05
10.357 0.00010776 3.7053e-05
10.415 0.00012395 4.0418e-05
10.473 0.00011669 3.9022e-05
10.531 0.00016186 4.8681e-05
10.589 0.00011547 3.8615e-05
10.647 0.00015881 4.7765e-05
10.705 0.00016978 5.0232e-05
10.763 0.00013411 4.2742e-05
10.821 0.00010659 3.6653e-05
10.879 0.00014951 4.5773e-05
10.937 0.0001248 4.0697e-05
10.995 0.00012525 4.0843e-05
11.053 0.00015097 4.622e-05
11.111 7.103e-05 2.8404e-05
11.169 0.00012394 4.0414e-05
11.227 0.00011563 3.8668e-05
11.285 0.00020438 5.7222e-05
11.343 0.00013345 4.253e-05
11.401 0.00010583 3.6391e-05
11.459 0.00011598 3.8785e-05
11.517 0.00010685 3.674e-05
11.575 7.951e-05 3.0382e-05
11.633 0.00018697 5.371e-05
11.691 0.00013355 4.2562e-05
11.749 0.00012483 4.0707e-05
11.807 0.00011447 3.8279e-05
11.865 9.7879e-05 3.4718e-05
11.923 0.00016933 5.0099e-05
11.981 0.00011489 3.8421e-05
12.039 0.00014176 4.4244e-05
12.097 0.00011436 3.8243e-05
12.155 0.00012437 4.0555e-05
12.213 0.00018618 5.3484e-05
12.271 0.00011434 3.8236e-05
12.329 0.00014034 4.38e-05
12.388 0.0001149 3.8422e-05
12.446 0.00012321 4.0178e-05
12.504 0.00018312 5.2606e-05
12.562 7.8896e-05 3.0148e-05
12.62 9.6379e-05 3.4186e-05
12.678 9.5805e-05 3.3982e-05
12.736 0.00011293 3.7766e-05
12.794 0.00010449 3.5928e-05
12.852 0.00015877 4.7753e-05
12.91 0.00010397 3.575e-05
12.968 0.00013845 4.3209e-05
13.026 0.00012131 3.9556e-05
13.084 0.00013973 4.3609e-05
13.142 0.00012998 4.1425e-05
13.2 0.00013766 4.2965e-05
13.258 0.00011217 3.7511e-05
13.316 0.00010463 3.5978e-05
13.374 0.0001476 4.5189e-05
13.432 8.6019e-05 3.1594e-05
13.49 6.0356e-05 2.5447e-05
13.548 0.00011263 3.7664e-05
13.606 0.00015657 4.7093e-05
13.664 0.00010339 3.5551e-05
13.722 0.00012908 4.1138e-05
13.78 0.00011234 3.7567e-05
13.838 0.00016413 4.8561e-05
13.896 6.8483e-05 2.7385e-05
13.954 0.00012024 3.9208e-05
14.012 0.00011235 3.7571e-05
14.07 0.00011148 3.7279e-05
14.128 0.00013573 4.236e-05
14.186 0.00014642 4.4828e-05
14.244 6.0183e-05 2.5374e-05
14.302 0.00013734 4.2863e-05
14.36 0.00013597 4.2436e-05
14.418 0.00011976 3.9052e-05
14.476 0.00010259 3.5278e-05
14.534 0.0001627 4.8139e-05
14.592 9.3504e-05 3.3166e-05
14.65 0.00015361 4.6201e-05
14.708 0.00012035 3.9244e-05
14.766 0.00010334 3.5533e-05
14.824 0.00018673 5.2934e-05
14.882 0.00022406 6.0691e-05
14.94 8.5673e-05 3.1467e-05
14.998 7.6601e-05 2.9271e-05
15.056 0.00018637 5.2831e-05
15.114 0.00016179 4.7868e-05
15.173 0.00014478 4.4324e-05
15.231 0.00016243 4.8058e-05
15.289 0.00018473 5.2366e-05
15.347 9.3509e-05 3.3168e-05
15.405 0.00016898 4.924e-05
15.463 0.00012629 4.0249e-05
15.521 0.0001511 4.5445e-05
15.579 0.00013419 4.1881e-05
15.637 0.00019298 5.403e-05
15.695 0.00013454 4.199e-05
15.753 0.00014967 4.5017e-05
15.811 8.3778e-05 3.0771e-05
15.869 0.00015207 4.5738e-05
15.927 0.00014155 4.3337e-05
15.985 0.00016788 4.8919e-05
16.043 0.00011644 3.7969e-05
16.101 0.00010878 3.6377e-05
16.159 0.00015899 4.7041e-05
16.217 0.00010847 3.6273e-05
16.275 8.3527e-05 3.0679e-05
16.333 8.3273e-05 3.0586e-05
16.391 0.00014902 4.482e-05
16.449 0.000157 4.6451e-05
16.507 0.0001494 4.4934e-05
16.565 0.00016534 4.8177e-05
16.623 0.0001327 4.1415e-05
16.681 0.00012251 3.9044e-05
16.739 0.00013136 4.0997e-05
16.797 9.8551e-05 3.3888e-05
16.855 9.7619e-05 3.3567e-05
16.913 6.4984e-05 2.5986e-05
16.971 9.7881e-05 3.3657e-05
17.029 0.00020385 5.5791e-05
17.087 0.00018021 5.1085e-05
17.145 0.0001696 4.8722e-05
17.203 0.00017934 5.0838e-05
17.261 8.188e-05 3.0074e-05
17.319 0.00012995 4.0558e-05
17.377 0.00015313 4.5306e-05
17.435 9.7477e-05 3.3518e-05
17.493 0.00011325 3.6929e-05
17.551 0.00015454 4.5723e-05
17.609 0.00012815 3.9997e-05
17.667 0.00012928 4.0349e-05
17.725 9.6633e-05 3.3228e-05
17.783 0.00010458 3.4974e-05
17.841 0.00024706 6.4028e-05
17.9 0.00017587 4.9855e-05
17.958 6.4181e-05 2.5665e-05
18.016 0.00013492 4.1305e-05
18.074 7.1118e-05 2.7176e-05
18.132 0.00012668 3.9536e-05
18.19 0.00011859 3.7795e-05
18.248 9.5517e-05 3.2844e-05
18.306 0.00015707 4.5767e-05
18.364 0.00010286 3.4396e-05
18.422 0.00011892 3.7899e-05
18.48 0.00010982 3.5812e-05
18.538 0.00010954 3.5721e-05
18.596 0.00010131 3.3879e-05
18.654 0.00012596 3.9313e-05
18.712 0.00014935 4.4187e-05
18.77 0.00011648 3.7122e-05
18.828 0.00015585 4.5414e-05
18.886 0.00012476 3.8938e-05
18.944 0.00015639 4.5569e-05
19.002 0.00020065 5.4348e-05
19.06 8.5101e-05 3.0186e-05
19.118 0.00018728 5.1822e-05
19.176 6.1629e-05 2.4645e-05
19.234 0.00013008 3.9824e-05
19.292 0.00013871 4.172e-05
19.35 6.8938e-05 2.6343e-05
19.408 9.9553e-05 3.3291e-05
19.466 0.00011387 3.6291e-05
19.524 9.1941e-05 3.1615e-05
19.582 0.00013723 4.1273e-05
19.64 0.0001284 3.9311e-05
19.698 0.0001205 3.7607e-05
19.756 0.00018048 4.9941e-05
19.814 9.9063e-05 3.3128e-05
19.872 0.00013557 4.0776e-05
19.93 0.00017984 4.9765e-05
19.988 0.00012053 3.7618e-05
20.046 8.9723e-05 3.0852e-05
20.104 0.00017185 4.8112e-05
20.162 0.00010423 3.3988e-05
20.22 0.0001198 3.7388e-05
20.278 0.00010425 3.3995e-05
20.336 7.4252e-05 2.7273e-05
20.394 8.8459e-05 3.0417e-05
20.452 0.00011939 3.726e-05
20.51 0.00014116 4.1766e-05
20.568 5.9042e-05 2.361e-05
20.626 0.00011663 3.6399e-05
20.685 0.00014623 4.2609e-05
20.743 0.00013117 3.9452e-05
20.801 0.00014588 4.2508e-05
20.859 0.00015913 4.5111e-05
20.917 0.00015992 4.5334e-05
20.975 0.00011614 3.6247e-05
21.033 8.6479e-05 2.9737e-05
21.091 0.00011449 3.5734e-05
21.149 0.00011518 3.5948e-05
21.207 0.0001589 4.5044e-05
21.265 9.299e-05 3.1097e-05
21.323 0.00014257 4.1543e-05
21.381 9.2393e-05 3.0897e-05
21.439 0.00020019 5.32e-05
21.497 0.00018508 5.013e-05
21.555 0.00014778 4.2452e-05
21.613 0.000134 3.9646e-05
21.671 0.00016266 4.5539e-05
21.729 8.3917e-05 2.8856e-05
21.787 0.00011799 3.6124e-05
21.845 0.00018742 5.0271e-05
21.903 0.00013189 3.9021e-05
21.961 0.00012357 3.7166e-05
22.019 0.00015019 4.2574e-05
22.077 0.00011608 3.554e-05
22.135 0.00017862 4.8382e-05
22.193 0.00016319 4.5157e-05
22.251 7.4173e-05 2.631e-05
22.309 0.00012842 3.7994e-05
22.367 0.00012174 3.6617e-05
22.425 0.00014139 4.0617e-05
22.483 7.9798e-05 2.7439e-05
22.541 0.0001203 3.6184e-05
22.599 0.00014114 4.0546e-05
22.657 0.00013409 3.9071e-05
22.715 0.00015247 4.2689e-05
22.773 0.00013254 3.8622e-05
22.831 9.9341e-05 3.1661e-05
22.889 0.00011207 3.4309e-05
22.947 0.00010457 3.2637e-05
23.005 9.1408e-05 2.9807e-05
23.063 0.00014347 4.067e-05
23.121 0.0001484 4.1548e-05
23.179 0.00012248 3.6238e-05
23.237 0.00011538 3.4703e-05
23.295 0.00010897 3.3361e-05
23.353 0.00013991 3.9662e-05
23.412 0.0001583 4.3324e-05
23.47 0.00012696 3.6994e-05
23.528 0.00012053 3.566e-05
23.586 0.00014444 4.0439e-05
23.644 0.00012502 3.6429e-05
23.702 0.0001118 3.3626e-05
23.76 0.00014949 4.1367e-05
23.818 9.9069e-05 3.0919e-05
23.876 0.00015334 4.1967e-05
23.934 0.00014058 3.9358e-05
23.992 0.00010979 3.302e-05
24.05 0.00012105 3.5273e-05
24.108 6.6056e-05 2.343e-05
24.166 0.00012576 3.6127e-05
24.224 0.00013158 3.7301e-05
24.282 0.00019055 4.9011e-05
24.34 0.00010592 3.1858e-05
24.398 9.4499e-05 2.9493e-05
24.456 0.00015861 4.2542e-05
24.514 9.9287e-05 3.0397e-05
24.572 0.00015087 4.0866e-05
24.63 0.00012174 3.4973e-05
24.688 0.00017316 4.5233e-05
24.746 0.00015424 4.1371e-05
24.804 0.00012956 3.6274e-05
24.862 0.00011314 3.2969e-05
24.92 0.00011241 3.2755e-05
24.978 0.00012244 3.4708e-05
25.036 0.00012171 3.4502e-05
25.094 0.00010422 3.0837e-05
25.152 0.00012607 3.5296e-05
25.21 0.00010328 3.0556e-05
25.268 0.00014094 3.8175e-05
25.326 0.00010807 3.149e-05
25.384 0.00015646 4.1215e-05
25.442 0.00014909 3.962e-05
25.5 0.00011041 3.1717e-05
25.558 0.00010515 3.064e-05
25.616 0.00010948 3.1449e-05
25.674 0.00012936 3.5403e-05
25.732 0.00010185 2.9677e-05
25.79 6.5906e-05 2.204e-05
25.848 0.00016771 4.2827e-05
25.906 0.0001104 3.1297e-05
25.964 9.9247e-05 2.8919e-05
26.022 8.9658e-05 2.6966e-05
26.08 7.3757e-05 2.3507e-05
26.138 0.00012294 3.3647e-05
26.197 7.7726e-05 2.4258e-05
26.255 0.00015554 4.0006e-05
26.313 0.00010638 3.0157e-05
26.371 0.00014888 3.8583e-05
26.429 0.00010427 2.9559e-05
26.487 0.00011728 3.2099e-05
26.545 0.00014501 3.7582e-05
26.603 0.00014669 3.7729e-05
26.661 0.00012237 3.2824e-05
26.719 0.00013517 3.531e-05
26.777 0.00013901 3.6025e-05
26.835 0.00015442 3.8906e-05
26.893 0.0001524 3.8396e-05
26.951 9.1089e-05 2.6167e-05
27.009 9.8597e-05 2.7604e-05
27.067 0.00012285 3.236e-05
27.125 0.00012049 3.174e-05
27.183 0.00014656 3.6694e-05
27.241 0.00014184 3.5736e-05
27.299 0.00011924 3.1149e-05
27.357 0.00013704 3.4528e-05
27.415 0.0001789 4.2578e-05
27.473 0.00013564 3.4174e-05
27.531 0.00013367 3.3677e-05
27.589 0.00011991 3.0843e-05
27.647 0.00012988 3.2723e-05
27.705 0.00014976 3.6468e-05
27.763 0.00012458 3.1388e-05
27.821 0.0001118 2.8756e-05
27.879 0.00014018 3.4134e-05
27.937 0.00012153 3.0426e-05
27.995 0.00012894 3.1727e-05
28.053 9.3339e-05 2.4587e-05
28.111 0.00018864 4.2956e-05
28.169 0.00014006 3.3477e-05
28.227 0.0001076 2.7109e-05
28.285 0.0001044 2.6304e-05
28.343 8.46e-05 2.2285e-05
28.401 0.0001745 3.9524e-05
28.459 0.00012465 2.9793e-05
28.517 0.00014284 3.3124e-05
28.575 0.00013552 3.1532e-05
28.633 0.00014274 3.2689e-05
28.691 0.00019546 4.242e-05
28.749 0.00012636 2.9026e-05
28.807 0.00013947 3.1351e-05
28.865 0.00015462 3.4089e-05
28.924 0.00014423 3.1925e-05
28.982 0.00013534 3.0016e-05
29.04 0.00012809 2.8352e-05
29.098 0.00012269 2.6996e-05
29.156 0.00012659 2.7389e-05
29.214 0.00013424 2.8384e-05
29.272 0.00014147 2.924e-05
29.33 0.00016747 3.37e-05
29.388 0.00014146 2.7863e-05
29.446 0.00012637 2.5199e-05
29.504 0 1
29.562 0 1
29.62 0 1
29.678 0 1
