-29.678 0 1
-29.62 0 1
-29.562 0 1
-29.504 0.00019464 3.7892e-05
-29.446 0.00019024 3.6926e-05
-29.388 0.00019518 3.8778e-05
-29.33 0.00018559 3.7405e-05
-29.272 0.00019866 4.0282e-05
-29.214 0.00020145 4.126e-05
-29.156 0.0001807 3.7765e-05
-29.098 0.00017868 3.7701e-05
-29.04 0.00022147 4.6016e-05
-28.982 0.0002403 4.9774e-05
-28.924 0.00022919 4.79e-05
-28.865 0.00022114 4.6565e-05
-28.807 0.00021096 4.4859e-05
-28.749 0.00019208 4.1558e-05
-28.691 0.00023351 4.9653e-05
-28.633 0.00017708 3.9194e-05
-28.575 0.00018703 4.1234e-05
-28.517 0.00018675 4.1335e-05
-28.459 0.00015508 3.5516e-05
-28.401 0.00019172 4.2611e-05
-28.343 0.00020762 4.5772e-05
-28.285 0.00023814 5.1765e-05
-28.227 0.0001852 4.1839e-05
-28.169 0.00018308 4.1577e-05
-28.111 0.00021858 4.838e-05
-28.053 0.00017907 4.101e-05
-27.995 0.00019203 4.361e-05
-27.937 0.00017882 4.1201e-05
-27.879 0.00021276 4.7825e-05
-27.821 0.00016903 3.9607e-05
-27.763 0.00019744 4.5217e-05
-27.705 0.00023158 5.1812e-05
-27.647 0.00016377 3.8978e-05
-27.589 0.00017737 4.1716e-05
-27.531 0.00021458 4.9002e-05
-27.473 0.0001793 4.2331e-05
-27.415 0.00018795 4.4041e-05
-27.357 0.0002088 4.8109e-05
-27.299 0.00017054 4.0941e-05
-27.241 0.00024087 5.4415e-05
-27.183 0.00020863 4.838e-05
-27.125 0.0001632 3.9741e-05
-27.067 0.00023029 5.2741e-05
-27.009 0.00023357 5.3492e-05
-26.951 0.00018547 4.4331e-05
-26.893 0.00022167 5.1405e-05
-26.835 0.00013241 3.4314e-05
-26.777 0.00019759 4.7028e-05
-26.719 0.00017375 4.2526e-05
-26.661 0.0001884 4.5435e-05
-26.603 0.00015625 3.9366e-05
-26.545 0.0001657 4.1236e-05
-26.487 0.00018986 4.6006e-05
-26.429 0.00014648 3.7676e-05
-26.371 0.00016477 4.1253e-05
-26.313 0.00022193 5.2396e-05
-26.255 0.00021805 5.1684e-05
-26.197 0.00014889 3.8295e-05
-26.138 0.00019246 4.6865e-05
-26.08 0.00016513 4.1604e-05
-26.022 0.00016521 4.1625e-05
-25.964 0.00018588 4.5738e-05
-25.906 0.00016946 4.2695e-05
-25.848 0.00017429 4.3635e-05
-25.79 0.00013709 3.6432e-05
-25.732 0.00016331 4.1702e-05
-25.674 0.00015973 4.1084e-05
-25.616 0.00020597 5.0156e-05
-25.558 0.0001894 4.6863e-05
-25.5 0.00013133 3.5573e-05
-25.442 0.00020437 5.002e-05
-25.384 0.00024583 5.8039e-05
-25.326 0.00020039 4.9308e-05
-25.268 0.00019246 4.7897e-05
-25.21 0.00019828 4.9061e-05
-25.152 0.00012073 3.3802e-05
-25.094 0.00017378 4.4376e-05
-25.036 0.00015956 4.1682e-05
-24.978 0.00019208 4.8089e-05
-24.92 0.00021354 5.2266e-05
-24.862 0.00018845 4.748e-05
-24.804 0.00018388 4.6634e-05
-24.746 0.00015883 4.1839e-05
-24.688 0.00022507 5.4806e-05
-24.63 0.00015434 4.1015e-05
-24.572 0.0001831 4.6756e-05
-24.514 0.000152 4.0771e-05
-24.456 0.00016243 4.2788e-05
-24.398 0.00017459 4.5247e-05
-24.34 0.00019804 4.9894e-05
-24.282 0.00017184 4.489e-05
-24.224 0.00021704 5.3703e-05
-24.166 0.00017738 4.5969e-05
-24.108 0.00017878 4.6332e-05
-24.05 0.00016835 4.4346e-05
-23.992 0.00016941 4.4625e-05
-23.934 0.00023917 5.824e-05
-23.876 0.00016965 4.4689e-05
-23.818 0.00016022 4.2974e-05
-23.76 0.00021841 5.4354e-05
-23.702 0.00010633 3.1982e-05
-23.644 0.00017261 4.5468e-05
-23.586 0.00015002 4.106e-05
-23.528 0.00017335 4.5663e-05
-23.47 0.00020872 5.2585e-05
-23.412 0.0002292 5.6712e-05
-23.353 0.00016481 4.4207e-05
-23.295 0.00014519 4.0177e-05
-23.237 0.00016448 4.4116e-05
-23.179 0.00022017 5.5123e-05
-23.121 0.00024618 6.0254e-05
-23.063 0.00024549 6.0086e-05
-23.005 0.00017106 4.5459e-05
-22.947 0.00022221 5.5634e-05
-22.889 0.00019956 5.1329e-05
-22.831 0.00016219 4.3933e-05
-22.773 0.0001683 4.5141e-05
-22.715 0.0001883 4.9188e-05
-22.657 0.00015857 4.3399e-05
-22.599 0.00020188 5.1926e-05
-22.541 0.0001882 4.9164e-05
-22.483 0.0001659 4.4937e-05
-22.425 0.00014089 3.9939e-05
-22.367 0.0001733 4.6484e-05
-22.309 0.00019202 5.0161e-05
-22.251 0.00019982 5.1786e-05
-22.193 0.00018854 4.9665e-05
-22.135 0.00022052 5.5927e-05
-22.077 0.00013627 3.9148e-05
-22.019 0.00022232 5.6382e-05
-21.961 0.00021021 5.4067e-05
-21.903 0.00012437 3.6797e-05
-21.845 0.00023584 5.9047e-05
-21.787 0.00014484 4.1058e-05
-21.729 0.00018012 4.8312e-05
-21.671 0.00024568 6.1141e-05
-21.613 0.00011976 3.6019e-05
-21.555 0.0001998 5.2192e-05
-21.497 0.00020231 5.2849e-05
-21.439 0.00016832 4.6067e-05
-21.381 0.00018817 5.0005e-05
-21.323 0.00018183 4.8771e-05
-21.265 0.0001698 4.6473e-05
-21.207 0.00017676 4.7877e-05
-21.149 0.00019007 5.051e-05
-21.091 0.00017755 4.8093e-05
-21.033 0.00017145 4.6923e-05
-20.975 0.00019876 5.2358e-05
-20.917 0.00021249 5.507e-05
-20.859 0.00024108 6.074e-05
-20.801 0.00025542 6.3565e-05
-20.743 0.00020625 5.3878e-05
-20.685 0.00016579 4.5877e-05
-20.626 0.00020818 5.4383e-05
-20.568 0.00013951 4.0651e-05
-20.51 0.00025695 6.3944e-05
-20.452 0.00017308 4.7371e-05
-20.394 0.00020891 5.4572e-05
-20.336 0.00015472 4.3861e-05
-20.278 0.00019648 5.2213e-05
-20.22 0.00020216 5.3253e-05
-20.162 0.00021871 5.6681e-05
-20.104 0.00022626 5.8195e-05
-20.046 0.00018439 4.9945e-05
-19.988 0.00020517 5.4045e-05
-19.93 0.00024254 6.151e-05
-19.872 0.00020081 5.3365e-05
-19.814 0.00016415 4.5959e-05
-19.756 0.00016337 4.5739e-05
-19.698 0.00014329 4.1753e-05
-19.64 0.00021535 5.6254e-05
-19.582 0.00026606 6.6213e-05
-19.524 0.000165 4.6195e-05
-19.466 0.00028186 6.9356e-05
-19.408 0.00019683 5.2793e-05
-19.35 0.00015972 4.5278e-05
-19.292 0.00022409 5.8075e-05
-19.234 9.433e-05 3.1545e-05
-19.176 0.0001765 4.884e-05
-19.118 0.00027798 6.8779e-05
-19.06 0.00018283 5.004e-05
-19.002 0.00021892 5.7188e-05
-18.944 0.00023573 6.0632e-05
-18.886 0.00023564 6.0608e-05
-18.828 0.00023442 6.0294e-05
-18.77 0.00016209 4.5948e-05
-18.712 0.00019339 5.2383e-05
-18.654 0.00021278 5.605e-05
-18.596 0.00031012 7.5147e-05
-18.538 0.00022957 5.9496e-05
-18.48 0.00020869 5.5457e-05
-18.422 0.0001709 4.7847e-05
-18.364 0.00022282 5.8207e-05
-18.306 0.00020881 5.5491e-05
-18.248 0.00020931 5.5622e-05
-18.19 0.00020253 5.4322e-05
-18.132 0.00022397 5.8506e-05
-18.074 0.00016562 4.6949e-05
-18.016 0.00020546 5.5108e-05
-17.958 0.00026424 6.6575e-05
-17.9 0.00021099 5.607e-05
-17.841 0.00016621 4.7117e-05
-17.783 0.00019046 5.2126e-05
-17.725 0.00019718 5.3409e-05
-17.667 0.00012029 3.7542e-05
-17.609 0.0002212 5.8267e-05
-17.551 0.00020633 5.5343e-05
-17.493 0.00015237 4.4399e-05
-17.435 0.00019766 5.3538e-05
-17.377 0.00019154 5.2422e-05
-17.319 0.00020058 5.4329e-05
-17.261 0.00018405 5.093e-05
-17.203 0.00022844 5.9673e-05
-17.145 0.00016978 4.813e-05
-17.087 0.00020064 5.4348e-05
-17.029 0.00016901 4.7911e-05
-16.971 0.00021508 5.7155e-05
-16.913 0.00016199 4.6536e-05
-16.855 0.00017827 4.991e-05
-16.797 0.00017823 4.99e-05
-16.739 0.00017737 4.9659e-05
-16.681 0.00024994 6.4287e-05
-16.623 0.00025664 6.5535e-05
-16.565 0.00021732 5.7752e-05
-16.507 0.00027074 6.8213e-05
-16.449 0.00021643 5.7514e-05
-16.391 0.000157 4.5749e-05
-16.333 0.00017165 4.8658e-05
-16.275 0.00027862 6.9758e-05
-16.217 0.0002504 6.4404e-05
-16.159 0.00018083 5.0627e-05
-16.101 0.00014097 4.24e-05
-16.043 0.00016441 4.7229e-05
-15.985 0.00018745 5.187e-05
-15.927 0.00014967 4.4282e-05
-15.869 0.00016569 4.7597e-05
-15.811 0.00018757 5.1903e-05
-15.753 0.00015852 4.619e-05
-15.695 0.00020644 5.5917e-05
-15.637 0.00019746 5.4044e-05
-15.579 0.00025148 6.4684e-05
-15.521 0.0001504 4.4497e-05
-15.463 0.00016712 4.8008e-05
-15.405 0.00025396 6.532e-05
-15.347 0.00017398 4.932e-05
-15.289 0.00022341 5.937e-05
-15.231 0.00024002 6.27e-05
-15.173 0.00019084 5.2808e-05
-15.114 0.00017468 4.9517e-05
-15.056 0.00020704 5.6081e-05
-14.998 0.00022475 5.9727e-05
-14.94 0.0001923 5.3213e-05
-14.882 0.00023067 6.0764e-05
-14.824 0.00021666 5.8112e-05
-14.766 0.00016937 4.8655e-05
-14.708 0.00017645 5.0019e-05
-14.65 0.00020821 5.6398e-05
-14.592 0.0002003 5.482e-05
-14.534 0.00018499 5.1791e-05
-14.476 0.0001849 5.1768e-05
-14.418 0.00020004 5.4749e-05
-14.36 0.00029833 7.4243e-05
-14.302 0.0001781 5.0487e-05
-14.244 0.00025806 6.6374e-05
-14.186 0.00019385 5.3641e-05
-14.128 0.00023559 6.2058e-05
-14.07 0.00022008 5.9031e-05
-14.012 0.0002338 6.1588e-05
-13.954 0.00021001 5.6885e-05
-13.896 0.0002512 6.5102e-05
-13.838 0.00023635 6.2259e-05
-13.78 0.00024396 6.3728e-05
-13.722 0.00025072 6.4977e-05
-13.664 0.00022994 6.1105e-05
-13.606 0.00027876 7.0695e-05
-13.548 0.00014712 4.4248e-05
-13.49 0.00016247 4.734e-05
-13.432 0.00022971 6.1045e-05
-13.374 0.00027124 6.9263e-05
-13.316 0.00021393 5.7945e-05
-13.258 0.00024486 6.3965e-05
-13.2 0.00021372 5.7889e-05
-13.142 0.00024787 6.475e-05
-13.084 0.00022971 6.1044e-05
-13.026 0.00029479 7.3805e-05
-12.968 0.00022854 6.0735e-05
-12.91 0.0002063 5.6462e-05
-12.852 0.00012356 3.9378e-05
-12.794 0.00015595 4.6141e-05
-12.736 0.00023171 6.1577e-05
-12.678 0.00021608 5.8529e-05
-12.62 0.00020601 5.6383e-05
-12.562 0.0001888 5.2859e-05
-12.504 0.00023928 6.3031e-05
-12.446 0.00031644 7.8297e-05
-12.388 0.00023934 6.3045e-05
-12.329 0.00021446 5.809e-05
-12.271 0.00023147 6.1512e-05
-12.213 0.00025815 6.6902e-05
-12.155 0.00030673 7.6333e-05
-12.097 0.00018106 5.1326e-05
-12.039 0.0002316 6.1547e-05
-11.981 0.00019271 5.3954e-05
-11.923 0.00025018 6.5354e-05
-11.865 0.00021484 5.8193e-05
-11.807 0.00013285 4.1464e-05
-11.749 0.00033419 8.1796e-05
-11.691 0.00024937 6.5142e-05
-11.633 0.00028253 7.1653e-05
-11.575 0.00026553 6.8296e-05
-11.517 0.00020027 5.5419e-05
-11.459 0.00021602 5.8512e-05
-11.401 0.00018276 5.1808e-05
-11.343 0.00025014 6.5343e-05
-11.285 0.00020189 5.5868e-05
-11.227 0.0002097 5.7392e-05
-11.169 0.00029111 7.3344e-05
-11.111 0.0001671 4.869e-05
-11.053 0.00021061 5.7643e-05
-10.995 0.00023431 6.2267e-05
-10.937 0.00016624 4.844e-05
-10.879 0.00026043 6.7494e-05
-10.821 0.00031108 7.7417e-05
-10.763 0.00015212 4.5754e-05
-10.705 0.00019215 5.3798e-05
-10.647 0.00025162 6.573e-05
-10.589 0.00027077 6.9645e-05
-10.531 0.00030258 7.5756e-05
-10.473 0.00021664 5.8679e-05
-10.415 0.00020249 5.6034e-05
-10.357 0.00021119 5.7801e-05
-10.299 0.0002861 7.2558e-05
-10.241 0.00018523 5.251e-05
-10.183 0.00031944 7.9039e-05
-10.125 0.00023923 6.3573e-05
-10.067 0.00024538 6.4638e-05
-10.009 0.00022569 6.0534e-05
-9.9506 0.00019459 5.4479e-05
-9.8926 0.00026303 6.8167e-05
-9.8346 0.00027223 7.002e-05
-9.7766 0.00021849 5.918e-05
-9.7185 0.00020341 5.6287e-05
-9.6605 0.00035764 8.6661e-05
-9.6025 0.00024522 6.4596e-05
-9.5445 0.00032855 8.0845e-05
-9.4864 0.00025536 6.6708e-05
-9.4284 0.0002981 7.5107e-05
-9.3704 0.00022032 5.9678e-05
-9.3124 0.00027988 7.147e-05
-9.2544 0.00021976 5.9524e-05
-9.1963 0.00028473 7.2709e-05
-9.1383 0.00026242 6.8009e-05
-9.0803 0.00026365 6.8328e-05
-9.0223 0.00024791 6.5304e-05
-8.9643 0.00024021 6.3836e-05
-8.9062 0.00031253 7.7777e-05
-8.8482 0.0003061 7.6636e-05
-8.7902 0.00030495 7.6348e-05
-8.7322 0.00027491 7.071e-05
-8.6742 0.00029109 7.3822e-05
-8.6161 0.00031235 7.7731e-05
-8.5581 0.00025732 6.722e-05
-8.5001 0.00036918 8.9035e-05
-8.4421 0.000383 9.1542e-05
-8.384 0.00032141 7.9527e-05
-8.326 0.00026392 6.8399e-05
-8.268 0.0001978 5.5378e-05
-8.21 0.00023853 6.3388e-05
-8.152 0.00026351 6.829e-05
-8.0939 0.00030793 7.7097e-05
-8.0359 0.00033485 8.2394e-05
-7.9779 0.00023933 6.36e-05
-7.9199 0.00028253 7.2147e-05
-7.8619 0.00035883 8.6948e-05
-7.8038 0.00023245 6.2348e-05
-7.7458 0.00027353 7.0355e-05
-7.6878 0.00023938 6.3613e-05
-7.6298 0.00025816 6.744e-05
-7.5718 0.00035631 8.6765e-05
-7.5137 0.0002764 7.1093e-05
-7.4557 0.00026605 6.895e-05
-7.3977 0.00027602 7.0994e-05
-7.3397 0.00022572 6.1139e-05
-7.2816 0.00033788 8.3141e-05
-7.2236 0.00032601 8.0665e-05
-7.1656 0.00026707 6.9215e-05
-7.1076 0.00031471 7.8793e-05
-7.0496 0.00029312 7.4339e-05
-6.9915 0.00026436 6.8511e-05
-6.9335 0.00035635 8.6773e-05
-6.8755 0.00028576 7.2973e-05
-6.8175 0.00032648 8.078e-05
-6.7595 0.00033488 8.2402e-05
-6.7014 0.00032665 8.0823e-05
-6.6434 0.00033059 8.1799e-05
-6.5854 0.00036179 8.7666e-05
-6.5274 0.00025948 6.7782e-05
-6.4694 0.00023934 6.3604e-05
-6.4113 0.00026229 6.8517e-05
-6.3533 0.00022591 6.1192e-05
-6.2953 0.00028404 7.2533e-05
-6.2373 0.00029925 7.5395e-05
-6.1792 0.00042122 9.9446e-05
-6.1212 0.00026562 6.8838e-05
-6.0632 0.00032751 8.1036e-05
-6.0052 0.00041688 9.8423e-05
-5.9472 0.00029456 7.4703e-05
-5.8891 0.00026128 6.8253e-05
-5.8311 0.00031869 7.9309e-05
-5.7731 0.00035255 8.5848e-05
-5.7151 0.00029804 7.5585e-05
-5.6571 0.00037524 9.0084e-05
-5.599 0.00034393 8.418e-05
-5.541 0.00034073 8.3841e-05
-5.483 0.00033909 8.3437e-05
-5.425 0.00038704 9.2508e-05
-5.3669 0.00034412 8.4225e-05
-5.3089 0.00026092 6.816e-05
-5.2509 0.00036486 8.841e-05
-5.1929 0.00033332 8.2018e-05
-5.1349 0.00038974 9.3154e-05
-5.0768 0.00037074 8.9411e-05
-5.0188 0.00035809 8.7197e-05
-4.9608 0.00038872 9.2909e-05
-4.9028 0.00041131 9.7106e-05
-4.8448 0.00024398 6.4837e-05
-4.7867 0.0003096 7.7513e-05
-4.7287 0.00033808 8.319e-05
-4.6707 0.00027012 7.0004e-05
-4.6127 0.00033413 8.2216e-05
-4.5547 0.00028667 7.3203e-05
-4.4966 0.00039189 9.3667e-05
-4.4386 0.00042897 0.00010089
-4.3806 0.00038388 9.1753e-05
-4.3226 0.00033085 8.1863e-05
-4.2645 0.00049504 0.00011337
-4.2065 0.0004056 9.614e-05
-4.1485 0.00041756 9.8582e-05
-4.0905 0.00034709 8.4953e-05
-4.0325 0.0004858 0.00011159
-3.9744 0.00038019 9.1271e-05
-3.9164 0.00038168 9.1629e-05
-3.8584 0.00042966 0.00010105
-3.8004 0.00045777 0.00010615
-3.7424 0.00033596 8.2668e-05
-3.6843 0.00042461 9.9863e-05
-3.6263 0.0005097 0.00011639
-3.5683 0.00033386 8.2607e-05
-3.5103 0.00048944 0.00011209
-3.4523 0.00043855 0.00010239
-3.3942 0.0004772 0.0001103
-3.3362 0.0004911 0.00011281
-3.2782 0.00047682 0.00010953
-3.2202 0.0004381 0.00010266
-3.1621 0.00045226 0.00010559
-3.1041 0.00035819 8.6795e-05
-3.0461 0.00049728 0.00011389
-2.9881 0.00042403 0.00010011
-2.9301 0.0004199 9.8757e-05
-2.872 0.00038926 9.3449e-05
-2.814 0.00052948 0.00011961
-2.756 0.00041796 9.9067e-05
-2.698 0.00051947 0.00011797
-2.64 0.00046964 0.00010855
-2.5819 0.00054733 0.00012365
-2.5239 0.00056699 0.00012686
-2.4659 0.00047529 0.00011022
-2.4079 0.00061917 0.00013677
-2.3499 0.00051496 0.00011694
-2.2918 0.00041585 9.8973e-05
-2.2338 0.00057971 0.00012885
-2.1758 0.00049833 0.00011447
-2.1178 0.00051331 0.00011657
-2.0597 0.00060429 0.00013431
-2.0017 0.00061039 0.00013596
-1.9437 0.00064321 0.00014101
-1.8857 0.00066438 0.00014566
-1.8277 0.00059667 0.00013319
-1.7696 0.0005748 0.00012749
-1.7116 0.00054737 0.00012465
-1.6536 0.00075635 0.00016269
-1.5956 0.00073226 0.00015843
-1.5376 0.00081649 0.00017342
-1.4795 0.00089236 0.00018953
-1.4215 0.0010677 0.00022149
-1.3635 0.0010484 0.00021783
-1.3055 0.0014892 0.00029991
-1.2475 0.0017117 0.00034294
-1.1894 0.002356 0.000462
-1.1314 0.0026857 0.00052622
-1.0734 0.0035314 0.00068233
-1.0154 0.0040223 0.0007735
-0.95735 0.0045971 0.0008817
-0.89933 0.0054008 0.0010324
-0.84131 0.0057202 0.0010907
-0.78328 0.0070583 0.0013408
-0.72526 0.0075895 0.0014409
-0.66724 0.0087584 0.0016604
-0.60922 0.0083836 0.0015912
-0.5512 0.0093807 0.0017767
-0.49318 0.0097781 0.0018486
-0.43516 0.0092037 0.0017407
-0.37714 0.0099668 0.0018847
-0.31912 0.0093953 0.0017785
-0.26109 0.0095956 0.0018201
-0.20307 0.008846 0.001674
-0.14505 0.0086554 0.0016394
-0.087032 0.0089171 0.0016904
-0.029011 0.010949 0.0020458
0.029011 0.0076408 0.0014518
0.087032 0.0060726 0.0011567
0.14505 0.0053914 0.0010286
0.20307 0.0049986 0.00096087
0.26109 0.0035336 0.00068304
0.31912 0.0029146 0.00056669
0.37714 0.0025797 0.00050277
0.43516 0.0020516 0.00040468
0.49318 0.0014289 0.0002903
0.5512 0.001211 0.00025011
0.60922 0.00096854 0.00020354
0.66724 0.00083121 0.00017675
0.72526 0.00081816 0.00017377
0.78328 0.00066137 0.00014449
0.84131 0.00065062 0.00014317
0.89933 0.00064784 0.00014229
0.95735 0.00071037 0.0001537
1.0154 0.00052422 0.00011873
1.0734 0.00043236 0.0001029
1.1314 0.00058385 0.00012977
1.1894 0.00056607 0.00012756
1.2475 0.00042659 9.9602e-05
1.3055 0.00061756 0.00013669
1.3635 0.00062404 0.00013785
1.4215 0.00043517 0.00010315
1.4795 0.00052978 0.00011909
1.5376 0.00062035 0.00013731
1.5956 0.00036315 8.7996e-05
1.6536 0.00051037 0.00011759
1.7116 0.00047211 0.00010781
1.7696 0.00052056 0.00011887
1.8277 0.00040055 9.5737e-05
1.8857 0.00045394 0.00010492
1.9437 0.00053814 0.00012254
2.0017 0.00041624 9.8271e-05
2.0597 0.00037907 9.1003e-05
2.1178 0.00049238 0.00011381
2.1758 0.00044956 0.00010391
2.2338 0.0004606 0.00010793
2.2918 0.00045523 0.00010556
2.3499 0.00044577 0.00010408
2.4079 0.00049948 0.00011473
2.4659 0.0004683 0.0001086
2.5239 0.0005616 0.00012624
2.5819 0.00036935 8.9497e-05
2.64 0.00040766 9.6627e-05
2.698 0.00040879 9.7706e-05
2.756 0.00037875 9.0927e-05
2.814 0.00045945 0.00010727
2.872 0.00044694 0.00010399
2.9301 0.00033779 8.3579e-05
2.9881 0.00030032 7.6165e-05
3.0461 0.00038999 9.3212e-05
3.1041 0.0003674 8.9464e-05
3.1621 0.00039294 9.4332e-05
3.2202 0.00041856 9.844e-05
3.2782 0.00040268 9.6246e-05
3.3362 0.00028433 7.3131e-05
3.3942 0.00026996 6.9964e-05
3.4523 0.00035304 8.5968e-05
3.5103 0.00036426 8.8699e-05
3.5683 0.00039072 9.38e-05
3.6263 0.00024628 6.5449e-05
3.6843 0.00034076 8.3848e-05
3.7424 0.00032317 8.0425e-05
3.8004 0.00036568 8.9047e-05
3.8584 0.00019452 5.5141e-05
3.9164 0.00030584 7.7055e-05
3.9744 0.0003957 9.4578e-05
4.0325 0.00038721 9.2957e-05
4.0905 0.00032765 8.1541e-05
4.1485 0.00039471 9.4343e-05
4.2065 0.00048718 0.00011225
4.2645 0.00032667 8.1297e-05
4.3226 0.00035694 8.6917e-05
4.3806 0.00038703 9.2915e-05
4.4386 0.00033738 8.3479e-05
4.4966 0.00036954 8.9543e-05
4.5547 0.00034836 8.5265e-05
4.6127 0.0002476 6.5797e-05
4.6707 0.00027324 7.0813e-05
4.7287 0.00036674 8.8867e-05
4.7867 0.00029107 7.4329e-05
4.8448 0.00028742 7.3396e-05
4.9028 0.00026332 6.8785e-05
4.9608 0.00030984 7.8064e-05
5.0188 0.0003504 8.5764e-05
5.0768 0.00029749 7.5445e-05
5.1349 0.0003559 8.6664e-05
5.1929 0.00028386 7.3011e-05
5.2509 0.00028249 7.2659e-05
5.3089 0.000246 6.5372e-05
5.3669 0.00029581 7.502e-05
5.425 0.00031944 7.9977e-05
5.483 0.00021349 5.9075e-05
5.541 0.0002535 6.6777e-05
5.599 0.00023558 6.3186e-05
5.6571 0.00033191 8.2601e-05
5.7151 0.00032314 8.0418e-05
5.7731 0.00034394 8.4632e-05
5.8311 0.00016888 4.9966e-05
5.8891 0.00025652 6.7573e-05
5.9472 0.00027515 7.1308e-05
6.0052 0.00020252 5.6701e-05
6.0632 0.00021078 5.8327e-05
6.1212 0.00025129 6.6778e-05
6.1792 0.00029802 7.558e-05
6.2373 0.00029165 7.4475e-05
6.2953 0.0002806 7.2173e-05
6.3533 0.00030592 7.7584e-05
6.4113 0.00027113 7.0266e-05
6.4694 0.00022182 6.071e-05
6.5274 0.00021886 5.9898e-05
6.5854 0.00023369 6.3297e-05
6.6434 0.0002397 6.4292e-05
6.7014 0.00035931 8.7496e-05
6.7595 0.00028211 7.2562e-05
6.8175 0.00024794 6.5889e-05
6.8755 0.00027661 7.1687e-05
6.9335 0.00019419 5.505e-05
6.9915 0.0002369 6.3542e-05
7.0496 0.000314 7.9111e-05
7.1076 0.00017743 5.1702e-05
7.1656 0.00021931 6.0022e-05
7.2236 0.00023935 6.42e-05
7.2816 0.00025006 6.6452e-05
7.3397 0.00025678 6.764e-05
7.3977 0.00020185 5.6513e-05
7.4557 0.00018645 5.3562e-05
7.5137 0.00023161 6.2736e-05
7.5718 0.00022151 6.0624e-05
7.6298 0.00028193 7.2515e-05
7.6878 0.00028249 7.2659e-05
7.7458 0.00021331 5.9026e-05
7.8038 0.00027314 7.0786e-05
7.8619 0.00021031 5.8196e-05
7.9199 0.0002109 5.836e-05
7.9779 0.00016869 4.991e-05
8.0359 0.00020118 5.6326e-05
8.0939 0.00025283 6.6599e-05
8.152 0.00025414 6.6946e-05
8.21 0.00016784 4.9658e-05
8.268 0.00020162 5.6447e-05
8.326 0.00019237 5.4533e-05
8.384 0.00023617 6.3347e-05
8.4421 0.00017575 5.121e-05
8.5001 0.00020253 5.6702e-05
8.5581 0.00018256 5.2445e-05
8.6161 0.00018485 5.3103e-05
8.6742 0.0002119 5.8636e-05
8.7322 0.00023683 6.3523e-05
8.7902 0.000183 5.2571e-05
8.8482 0.00019379 5.4936e-05
8.9062 0.00021196 5.8653e-05
8.9643 0.00023707 6.3587e-05
9.0223 0.00027263 7.0655e-05
9.0803 0.00014869 4.5523e-05
9.1383 0.00022136 6.0585e-05
9.1963 0.00022848 6.1888e-05
9.2544 0.0001818 5.2225e-05
9.3124 0.00028122 7.2332e-05
9.3704 0.00023752 6.3709e-05
9.4284 0.00026994 6.9959e-05
9.4864 0.0002433 6.4657e-05
9.5445 0.00024574 6.5304e-05
9.6025 0.000221 6.0484e-05
9.6605 0.0002098 5.8056e-05
9.7185 0.00024152 6.4182e-05
9.7766 0.00019279 5.4653e-05
9.8346 0.00018473 5.3069e-05
9.8926 0.00013123 4.1822e-05
9.9506 0.00013075 4.1671e-05
10.009 0.00020953 5.7981e-05
10.067 0.00021014 5.815e-05
10.125 0.00023457 6.2917e-05
10.183 0.00022567 6.1126e-05
10.241 0.00022605 6.1228e-05
10.299 0.00028823 7.3603e-05
10.357 0.00014862 4.5501e-05
10.415 0.00017349 5.0552e-05
10.473 0.00017443 5.0828e-05
10.531 0.00016574 4.9037e-05
10.589 0.00014714 4.5047e-05
10.647 0.00013852 4.3233e-05
10.705 0.00034637 8.4776e-05
10.763 0.00016544 4.8949e-05
10.821 0.00019853 5.5582e-05
10.879 0.00013757 4.2935e-05
10.937 0.00025136 6.6212e-05
10.995 0.00019183 5.4379e-05
11.053 0.00018199 5.2279e-05
11.111 0.00028289 7.224e-05
11.169 0.00025904 6.7669e-05
11.227 0.0002255 6.108e-05
11.285 0.00019905 5.5729e-05
11.343 0.00018106 5.2014e-05
11.401 0.00018982 5.381e-05
11.459 0.00014748 4.515e-05
11.517 0.00020761 5.745e-05
11.575 0.00015496 4.6607e-05
11.633 0.0001817 5.2196e-05
11.691 0.0002073 5.7364e-05
11.749 0.00018123 5.2061e-05
11.807 0.0001631 4.8255e-05
11.865 0.00013815 4.3116e-05
11.923 0.0002004 5.6107e-05
11.981 0.00012068 3.9352e-05
12.039 0.000155 4.662e-05
12.097 0.00010321 3.5491e-05
12.155 0.00019849 5.557e-05
12.213 0.00017263 5.0301e-05
12.271 0.00023919 6.3565e-05
12.329 0.00026603 6.8945e-05
12.388 0.0001301 4.1463e-05
12.446 0.00017942 5.1541e-05
12.504 0.00022979 6.1635e-05
12.562 0.00022212 6.0164e-05
12.62 0.00018043 5.1833e-05
12.678 0.00022946 6.1547e-05
12.736 0.00011026 3.687e-05
12.794 0.00020467 5.6635e-05
12.852 0.00013602 4.2451e-05
12.91 0.00017716 5.0892e-05
12.968 0.00017814 5.1174e-05
13.026 0.00020293 5.6154e-05
13.084 0.0001447 4.4301e-05
13.142 0.00021167 5.7931e-05
13.2 0.00017709 5.0872e-05
13.258 0.00016113 4.7674e-05
13.316 0.00023755 6.3127e-05
13.374 0.00024595 6.4788e-05
13.432 0.00021882 5.927e-05
13.49 0.0001686 4.9127e-05
13.548 0.00016087 4.7596e-05
13.606 0.00014353 4.3942e-05
13.664 0.00015169 4.5622e-05
13.722 0.00020285 5.6132e-05
13.78 0.0002193 5.9401e-05
13.838 0.00017713 5.0884e-05
13.896 0.00015803 4.6756e-05
13.954 0.00011765 3.8363e-05
14.012 0.00016842 4.9074e-05
14.07 0.00011763 3.8357e-05
14.128 0.0001499 4.5084e-05
14.186 0.00020977 5.7413e-05
14.244 0.00028456 7.2168e-05
14.302 0.00019177 5.3691e-05
14.36 9.9736e-05 3.4295e-05
14.418 0.0002345 6.2317e-05
14.476 0.00016708 4.8686e-05
14.534 0.00015078 4.535e-05
14.592 0.00015828 4.6829e-05
14.65 5.7832e-05 2.4383e-05
14.708 0.00014263 4.3666e-05
14.766 0.00010946 3.6604e-05
14.824 0.00019865 5.4969e-05
14.882 0.00013388 4.1784e-05
14.94 0.00013308 4.1533e-05
14.998 0.00018183 5.1544e-05
15.056 0.00022383 6.0037e-05
15.114 0.00017363 4.9878e-05
15.173 0.00021531 5.832e-05
15.231 0.0001492 4.4873e-05
15.289 0.00019731 5.46e-05
15.347 0.00013204 4.1211e-05
15.405 0.00011571 3.7731e-05
15.463 0.00019635 5.4334e-05
15.521 0.00022834 6.068e-05
15.579 0.00018108 5.1333e-05
15.637 0.00019612 5.4269e-05
15.695 0.00017963 5.0922e-05
15.753 0.00019478 5.39e-05
15.811 0.00013053 4.0738e-05
15.869 0.0001803 5.1113e-05
15.927 0.00010574 3.5361e-05
15.985 0.00020252 5.5426e-05
16.043 0.00026089 6.7104e-05
16.101 0.00014623 4.3982e-05
16.159 0.00021982 5.896e-05
16.217 0.00012965 4.0464e-05
16.275 0.00016236 4.7311e-05
16.333 0.00024454 6.388e-05
16.391 0.00017779 5.0399e-05
16.449 0.00021791 5.8447e-05
16.507 0.00014553 4.3772e-05
16.565 0.00016162 4.7095e-05
16.623 0.00010507 3.5135e-05
16.681 0.00020695 5.6055e-05
16.739 0.00027163 6.8888e-05
16.797 0.00013719 4.2001e-05
16.855 0.00016645 4.7817e-05
16.913 0.00019817 5.4238e-05
16.971 0.00017477 4.9544e-05
17.029 0.00016698 4.7968e-05
17.087 0.00013543 4.1461e-05
17.145 0.00011028 3.596e-05
17.203 0.00019077 5.2791e-05
17.261 0.00020667 5.5979e-05
17.319 0.00023656 6.1797e-05
17.377 0.00022812 6.009e-05
17.435 0.00016551 4.7548e-05
17.493 0.00015827 4.6116e-05
17.551 9.438e-05 3.2454e-05
17.609 0.00016417 4.7162e-05
17.667 0.00018063 5.0571e-05
17.725 0.00016444 4.7239e-05
17.783 0.00010913 3.5585e-05
17.841 0.00014752 4.3647e-05
17.9 0.00018629 5.155e-05
17.958 9.3794e-05 3.2252e-05
18.016 0.00018575 5.1399e-05
18.074 0.00020064 5.4347e-05
18.132 0.00010869 3.5443e-05
18.19 0.0001838 5.086e-05
18.248 0.00022365 5.8914e-05
18.306 0.0001451 4.2931e-05
18.364 0.00019197 5.2539e-05
18.422 0.00010803 3.5228e-05
18.48 0.00011515 3.67e-05
18.538 0.00012204 3.8089e-05
18.596 0.00012979 3.9735e-05
18.654 0.0002218 5.8427e-05
18.712 0.00019189 5.2518e-05
18.77 0.00014434 4.2705e-05
18.828 0.00016732 4.7432e-05
18.886 0.00016046 4.6095e-05
18.944 0.00012126 3.7846e-05
19.002 0.00017307 4.8456e-05
19.06 0.00014367 4.2508e-05
19.118 0.00021275 5.6538e-05
19.176 0.00018786 5.1416e-05
19.234 0.00019419 5.2598e-05
19.292 0.00011246 3.5841e-05
19.35 0.00017248 4.8291e-05
19.408 0.00017987 4.9774e-05
19.466 0.00011126 3.5458e-05
19.524 0.00014839 4.3239e-05
19.582 0.00011164 3.558e-05
19.64 0.00019224 5.2072e-05
19.698 0.000125 3.8269e-05
19.756 0.00016179 4.5865e-05
19.814 0.00016337 4.6313e-05
19.872 0.00015429 4.4322e-05
19.93 0.00012439 3.8081e-05
19.988 8.7974e-05 3.0251e-05
20.046 0.00017552 4.857e-05
20.104 0.00011688 3.6479e-05
20.162 0.00014504 4.2263e-05
20.22 0.00012401 3.7967e-05
20.278 0.00010894 3.4719e-05
20.336 0.00011563 3.6088e-05
20.394 0.00012303 3.7666e-05
20.452 0.00012252 3.751e-05
20.51 0.00013015 3.9145e-05
20.568 0.00015771 4.4707e-05
20.626 0.00017131 4.7406e-05
20.685 0.00017048 4.7174e-05
20.743 0.00017099 4.7315e-05
20.801 0.00018421 4.9897e-05
20.859 0.00013424 3.9716e-05
20.917 0.00014869 4.2714e-05
20.975 0.00016937 4.6869e-05
21.033 0.00019736 5.2447e-05
21.091 0.00011847 3.627e-05
21.149 0.00018897 5.0686e-05
21.207 0.00017471 4.7815e-05
21.265 0.00012511 3.763e-05
21.323 0.00016583 4.5889e-05
21.381 0.00016711 4.6243e-05
21.439 0.00016761 4.6381e-05
21.497 0.00017284 4.7304e-05
21.555 0.00012275 3.692e-05
21.613 0.00020625 5.3877e-05
21.671 0.00013764 4.0107e-05
21.729 0.00015685 4.3915e-05
21.787 0.00012134 3.6494e-05
21.845 0.00013567 3.9534e-05
21.903 0.00021006 5.4438e-05
21.961 0.00016051 4.4417e-05
22.019 0.00019937 5.208e-05
22.077 0.0001331 3.8784e-05
22.135 0.00017345 4.6981e-05
22.193 0.00014608 4.141e-05
22.251 0.00014413 4.0858e-05
22.309 0.00015848 4.3855e-05
22.367 0.00013159 3.8343e-05
22.425 0.00016444 4.5007e-05
22.483 0.00013054 3.8037e-05
22.541 9.1475e-05 2.9829e-05
22.599 0.00016409 4.4909e-05
22.657 0.00018184 4.8324e-05
22.715 0.00012953 3.7743e-05
22.773 9.0676e-05 2.9569e-05
22.831 0.00015581 4.3116e-05
22.889 0.00020551 5.2859e-05
22.947 0.00011435 3.4392e-05
23.005 0.00010189 3.1799e-05
23.063 7.6621e-05 2.6347e-05
23.121 0.00017071 4.5787e-05
23.179 0.00014452 4.046e-05
23.237 0.00018752 4.8985e-05
23.295 0.00019369 5.0198e-05
23.353 0.00017913 4.7186e-05
23.412 0.00016015 4.3379e-05
23.47 0.0001788 4.71e-05
23.528 0.00021576 5.4359e-05
23.586 0.00016514 4.4294e-05
23.644 0.00011524 3.4094e-05
23.702 0.00011466 3.3925e-05
23.76 0.00013911 3.8947e-05
23.818 0.00010798 3.2478e-05
23.876 0.0001248 3.5853e-05
23.934 0.00022607 5.5938e-05
23.992 0.00012453 3.5773e-05
24.05 0.00011795 3.4369e-05
24.108 0.00014582 3.9909e-05
24.166 0.00015174 4.1101e-05
24.224 0.00017472 4.5642e-05
24.282 0.00017371 4.5378e-05
24.34 0.00016628 4.3802e-05
24.398 0.00014968 4.0544e-05
24.456 0.00015442 4.1419e-05
24.514 0.00021608 5.3464e-05
24.572 0.00010716 3.1705e-05
24.63 0.00011314 3.2968e-05
24.688 0.00016904 4.4157e-05
24.746 0.00013436 3.7179e-05
24.804 0.00017135 4.4407e-05
24.862 0.00018662 4.733e-05
24.92 0.00012588 3.5243e-05
24.978 0.00021684 5.3074e-05
25.036 0.00017756 4.5342e-05
25.094 0.00012863 3.5593e-05
25.152 0.00014944 3.9713e-05
25.21 0.00015895 4.1522e-05
25.268 9.4983e-05 2.8568e-05
25.326 0.00014206 3.8103e-05
25.384 0.00019298 4.8025e-05
25.442 0.00013563 3.6738e-05
25.5 0.00017991 4.5328e-05
25.558 0.00015383 4.0184e-05
25.616 0.00016249 4.1793e-05
25.674 0.00013635 3.6572e-05
25.732 0.00015901 4.0898e-05
25.79 0.000183 4.5543e-05
25.848 0.00015312 3.9683e-05
25.906 6.8742e-05 2.2416e-05
25.964 0.0001212 3.3172e-05
26.022 0.0001163 3.2182e-05
26.08 0.00016847 4.2446e-05
26.138 0.00013421 3.5667e-05
26.197 0.00017041 4.2666e-05
26.255 0.00015223 3.9154e-05
26.313 0.00018345 4.514e-05
26.371 0.00014031 3.6653e-05
26.429 0.00017563 4.3457e-05
26.487 0.00014688 3.7779e-05
26.545 0.00013232 3.4855e-05
26.603 0.00013044 3.4361e-05
26.661 0.00018092 4.4056e-05
26.719 0.00019682 4.7042e-05
26.777 0.00017799 4.3343e-05
26.835 0.00016833 4.1419e-05
26.893 0.00015305 3.8318e-05
26.951 0.00010549 2.887e-05
27.009 0.00015442 3.843e-05
27.067 0.0001815 4.3574e-05
27.125 9.6952e-05 2.6828e-05
27.183 0.00012335 3.1968e-05
27.241 0.00015021 3.7166e-05
27.299 0.00011998 3.1095e-05
27.357 0.00017962 4.2575e-05
27.415 0.0001366 3.4201e-05
27.473 0.00013209 3.3281e-05
27.531 0.00013371 3.3477e-05
27.589 0.00018355 4.3008e-05
27.647 0.00015573 3.7558e-05
27.705 0.0001462 3.5601e-05
27.763 0.0001738 4.0726e-05
27.821 0.00011591 2.9397e-05
27.879 0.00015024 3.5909e-05
27.937 0.00014782 3.5332e-05
27.995 0.00015714 3.6957e-05
28.053 0.00012552 3.0722e-05
28.111 0.00011537 2.871e-05
28.169 0.00014 3.332e-05
28.227 0.0001526 3.5629e-05
28.285 0.00013947 3.2927e-05
28.343 0.00013362 3.1671e-05
28.401 0.0001451 3.376e-05
28.459 0.00014874 3.4272e-05
28.517 0.00014705 3.3778e-05
28.575 0.00012709 2.978e-05
28.633 0.00015326 3.4536e-05
28.691 0.00015511 3.4626e-05
28.749 0.00014728 3.2878e-05
28.807 0.00016727 3.648e-05
28.865 0.0001156 2.6553e-05
28.924 0.00014091 3.1189e-05
28.982 0.00014331 3.1418e-05
29.04 0.00015492 3.3324e-05
29.098 0.00014706 3.1504e-05
29.156 0.00014508 3.0779e-05
29.214 0.00014723 3.0743e-05
29.272 0.00014977 3.0729e-05
29.33 0.0001788 3.5765e-05
29.388 0.00014809 2.9068e-05
29.446 0.00014891 2.9378e-05
29.504 0 1
29.562 0 1
29.62 0 1
29.678 0 1
