-29.678 0 1
-29.62 0 1
-29.562 0 1
-29.504 0.00023219 4.455e-05
-29.446 0.000238 4.5505e-05
-29.388 0.00023311 4.5417e-05
-29.33 0.00026074 5.0944e-05
-29.272 0.0002399 4.7443e-05
-29.214 0.00022635 4.5322e-05
-29.156 0.00022526 4.5479e-05
-29.098 0.00025913 5.209e-05
-29.04 0.00022979 4.6853e-05
-28.982 0.00022626 4.6389e-05
-28.924 0.00021034 4.3597e-05
-28.865 0.00025282 5.1702e-05
-28.807 0.00023702 4.8936e-05
-28.749 0.00022528 4.6974e-05
-28.691 0.00021618 4.5518e-05
-28.633 0.00023484 4.9196e-05
-28.575 0.00024348 5.0958e-05
-28.517 0.00024079 5.0594e-05
-28.459 0.00026804 5.5889e-05
-28.401 0.00024467 5.1629e-05
-28.343 0.00027524 5.7495e-05
-28.285 0.00023582 5.03e-05
-28.227 0.00022658 4.866e-05
-28.169 0.00024475 5.2206e-05
-28.111 0.00025767 5.4687e-05
-28.053 0.00023281 5.0145e-05
-27.995 0.00019812 4.3726e-05
-27.937 0.00023811 5.1362e-05
-27.879 0.00023186 5.0335e-05
-27.821 0.00023285 5.0633e-05
-27.763 0.0002265 4.9602e-05
-27.705 0.00025085 5.4279e-05
-27.647 0.00025142 5.4491e-05
-27.589 0.00023354 5.1241e-05
-27.531 0.00023224 5.1155e-05
-27.473 0.00023123 5.1033e-05
-27.415 0.00019336 4.3913e-05
-27.357 0.000235 5.1866e-05
-27.299 0.00028385 6.123e-05
-27.241 0.00021339 4.7953e-05
-27.183 0.00028143 6.0896e-05
-27.125 0.00027764 6.0272e-05
-27.067 0.00021839 4.9202e-05
-27.009 0.00021436 4.8547e-05
-26.951 0.00022639 5.0874e-05
-26.893 0.00021515 4.8861e-05
-26.835 0.00018247 4.2806e-05
-26.777 0.00024717 5.5147e-05
-26.719 0.00024237 5.4333e-05
-26.661 0.00023301 5.2632e-05
-26.603 0.0001985 4.6227e-05
-26.545 0.00021084 4.8606e-05
-26.487 0.00025224 5.6545e-05
-26.429 0.0003073 6.7055e-05
-26.371 0.00021947 5.0435e-05
-26.313 0.00022171 5.0949e-05
-26.255 0.00025887 5.8031e-05
-26.197 0.00020282 4.7405e-05
-26.138 0.000221 5.0947e-05
-26.08 0.00020156 4.7284e-05
-26.022 0.00019343 4.5734e-05
-25.964 0.00020362 4.7767e-05
-25.906 0.00019418 4.6101e-05
-25.848 0.0002026 4.7713e-05
-25.79 0.00026893 6.0435e-05
-25.732 0.00028907 6.4348e-05
-25.674 0.00020019 4.7528e-05
-25.616 0.000219 5.1185e-05
-25.558 0.00025638 5.8226e-05
-25.5 0.00025983 5.9009e-05
-25.442 0.00027172 6.1376e-05
-25.384 0.00018754 4.5335e-05
-25.326 0.00019263 4.6344e-05
-25.268 0.00022676 5.2998e-05
-25.21 0.00018197 4.4435e-05
-25.152 0.00021967 5.1733e-05
-25.094 0.00019283 4.6614e-05
-25.036 0.00024577 5.6844e-05
-24.978 0.00016746 4.1834e-05
-24.92 0.00020014 4.8152e-05
-24.862 0.0002535 5.844e-05
-24.804 0.00026405 6.0493e-05
-24.746 0.00027218 6.2169e-05
-24.688 0.0002393 5.5931e-05
-24.63 0.00023548 5.5243e-05
-24.572 0.00018382 4.538e-05
-24.514 0.00019633 4.7942e-05
-24.456 0.00022952 5.4268e-05
-24.398 0.00021114 5.0798e-05
-24.34 0.00017266 4.3405e-05
-24.282 0.00019477 4.7815e-05
-24.224 0.00024401 5.7243e-05
-24.166 0.00025442 5.925e-05
-24.108 0.00020615 5.008e-05
-24.05 0.00028343 6.4932e-05
-23.992 0.00028521 6.5341e-05
-23.934 0.00024412 5.7491e-05
-23.876 0.00021421 5.1783e-05
-23.818 0.00026903 6.2433e-05
-23.76 0.00023159 5.5219e-05
-23.702 0.00021632 5.2292e-05
-23.644 0.00023871 5.6673e-05
-23.586 0.0002459 5.8141e-05
-23.528 0.00024494 5.7913e-05
-23.47 0.00028075 6.4723e-05
-23.412 0.0002419 5.7431e-05
-23.353 0.00022352 5.4034e-05
-23.295 0.00023208 5.5579e-05
-23.237 0.00022838 5.4945e-05
-23.179 0.00023461 5.6187e-05
-23.121 0.00023073 5.5511e-05
-23.063 0.00025149 5.9462e-05
-23.005 0.00027698 6.4279e-05
-22.947 0.00024755 5.8772e-05
-22.889 0.00027729 6.4577e-05
-22.831 0.00022843 5.522e-05
-22.773 0.00022281 5.4129e-05
-22.715 0.00027909 6.4994e-05
-22.657 0.00024885 5.9334e-05
-22.599 0.00023652 5.6904e-05
-22.541 0.00026801 6.2873e-05
-22.483 0.0002726 6.395e-05
-22.425 0.00024567 5.8834e-05
-22.367 0.00026302 6.2188e-05
-22.309 0.00023438 5.6658e-05
-22.251 0.00023042 5.5976e-05
-22.193 0.00019272 4.877e-05
-22.135 0.00025447 6.0673e-05
-22.077 0.0001867 4.7575e-05
-22.019 0.00026224 6.226e-05
-21.961 0.00024627 5.9249e-05
-21.903 0.00026252 6.2326e-05
-21.845 0.00025702 6.1282e-05
-21.787 0.00027551 6.4882e-05
-21.729 0.00020938 5.2306e-05
-21.671 0.00022578 5.5427e-05
-21.613 0.00021462 5.3291e-05
-21.555 0.00034258 7.7801e-05
-21.497 0.00023518 5.7428e-05
-21.439 0.00032285 7.4191e-05
-21.381 0.00026952 6.3988e-05
-21.323 0.00022312 5.508e-05
-21.265 0.00023095 5.6697e-05
-21.207 0.0002845 6.7001e-05
-21.149 0.00018939 4.8609e-05
-21.091 0.00021434 5.3544e-05
-21.033 0.00025112 6.0705e-05
-20.975 0.00028085 6.6405e-05
-20.917 0.00026295 6.2974e-05
-20.859 0.00026424 6.3281e-05
-20.801 0.00021667 5.4127e-05
-20.743 0.00025175 6.0857e-05
-20.685 0.0001867 4.8286e-05
-20.626 0.00024201 5.9095e-05
-20.568 0.00023718 5.8227e-05
-20.51 0.00024824 6.0305e-05
-20.452 0.00026559 6.3605e-05
-20.394 0.00034606 7.9043e-05
-20.336 0.00023913 5.8706e-05
-20.278 0.00025695 6.2114e-05
-20.22 0.0002188 5.4658e-05
-20.162 0.00033831 7.7743e-05
-20.104 0.00020959 5.3039e-05
-20.046 0.00024733 6.0394e-05
-19.988 0.00023439 5.7863e-05
-19.93 0.00023633 5.8343e-05
-19.872 0.00023761 5.8658e-05
-19.814 0.00020534 5.2324e-05
-19.756 0.00026629 6.4067e-05
-19.698 0.00023112 5.7387e-05
-19.64 0.00025033 6.1128e-05
-19.582 0.00028212 6.7267e-05
-19.524 0.00028146 6.7108e-05
-19.466 0.00022054 5.5442e-05
-19.408 0.0002288 5.7157e-05
-19.35 0.00031016 7.2762e-05
-19.292 0.00020798 5.2995e-05
-19.234 0.00019612 5.072e-05
-19.176 0.00025005 6.1387e-05
-19.118 0.00024235 5.9829e-05
-19.06 0.00026142 6.3509e-05
-19.002 0.00025449 6.2142e-05
-18.944 0.0002569 6.2733e-05
-18.886 0.00027606 6.6418e-05
-18.828 0.00021715 5.4952e-05
-18.77 0.00019913 5.1498e-05
-18.712 0.00032425 7.5785e-05
-18.654 0.00030706 7.2312e-05
-18.596 0.00021244 5.4134e-05
-18.538 0.00024535 6.0568e-05
-18.48 0.00026642 6.4722e-05
-18.422 0.00024617 6.0771e-05
-18.364 0.0002655 6.4499e-05
-18.306 0.00028608 6.8514e-05
-18.248 0.0003389 7.865e-05
-18.19 0.00026813 6.5138e-05
-18.132 0.00024734 6.106e-05
-18.074 0.00029535 7.0421e-05
-18.016 0.0002322 5.8374e-05
-17.958 0.00024355 6.0473e-05
-17.9 0.00023651 5.9083e-05
-17.841 0.00026347 6.4337e-05
-17.783 0.00023247 5.8441e-05
-17.725 0.00025787 6.3306e-05
-17.667 0.00023597 5.8947e-05
-17.609 0.00036575 8.405e-05
-17.551 0.00025318 6.2502e-05
-17.493 0.00028562 6.8717e-05
-17.435 0.00025186 6.2177e-05
-17.377 0.00017367 4.6953e-05
-17.319 0.00024213 6.0487e-05
-17.261 0.00015378 4.2977e-05
-17.203 0.00019252 5.0612e-05
-17.145 0.0002826 6.8314e-05
-17.087 0.00022876 5.7889e-05
-17.029 0.00025452 6.2832e-05
-16.971 0.000221 5.6314e-05
-16.913 0.00024212 6.0483e-05
-16.855 0.00026355 6.4699e-05
-16.797 0.00020269 5.2839e-05
-16.739 0.00026222 6.4374e-05
-16.681 0.00029963 7.1757e-05
-16.623 0.00027799 6.7534e-05
-16.565 0.00025037 6.2168e-05
-16.507 0.00031698 7.4947e-05
-16.449 0.00018195 4.8709e-05
-16.391 0.00021217 5.4872e-05
-16.333 0.00023128 5.8527e-05
-16.275 0.00022942 5.8057e-05
-16.217 0.00019784 5.201e-05
-16.159 0.00029475 7.0913e-05
-16.101 0.0003619 8.3703e-05
-16.043 0.00023207 5.8727e-05
-15.985 0.00034047 7.9576e-05
-15.927 0.00024724 6.1764e-05
-15.869 0.00030955 7.3805e-05
-15.811 0.00029299 7.0491e-05
-15.753 0.00020731 5.4044e-05
-15.695 0.0002769 6.7616e-05
-15.637 0.00028923 6.9917e-05
-15.579 0.00025352 6.2949e-05
-15.521 0.00020704 5.3973e-05
-15.463 0.00022202 5.6985e-05
-15.405 0.00027677 6.7583e-05
-15.347 0.00024821 6.2006e-05
-15.289 0.00016 4.4715e-05
-15.231 0.00029297 7.0821e-05
-15.173 0.00019411 5.1482e-05
-15.114 0.00025613 6.3597e-05
-15.056 0.00036103 8.3784e-05
-14.998 0.00029393 7.1053e-05
-14.94 0.00027244 6.6884e-05
-14.882 0.00029127 7.041e-05
-14.824 0.00024486 6.1557e-05
-14.766 0.00026721 6.5964e-05
-14.708 0.00030068 7.234e-05
-14.65 0.00025833 6.4145e-05
-14.592 0.00023052 5.8739e-05
-14.534 0.00025945 6.4422e-05
-14.476 0.00026634 6.5751e-05
-14.418 0.00020231 5.3185e-05
-14.36 0.00027416 6.7305e-05
-14.302 0.00024703 6.2101e-05
-14.244 0.00019686 5.2212e-05
-14.186 0.00031689 7.5556e-05
-14.128 0.00021956 5.6784e-05
-14.07 0.00026295 6.529e-05
-14.012 0.00025305 6.3213e-05
-13.954 0.00020423 5.3689e-05
-13.896 0.00023314 5.9408e-05
-13.838 0.00028422 6.9404e-05
-13.78 0.0002765 6.7881e-05
-13.722 0.00031731 7.5657e-05
-13.664 0.00023627 6.0205e-05
-13.606 0.00025733 6.4284e-05
-13.548 0.00032066 7.6456e-05
-13.49 0.00038244 8.8166e-05
-13.432 0.00026465 6.5713e-05
-13.374 0.00031531 7.5511e-05
-13.316 0.00022238 5.7512e-05
-13.258 0.00023483 5.9839e-05
-13.2 0.00031533 7.5518e-05
-13.142 0.00029535 7.175e-05
-13.084 0.00025749 6.4324e-05
-13.026 0.00035696 8.343e-05
-12.968 0.00040563 9.265e-05
-12.91 0.00027339 6.7491e-05
-12.852 0.00029444 7.153e-05
-12.794 0.00029341 7.1278e-05
-12.736 0.00037518 8.7069e-05
-12.678 0.00030433 7.3567e-05
-12.62 0.00017961 4.9066e-05
-12.562 0.00027911 6.8521e-05
-12.504 0.00031652 7.5804e-05
-12.446 0.00026863 6.6701e-05
-12.388 0.0003094 7.4438e-05
-12.329 0.00024451 6.1875e-05
-12.271 0.00031713 7.5948e-05
-12.213 0.00028315 6.9512e-05
-12.155 0.00028188 6.92e-05
-12.097 0.00029418 7.1468e-05
-12.039 0.00023077 5.9231e-05
-11.981 0.00034334 8.1179e-05
-11.923 0.00031991 7.6614e-05
-11.865 0.00030258 7.3144e-05
-11.807 0.00025338 6.3697e-05
-11.749 0.00026223 6.5507e-05
-11.691 0.00028989 7.0786e-05
-11.633 0.0002898 7.0764e-05
-11.575 0.00028938 7.0662e-05
-11.517 0.00034194 8.0849e-05
-11.459 0.00032597 7.7721e-05
-11.401 0.00026798 6.654e-05
-11.343 0.00026897 6.6786e-05
-11.285 0.0003007 7.3051e-05
-11.227 0.0003364 7.9866e-05
-11.169 0.00031907 7.6412e-05
-11.111 0.00032051 7.6757e-05
-11.053 0.00027911 6.8903e-05
-10.995 0.00026265 6.5613e-05
-10.937 0.00026089 6.5172e-05
-10.879 0.00038087 8.839e-05
-10.821 0.00032986 7.8649e-05
-10.763 0.00022842 5.9074e-05
-10.705 0.00034963 8.2337e-05
-10.647 0.00021206 5.5749e-05
-10.589 0.00033198 7.9154e-05
-10.531 0.00035907 8.4235e-05
-10.473 0.00023973 6.1086e-05
-10.415 0.00029424 7.185e-05
-10.357 0.00028724 7.0517e-05
-10.299 0.00036682 8.5735e-05
-10.241 0.00025693 6.459e-05
-10.183 0.00033714 8.0041e-05
-10.125 0.00034265 8.1351e-05
-10.067 0.00030247 7.3479e-05
-10.009 0.00032066 7.6793e-05
-9.9506 0.00031717 7.6308e-05
-9.8926 0.00035508 8.3622e-05
-9.8346 0.0003486 8.2423e-05
-9.7766 0.00034434 8.1416e-05
-9.7185 0.0003473 8.2115e-05
-9.6605 0.00030439 7.3946e-05
-9.6025 0.00039811 9.1777e-05
-9.5445 0.00024973 6.3195e-05
-9.4864 0.00039333 9.0973e-05
-9.4284 0.00035644 8.3941e-05
-9.3704 0.00039157 9.0565e-05
-9.3124 0.0002588 6.5061e-05
-9.2544 0.00031687 7.6235e-05
-9.1963 0.00045887 0.00010365
-9.1383 0.00042068 9.6088e-05
-9.0803 0.00026694 6.6685e-05
-9.0223 0.00034285 8.1397e-05
-8.9643 0.00039642 9.1689e-05
-8.9062 0.00039767 9.1676e-05
-8.8482 0.00029652 7.2407e-05
-8.7902 0.00031018 7.4982e-05
-8.7322 0.000382 8.8961e-05
-8.6742 0.00039561 9.1499e-05
-8.6161 0.00039744 9.1623e-05
-8.5581 0.00042626 9.7363e-05
-8.5001 0.00039673 9.1759e-05
-8.4421 0.0003265 7.8192e-05
-8.384 0.00036134 8.4769e-05
-8.326 0.0003266 7.8216e-05
-8.268 0.00044238 0.00010047
-8.21 0.00027481 6.8235e-05
-8.152 0.00026679 6.6647e-05
-8.0939 0.00043254 9.851e-05
-8.0359 0.00037428 8.7479e-05
-7.9779 0.00042477 9.702e-05
-7.9199 0.00038068 8.8655e-05
-7.8619 0.00037243 8.7047e-05
-7.8038 0.00035278 8.3411e-05
-7.7458 0.00049187 0.00010974
-7.6878 0.0003056 7.4241e-05
-7.6298 0.00033762 8.05e-05
-7.5718 0.00036369 8.5649e-05
-7.5137 0.00036147 8.5127e-05
-7.4557 0.00040406 9.3149e-05
-7.3977 0.00037601 8.7883e-05
-7.3397 0.00047685 0.00010716
-7.2816 0.00033235 7.9594e-05
-7.2236 0.00045627 0.00010306
-7.1656 0.00036054 8.4907e-05
-7.1076 0.00048016 0.0001079
-7.0496 0.00030818 7.4866e-05
-6.9915 0.00037918 8.8305e-05
-6.9335 0.00043192 9.8655e-05
-6.8755 0.00049829 0.00011117
-6.8175 0.00044194 0.00010037
-6.7595 0.00050158 0.00011165
-6.7014 0.00032976 7.8973e-05
-6.6434 0.00041717 9.5867e-05
-6.5854 0.00042057 9.635e-05
-6.5274 0.00045245 0.00010247
-6.4694 0.00039498 9.1355e-05
-6.4113 0.00037351 8.7624e-05
-6.3533 0.00046968 0.00010581
-6.2953 0.00039022 9.056e-05
-6.2373 0.00042489 9.705e-05
-6.1792 0.00042845 9.8154e-05
-6.1212 0.00047064 0.00010576
-6.0632 0.00033063 7.9181e-05
-6.0052 0.00041647 9.5705e-05
-5.9472 0.00051362 0.00011408
-5.8891 0.00042522 9.7416e-05
-5.8311 0.00045057 0.00010204
-5.7731 0.00043481 9.9027e-05
-5.7151 0.00045091 0.0001024
-5.6571 0.0004833 0.00010808
-5.599 0.00037483 8.7606e-05
-5.541 0.00045703 0.00010351
-5.483 0.00040934 9.4367e-05
-5.425 0.00053991 0.00011892
-5.3669 0.00036002 8.4785e-05
-5.3089 0.00050805 0.00011309
-5.2509 0.00048473 0.00010866
-5.1929 0.00058122 0.0001266
-5.1349 0.00049082 0.00010976
-5.0768 0.00038337 8.9281e-05
-5.0188 0.00050257 0.00011213
-4.9608 0.00057237 0.00012512
-4.9028 0.00055284 0.0001213
-4.8448 0.00050141 0.00011187
-4.7867 0.00052485 0.00011608
-4.7287 0.00044592 0.00010127
-4.6707 0.00058496 0.00012764
-4.6127 0.00072454 0.00015359
-4.5547 0.00053016 0.00011725
-4.4966 0.00053908 0.00011898
-4.4386 0.00056481 0.00012392
-4.3806 0.00052806 0.00011655
-4.3226 0.00047064 0.00010603
-4.2645 0.00057547 0.0001258
-4.2065 0.00048906 0.00010937
-4.1485 0.00055366 0.00012171
-4.0905 0.00071114 0.0001513
-4.0325 0.00058237 0.00012708
-3.9744 0.00052734 0.00011663
-3.9164 0.00062772 0.00013561
-3.8584 0.00058101 0.00012701
-3.8004 0.00064008 0.00013786
-3.7424 0.00054076 0.00011911
-3.6843 0.00068751 0.00014684
-3.6263 0.0006819 0.00014603
-3.5683 0.00057449 0.00012581
-3.5103 0.00060639 0.00013142
-3.4523 0.00063725 0.00013726
-3.3942 0.00065489 0.00014106
-3.3362 0.00068048 0.00014573
-3.2782 0.00071265 0.00015125
-3.2202 0.00071809 0.00015278
-3.1621 0.00064945 0.00014009
-3.1041 0.00082535 0.00017241
-3.0461 0.00079865 0.00016781
-2.9881 0.00067007 0.0001439
-2.9301 0.00065001 0.00013959
-2.872 0.00074817 0.0001586
-2.814 0.00075945 0.00016008
-2.756 0.00065126 0.00014048
-2.698 0.0007171 0.00015238
-2.64 0.00078859 0.00016587
-2.5819 0.00070809 0.00015103
-2.5239 0.00061417 0.0001329
-2.4659 0.00069586 0.00014902
-2.4079 0.00085473 0.00017806
-2.3499 0.00085304 0.00017771
-2.2918 0.00071724 0.00015319
-2.2338 0.00087168 0.00018082
-2.1758 0.00093876 0.00019442
-2.1178 0.00088015 0.00018273
-2.0597 0.00080173 0.00016846
-2.0017 0.00076695 0.00016239
-1.9437 0.0009002 0.00018629
-1.8857 0.00089173 0.00018529
-1.8277 0.0011181 0.00022796
-1.7696 0.0009307 0.00019146
-1.7116 0.00085739 0.00017997
-1.6536 0.00092919 0.00019199
-1.5956 0.00093484 0.0001933
-1.5376 0.0010315 0.00021055
-1.4795 0.001032 0.00021231
-1.4215 0.0010671 0.00021796
-1.3635 0.0011936 0.00024155
-1.3055 0.0015111 0.00030026
-1.2475 0.0015236 0.00030379
-1.1894 0.0020978 0.00040947
-1.1314 0.0024231 0.00047232
-1.0734 0.0030863 0.00059405
-1.0154 0.0032959 0.00063255
-0.95735 0.0043545 0.0008303
-0.89933 0.004532 0.00086373
-0.84131 0.0053786 0.0010202
-0.78328 0.0065316 0.0012348
-0.72526 0.0071897 0.001358
-0.66724 0.0069741 0.0013188
-0.60922 0.0073174 0.0013834
-0.5512 0.008495 0.0016019
-0.49318 0.0086676 0.0016319
-0.43516 0.0089468 0.0016834
-0.37714 0.0091407 0.0017207
-0.31912 0.008747 0.001648
-0.26109 0.0088782 0.001676
-0.20307 0.0085771 0.0016147
-0.14505 0.0080801 0.0015231
-0.087032 0.0087993 0.0016588
-0.029011 0.011115 0.0020685
0.029011 0.0077521 0.0014638
0.087032 0.0064872 0.0012265
0.14505 0.0060476 0.001144
0.20307 0.0056147 0.0010685
0.26109 0.0044888 0.00085538
0.31912 0.004132 0.00078844
0.37714 0.0033634 0.00064419
0.43516 0.0025686 0.00049683
0.49318 0.0024122 0.00046971
0.5512 0.0019725 0.00038841
0.60922 0.0016341 0.00032441
0.66724 0.0013672 0.00027375
0.72526 0.0012083 0.00024361
0.78328 0.0011458 0.00023224
0.84131 0.00094285 0.00019496
0.89933 0.0009715 0.00019999
0.95735 0.00086266 0.00017925
1.0154 0.00078672 0.00016531
1.0734 0.00090141 0.00018847
1.1314 0.0009738 0.00020005
1.1894 0.00087739 0.00018311
1.2475 0.00091159 0.00018821
1.3055 0.00089484 0.00018578
1.3635 0.00089923 0.00018653
1.4215 0.00088797 0.00018566
1.4795 0.00073615 0.00015517
1.5376 0.00075415 0.00015949
1.5956 0.00076892 0.00016208
1.6536 0.00074431 0.00015876
1.7116 0.0008516 0.00017651
1.7696 0.00074338 0.00015796
1.8277 0.00079156 0.00016685
1.8857 0.00067427 0.00014382
1.9437 0.00058051 0.00012761
2.0017 0.00074092 0.00015688
2.0597 0.00062343 0.00013469
2.1178 0.00065187 0.00014105
2.1758 0.00071858 0.00015197
2.2338 0.00065859 0.00014251
2.2918 0.00069644 0.00014836
2.3499 0.00066299 0.00014238
2.4079 0.00059878 0.00013066
2.4659 0.0006471 0.00013959
2.5239 0.00048198 0.00010831
2.5819 0.00070537 0.00015045
2.64 0.00065034 0.00013987
2.698 0.00062568 0.00013606
2.756 0.00060039 0.00013034
2.814 0.00066762 0.0001438
2.872 0.00064445 0.0001386
2.9301 0.000527 0.00011705
2.9881 0.00059299 0.00012939
3.0461 0.00052891 0.00011697
3.1041 0.00057032 0.00012537
3.1621 0.00059952 0.00013082
3.2202 0.00057345 0.00012513
3.2782 0.00061633 0.00013402
3.3362 0.00060424 0.00013162
3.3942 0.00053148 0.00011754
3.4523 0.0005105 0.00011339
3.5103 0.0005577 0.00012284
3.5683 0.00051872 0.00011547
3.6263 0.00054448 0.00012017
3.6843 0.00057133 0.00012512
3.7424 0.00053305 0.00011789
3.8004 0.00052878 0.00011745
3.8584 0.00057044 0.00012516
3.9164 0.00061709 0.00013374
3.9744 0.00055199 0.00012158
4.0325 0.00052173 0.00011588
4.0905 0.00051728 0.00011515
4.1485 0.00055061 0.00012128
4.2065 0.00044792 0.00010201
4.2645 0.00047725 0.00010752
4.3226 0.00034915 8.2893e-05
4.3806 0.0005215 0.00011583
4.4386 0.00048767 0.00010959
4.4966 0.00044492 0.00010133
4.5547 0.00043281 9.8857e-05
4.6127 0.00042403 9.7442e-05
4.6707 0.00039961 9.2737e-05
4.7287 0.00047962 0.00010778
4.7867 0.00043834 0.00010012
4.8448 0.00034171 8.1475e-05
4.9028 0.00048976 0.00010979
4.9608 0.00041679 9.6083e-05
5.0188 0.00039715 9.2168e-05
5.0768 0.00037379 8.7689e-05
5.1349 0.00040111 9.2772e-05
5.1929 0.00048724 0.00010949
5.2509 0.00040022 9.288e-05
5.3089 0.00038299 8.9513e-05
5.3669 0.00042478 9.7314e-05
5.425 0.00037134 8.745e-05
5.483 0.00033348 8.0231e-05
5.541 0.00044966 0.00010212
5.599 0.00034992 8.3076e-05
5.6571 0.00041452 9.5874e-05
5.7151 0.00036549 8.6073e-05
5.7731 0.0004152 9.5718e-05
5.8311 0.00036422 8.6116e-05
5.8891 0.00035476 8.4224e-05
5.9472 0.00041014 9.486e-05
6.0052 0.00035314 8.3841e-05
6.0632 0.00034457 8.2156e-05
6.1212 0.00031298 7.6425e-05
6.1792 0.0003821 8.9306e-05
6.2373 0.00037756 8.8573e-05
6.2953 0.00037461 8.7882e-05
6.3533 0.00035301 8.4168e-05
6.4113 0.00040415 9.3474e-05
6.4694 0.00045641 0.00010365
6.5274 0.00031293 7.6021e-05
6.5854 0.00027427 6.8948e-05
6.6434 0.00047988 0.00010811
6.7014 0.00040496 9.3663e-05
6.7595 0.00029208 7.2104e-05
6.8175 0.00028565 7.0928e-05
6.8755 0.00031896 7.7487e-05
6.9335 0.00030783 7.5168e-05
6.9915 0.00026774 6.7308e-05
7.0496 0.00039108 9.1406e-05
7.1076 0.00040995 9.4816e-05
7.1656 0.00031357 7.6178e-05
7.2236 0.0003478 8.2927e-05
7.2816 0.00044382 0.00010137
7.3397 0.00030107 7.3912e-05
7.3977 0.00029076 7.1778e-05
7.4557 0.00030964 7.5609e-05
7.5137 0.0003728 8.7794e-05
7.5718 0.00032444 7.843e-05
7.6298 0.00019203 5.246e-05
7.6878 0.00040792 9.4347e-05
7.7458 0.00027896 6.9687e-05
7.8038 0.000338 8.0946e-05
7.8619 0.0002674 6.7222e-05
7.9199 0.00022218 5.8409e-05
7.9779 0.00030189 7.4112e-05
8.0359 0.00031267 7.5959e-05
8.0939 0.00031924 7.7172e-05
8.152 0.00027506 6.8712e-05
8.21 0.00034658 8.2634e-05
8.268 0.00019107 5.2195e-05
8.326 0.00033544 8.0334e-05
8.384 0.00029743 7.3017e-05
8.4421 0.00026048 6.5918e-05
8.5001 0.00026102 6.6054e-05
8.5581 0.00024254 6.2251e-05
8.6161 0.00030698 7.496e-05
8.6742 0.00034639 8.2591e-05
8.7322 0.00032119 7.7643e-05
8.7902 0.00031151 7.5675e-05
8.8482 0.00024576 6.3078e-05
8.9062 0.0003311 7.9658e-05
8.9643 0.00026028 6.5865e-05
9.0223 0.0003067 7.4892e-05
9.0803 0.00029741 7.3012e-05
9.1383 0.00016984 4.8062e-05
9.1963 0.00028348 7.039e-05
9.2544 0.00027926 6.9341e-05
9.3124 0.00031414 7.6316e-05
9.3704 0.00026078 6.5991e-05
9.4284 0.00024294 6.2355e-05
9.4864 0.0002197 5.7757e-05
9.5445 0.00029842 7.326e-05
9.6025 0.00026975 6.7813e-05
9.6605 0.00022103 5.8105e-05
9.7185 0.00022561 5.8815e-05
9.7766 0.00026741 6.7226e-05
9.8346 0.00026844 6.7483e-05
9.8926 0.00032798 7.8907e-05
9.9506 0.00018239 5.0379e-05
10.009 0.00035014 8.3128e-05
10.067 0.00027482 6.8653e-05
10.125 0.00020451 5.4748e-05
10.183 0.00031783 7.6831e-05
10.241 0.00024256 6.2257e-05
10.299 0.00028176 6.9961e-05
10.357 0.00032776 7.8854e-05
10.415 0.00027226 6.8013e-05
10.473 0.00025094 6.3942e-05
10.531 0.00035745 8.4515e-05
10.589 0.00033203 7.9516e-05
10.647 0.00022645 5.9033e-05
10.705 0.00024913 6.3483e-05
10.763 0.00024294 6.2353e-05
10.821 0.00023329 6.0334e-05
10.879 0.00024737 6.3034e-05
10.937 0.00027205 6.796e-05
10.995 0.00025087 6.3925e-05
11.053 0.00022666 5.909e-05
11.111 0.00022422 5.8453e-05
11.169 0.00020326 5.4414e-05
11.227 0.00022685 5.9138e-05
11.285 0.00021882 5.7524e-05
11.343 0.00029317 7.1972e-05
11.401 0.00028586 7.0568e-05
11.459 0.00026472 6.6548e-05
11.517 0.00030922 7.5121e-05
11.575 0.00021766 5.7221e-05
11.633 0.00032437 7.804e-05
11.691 0.00027111 6.7725e-05
11.749 0.00030096 7.349e-05
11.807 0.00017962 4.9612e-05
11.865 0.00026347 6.6235e-05
11.923 0.00024309 6.2393e-05
11.981 0.00024049 6.1725e-05
12.039 0.00031533 7.6227e-05
12.097 0.00026997 6.744e-05
12.155 0.00025581 6.4736e-05
12.213 0.00024833 6.3279e-05
12.271 0.00016386 4.6369e-05
12.329 0.00023194 5.9985e-05
12.388 0.00023442 6.0625e-05
12.446 0.00027561 6.8434e-05
12.504 0.00020777 5.5103e-05
12.562 0.00023835 6.1175e-05
12.62 0.00018727 5.116e-05
12.678 0.00020747 5.5024e-05
12.736 0.00019965 5.3446e-05
12.794 0.00025279 6.397e-05
12.852 0.00020753 5.5041e-05
12.91 0.00026478 6.6144e-05
12.968 0.0001701 4.7539e-05
13.026 0.0002875 7.058e-05
13.084 0.00017069 4.7702e-05
13.142 0.00017716 4.8934e-05
13.2 0.00024997 6.3257e-05
13.258 0.000244 6.2174e-05
13.316 0.00018492 5.0516e-05
13.374 0.00015528 4.4532e-05
13.432 0.0002348 6.0266e-05
13.49 0.00019844 5.3123e-05
13.548 0.00027313 6.7818e-05
13.606 0.00020611 5.4663e-05
13.664 0.00022041 5.746e-05
13.722 0.00030213 7.3397e-05
13.78 0.00029415 7.1828e-05
13.838 0.00022797 5.8957e-05
13.896 0.0002103 5.5284e-05
13.954 0.00018316 5.0035e-05
14.012 0.00025696 6.4598e-05
14.07 0.00023441 6.0165e-05
14.128 0.0002396 6.1052e-05
14.186 0.00018289 4.9962e-05
14.244 0.00018972 5.1291e-05
14.302 0.00025443 6.3963e-05
14.36 0.00021014 5.5243e-05
14.418 0.00017524 4.8404e-05
14.476 0.00019666 5.2645e-05
14.534 0.00018988 5.1335e-05
14.592 0.00021789 5.6802e-05
14.65 0.0002305 5.916e-05
14.708 0.0001463 4.2558e-05
14.766 0.00020555 5.4515e-05
14.824 0.00027422 6.7696e-05
14.882 0.00023345 5.9918e-05
14.94 0.00015228 4.3672e-05
14.998 0.00022338 5.7771e-05
15.056 0.00018792 5.0805e-05
15.114 0.00019463 5.2102e-05
15.173 0.00024548 6.212e-05
15.231 0.00023125 5.9353e-05
15.289 0.00024371 6.1672e-05
15.347 0.00026622 6.6103e-05
15.405 0.00020176 5.3511e-05
15.463 0.00019972 5.297e-05
15.521 0.00027729 6.8073e-05
15.579 0.00019376 5.1869e-05
15.637 0.00022798 5.8515e-05
15.695 0.00018509 5.0038e-05
15.753 0.0001769 4.8325e-05
15.811 0.00019204 5.141e-05
15.869 0.00019293 5.1647e-05
15.927 0.00021984 5.6856e-05
15.985 0.00019069 5.1048e-05
16.043 0.00020614 5.4191e-05
16.101 0.00017707 4.8372e-05
16.159 0.00024134 6.1072e-05
16.217 0.00017662 4.8249e-05
16.275 0.00029727 7.1862e-05
16.333 0.00019899 5.2775e-05
16.391 0.00020432 5.3714e-05
16.449 0.00018998 5.0859e-05
16.507 0.00018328 4.9549e-05
16.565 0.00023251 5.9246e-05
16.623 0.0001973 5.2327e-05
16.681 0.00019431 5.1534e-05
16.739 0.00019503 5.1726e-05
16.797 0.00021108 5.5026e-05
16.855 0.00020732 5.4046e-05
16.913 0.00017278 4.7199e-05
16.971 0.00013852 4.0297e-05
17.029 0.00022184 5.6938e-05
17.087 0.00023614 5.9758e-05
17.145 0.00018542 4.9638e-05
17.203 0.00022177 5.6921e-05
17.261 0.00019405 5.1464e-05
17.319 0.00021312 5.5118e-05
17.377 0.00014402 4.1303e-05
17.435 0.00017179 4.693e-05
17.493 0.00020008 5.2598e-05
17.551 0.00018514 4.9563e-05
17.609 0.0001704 4.655e-05
17.667 0.00015748 4.4012e-05
17.725 0.00019116 5.0698e-05
17.783 0.00023786 5.9796e-05
17.841 0.00016923 4.6231e-05
17.9 0.00019626 5.1594e-05
17.958 0.00023851 5.996e-05
18.016 0.00018893 5.0109e-05
18.074 0.00024221 6.0507e-05
18.132 0.00020306 5.2937e-05
18.19 0.00013354 3.8847e-05
18.248 0.00022861 5.7852e-05
18.306 0.00026633 6.5035e-05
18.364 0.00013389 3.895e-05
18.422 0.00022202 5.6573e-05
18.48 0.00016733 4.5711e-05
18.538 0.00013965 4.005e-05
18.596 0.0002596 6.3729e-05
18.654 0.00022005 5.6072e-05
18.712 0.00014053 4.0303e-05
18.77 0.00019208 5.0494e-05
18.828 0.00021219 5.4462e-05
18.886 0.00019319 5.0787e-05
18.944 0.00017841 4.776e-05
19.002 0.00016402 4.4806e-05
19.06 0.00024393 6.0568e-05
19.118 0.00016562 4.5243e-05
19.176 0.00022931 5.7646e-05
19.234 0.00020186 5.2205e-05
19.292 0.00023532 5.8784e-05
19.35 0.00014384 4.0706e-05
19.408 0.00013722 3.9353e-05
19.466 0.00014873 4.1567e-05
19.524 0.00018759 4.9316e-05
19.582 0.00020115 5.2023e-05
19.64 0.00019339 5.0416e-05
19.698 0.00017309 4.6336e-05
19.756 0.00018594 4.8882e-05
19.814 0.00015539 4.2919e-05
19.872 0.00016654 4.5024e-05
19.93 0.00021689 5.4886e-05
19.988 0.00017258 4.6199e-05
20.046 0.0001339 3.84e-05
20.104 0.00017833 4.7298e-05
20.162 0.00013278 3.8078e-05
20.22 0.00014628 4.0882e-05
20.278 0.0001393 3.942e-05
20.336 0.00015122 4.1768e-05
20.394 0.00018929 4.9346e-05
20.452 0.00023249 5.7728e-05
20.51 0.00020173 5.1777e-05
20.568 0.0002375 5.863e-05
20.626 0.00028005 6.6773e-05
20.685 0.0001734 4.5989e-05
20.743 0.00022983 5.7066e-05
20.801 0.00019149 4.9524e-05
20.859 0.00024023 5.8975e-05
20.917 0.00012346 3.5916e-05
20.975 0.00012306 3.5798e-05
21.033 0.00020894 5.2874e-05
21.091 0.00022481 5.582e-05
21.149 0.00017696 4.652e-05
21.207 0.00015232 4.161e-05
21.265 0.0001212 3.5258e-05
21.323 0.00020483 5.1833e-05
21.381 0.00025497 6.1636e-05
21.439 0.00017658 4.642e-05
21.497 0.00018685 4.8324e-05
21.555 0.00020215 5.1156e-05
21.613 0.00014985 4.0935e-05
21.671 0.00018 4.6926e-05
21.729 0.00020216 5.1158e-05
21.787 0.00025271 6.08e-05
21.845 0.0001656 4.3921e-05
21.903 0.00014769 4.0347e-05
21.961 0.00019825 5.017e-05
22.019 0.00015644 4.1878e-05
22.077 0.00018567 4.7655e-05
22.135 0.00022683 5.5686e-05
22.193 0.0002084 5.2061e-05
22.251 0.00022276 5.4687e-05
22.309 0.00021302 5.2893e-05
22.367 0.00015488 4.1462e-05
22.425 0.00018925 4.8224e-05
22.483 0.00015934 4.2259e-05
22.541 0.00015951 4.2304e-05
22.599 0.00024034 5.8099e-05
22.657 0.00016987 4.4283e-05
22.715 0.00017504 4.527e-05
22.773 0.00021458 5.2973e-05
22.831 0.00018113 4.649e-05
22.889 0.00016238 4.2687e-05
22.947 0.00019939 4.9809e-05
23.005 0.00023318 5.6369e-05
23.063 0.00019484 4.8981e-05
23.121 0.00017639 4.5273e-05
23.179 0.00016434 4.2843e-05
23.237 0.00016894 4.3692e-05
23.295 0.0002288 5.5308e-05
23.353 0.00016156 4.2118e-05
23.412 0.0001987 4.9337e-05
23.47 0.0002204 5.3542e-05
23.528 0.00020423 5.0418e-05
23.586 0.0002133 5.2085e-05
23.644 0.00016392 4.2394e-05
23.702 0.00021572 5.2406e-05
23.76 0.00020038 4.9468e-05
23.818 0.00018829 4.7037e-05
23.876 0.00016063 4.1541e-05
23.934 0.0001971 4.8658e-05
23.992 0.00017578 4.4482e-05
24.05 0.00020567 5.0222e-05
24.108 0.0001729 4.3754e-05
24.166 0.00020353 4.9699e-05
24.224 0.00015741 4.071e-05
24.282 0.00021708 5.2227e-05
24.34 0.00016997 4.3012e-05
24.398 0.00016564 4.2207e-05
24.456 0.00018948 4.6776e-05
24.514 0.00020326 4.9379e-05
24.572 0.00022128 5.2759e-05
24.63 0.00020222 4.9125e-05
24.688 0.00014738 3.842e-05
24.746 0.00017571 4.3893e-05
24.804 0.00018313 4.5208e-05
24.862 0.00019142 4.6743e-05
24.92 0.00016701 4.1985e-05
24.978 0.0001796 4.4338e-05
25.036 0.00018296 4.4915e-05
25.094 0.00019158 4.6541e-05
25.152 0.0001489 3.8219e-05
25.21 0.00015706 3.9745e-05
25.268 0.00021163 5.0244e-05
25.326 0.00018349 4.4805e-05
25.384 0.00021827 5.1403e-05
25.442 0.00015918 4.0017e-05
25.5 0.00018375 4.4638e-05
25.558 0.00016988 4.1938e-05
25.616 0.00019479 4.665e-05
25.674 0.00014529 3.7023e-05
25.732 0.00024694 5.6402e-05
25.79 0.00019836 4.7094e-05
25.848 0.00016365 4.0398e-05
25.906 0.00016268 4.0159e-05
25.964 0.00015639 3.8833e-05
26.022 0.00016054 3.9632e-05
26.08 0.00021403 4.9844e-05
26.138 0.00020896 4.8838e-05
26.197 0.00014032 3.551e-05
26.255 0.00018249 4.3704e-05
26.313 0.00019275 4.5574e-05
26.371 0.00016311 3.9829e-05
26.429 0.00019745 4.6322e-05
26.487 0.00017208 4.1401e-05
26.545 0.00017105 4.1153e-05
26.603 0.00021569 4.9566e-05
26.661 0.00016928 4.054e-05
26.719 0.00020973 4.8196e-05
26.777 0.00014761 3.6238e-05
26.835 0.00018439 4.3257e-05
26.893 0.00015568 3.7632e-05
26.951 0.00019865 4.5796e-05
27.009 0.00016011 3.8343e-05
27.067 0.0002014 4.614e-05
27.125 0.00017962 4.1831e-05
27.183 0.00019774 4.5167e-05
27.241 0.00013785 3.3661e-05
27.299 0.0001856 4.265e-05
27.357 0.00018992 4.338e-05
27.415 0.00021173 4.7463e-05
27.473 0.00015136 3.5936e-05
27.531 0.00017811 4.0929e-05
27.589 0.00016963 3.9233e-05
27.647 0.00017682 4.0509e-05
27.705 0.00018032 4.1066e-05
27.763 0.00019699 4.4054e-05
27.821 0.00016645 3.8133e-05
27.879 0.00019211 4.2862e-05
27.937 0.00014893 3.4562e-05
27.995 0.00022927 4.9609e-05
28.053 0.00018878 4.1839e-05
28.111 0.00021748 4.7211e-05
28.169 0.00020166 4.4082e-05
28.227 0.00019565 4.2848e-05
28.285 0.00017732 3.9217e-05
28.343 0.00017102 3.7903e-05
28.401 0.00016543 3.6743e-05
28.459 0.00018391 4.0061e-05
28.517 0.00018087 3.9329e-05
28.575 0.00016621 3.6399e-05
28.633 0.00017816 3.8431e-05
28.691 0.00020386 4.3018e-05
28.749 0.00014566 3.1841e-05
28.807 0.00016983 3.6225e-05
28.865 0.00016738 3.5655e-05
28.924 0.00018861 3.9473e-05
28.982 0.00017262 3.627e-05
29.04 0.00016116 3.3863e-05
29.098 0.00017893 3.6888e-05
29.156 0.00018782 3.823e-05
29.214 0.00018417 3.715e-05
29.272 0.00018412 3.6699e-05
29.33 0.00019009 3.7449e-05
29.388 0.00018759 3.6142e-05
29.446 0.00018562 3.5913e-05
29.504 0 1
29.562 0 1
29.62 0 1
29.678 0 1
