-29.678 0 1
-29.62 0 1
-29.562 0 1
-29.504 0.00024771 4.7074e-05
-29.446 0.00024419 4.6325e-05
-29.388 0.00025695 4.9308e-05
-29.33 0.00026582 5.1227e-05
-29.272 0.00022755 4.438e-05
-29.214 0.00022991 4.5122e-05
-29.156 0.00026693 5.2298e-05
-29.098 0.000256 5.0479e-05
-29.04 0.00024036 4.7731e-05
-28.982 0.00023413 4.6713e-05
-28.924 0.00023451 4.6921e-05
-28.865 0.00021354 4.3133e-05
-28.807 0.00022265 4.4972e-05
-28.749 0.00022604 4.5791e-05
-28.691 0.0002835 5.6683e-05
-28.633 0.00024657 4.9923e-05
-28.575 0.00027449 5.5269e-05
-28.517 0.00024133 4.9177e-05
-28.459 0.00023611 4.8346e-05
-28.401 0.00026384 5.3615e-05
-28.343 0.00027215 5.5274e-05
-28.285 0.00026348 5.3785e-05
-28.227 0.0002586 5.295e-05
-28.169 0.00023156 4.7994e-05
-28.111 0.00023546 4.8765e-05
-28.053 0.00025249 5.2052e-05
-27.995 0.00023902 4.9623e-05
-27.937 0.00025516 5.272e-05
-27.879 0.00023001 4.8092e-05
-27.821 0.00026384 5.4514e-05
-27.763 0.00022782 4.7919e-05
-27.705 0.00028167 5.8067e-05
-27.647 0.00026766 5.5523e-05
-27.589 0.00027031 5.6119e-05
-27.531 0.00028055 5.8149e-05
-27.473 0.00021828 4.65e-05
-27.415 0.00022345 4.754e-05
-27.357 0.00030763 6.3375e-05
-27.299 0.00022033 4.712e-05
-27.241 0.00020069 4.3426e-05
-27.183 0.00021605 4.6398e-05
-27.125 0.00021394 4.608e-05
-27.067 0.0002503 5.2998e-05
-27.009 0.00022409 4.8125e-05
-26.951 0.00027357 5.7483e-05
-26.893 0.00024928 5.3036e-05
-26.835 0.0002798 5.8852e-05
-26.777 0.00024949 5.3216e-05
-26.719 0.00024369 5.2188e-05
-26.661 0.00021969 4.7772e-05
-26.603 0.00027667 5.858e-05
-26.545 0.00024153 5.2023e-05
-26.487 0.00024501 5.2695e-05
-26.429 0.00023044 5.0024e-05
-26.371 0.00021241 4.6695e-05
-26.313 0.00021647 4.7496e-05
-26.255 0.00027479 5.8464e-05
-26.197 0.00023562 5.1149e-05
-26.138 0.00024933 5.3783e-05
-26.08 0.00022986 5.0157e-05
-26.022 0.00019117 4.2854e-05
-25.964 0.00025974 5.5861e-05
-25.906 0.00023569 5.1429e-05
-25.848 0.00023332 5.1003e-05
-25.79 0.0002749 5.8871e-05
-25.732 0.00025038 5.4354e-05
-25.674 0.00024507 5.3382e-05
-25.616 0.00022094 4.8864e-05
-25.558 0.00020532 4.5917e-05
-25.5 0.00023676 5.1948e-05
-25.442 0.00022587 4.9955e-05
-25.384 0.00023295 5.1309e-05
-25.326 0.00024646 5.3875e-05
-25.268 0.00021985 4.8939e-05
-25.21 0.00022168 4.9346e-05
-25.152 0.00025819 5.624e-05
-25.094 0.00021346 4.7851e-05
-25.036 0.0002704 5.8603e-05
-24.978 0.00027018 5.8653e-05
-24.92 0.00023697 5.2409e-05
-24.862 0.00020678 4.6708e-05
-24.804 0.00024056 5.3203e-05
-24.746 0.00030018 6.4465e-05
-24.688 0.00027104 5.904e-05
-24.63 0.00027778 6.0302e-05
-24.572 0.00024245 5.3734e-05
-24.514 0.00029184 6.315e-05
-24.456 0.00025629 5.6451e-05
-24.398 0.00024948 5.5175e-05
-24.34 0.00028462 6.189e-05
-24.282 0.00019442 4.482e-05
-24.224 0.00028216 6.146e-05
-24.166 0.0002455 5.4527e-05
-24.108 0.00027758 6.0678e-05
-24.05 0.00023199 5.2133e-05
-23.992 0.00022065 4.9972e-05
-23.934 0.00024034 5.3747e-05
-23.876 0.00026363 5.8184e-05
-23.818 0.00025426 5.6473e-05
-23.76 0.00024606 5.4898e-05
-23.702 0.00023263 5.2409e-05
-23.644 0.00027022 5.9519e-05
-23.586 0.00026548 5.8714e-05
-23.528 0.00025387 5.6512e-05
-23.47 0.00027981 6.1394e-05
-23.412 0.00028217 6.1911e-05
-23.353 0.0002873 6.2917e-05
-23.295 0.0002643 5.8578e-05
-23.237 0.00020657 4.7622e-05
-23.179 0.00018163 4.2943e-05
-23.121 0.00025749 5.745e-05
-23.063 0.00022944 5.2106e-05
-23.005 0.00022976 5.218e-05
-22.947 0.00027061 5.9974e-05
-22.889 0.00026896 5.974e-05
-22.831 0.00020526 4.7636e-05
-22.773 0.00026803 5.9531e-05
-22.715 0.0002896 6.3662e-05
-22.657 0.00030439 6.6538e-05
-22.599 0.00018469 4.3847e-05
-22.541 0.00023937 5.4212e-05
-22.483 0.00027004 6.0112e-05
-22.425 0.00025864 5.798e-05
-22.367 0.00018617 4.4198e-05
-22.309 0.00032011 6.9609e-05
-22.251 0.0002814 6.2367e-05
-22.193 0.00029564 6.5119e-05
-22.135 0.00020361 4.7588e-05
-22.077 0.00024904 5.6253e-05
-22.019 0.00023964 5.4577e-05
-21.961 0.00028975 6.4082e-05
-21.903 0.0002322 5.3195e-05
-21.845 0.00021549 5.001e-05
-21.787 0.00024528 5.5703e-05
-21.729 0.00027327 6.1111e-05
-21.671 0.00021765 5.051e-05
-21.613 0.00025907 5.8366e-05
-21.555 0.00018577 4.4488e-05
-21.497 0.0002511 5.7026e-05
-21.439 0.00025639 5.8068e-05
-21.381 0.0002451 5.582e-05
-21.323 0.00020197 4.7754e-05
-21.265 0.00021869 5.0929e-05
-21.207 0.00023245 5.3586e-05
-21.149 0.00022267 5.1676e-05
-21.091 0.00020708 4.8767e-05
-21.033 0.0001913 4.5814e-05
-20.975 0.00026131 5.9181e-05
-20.917 0.0002585 5.8545e-05
-20.859 0.00021339 5.0061e-05
-20.801 0.00018342 4.434e-05
-20.743 0.00026944 6.0701e-05
-20.685 0.00022632 5.2522e-05
-20.626 0.00024549 5.6241e-05
-20.568 0.00023843 5.4967e-05
-20.51 0.00029054 6.4821e-05
-20.452 0.00024529 5.6195e-05
-20.394 0.00026028 5.9111e-05
-20.336 0.0002393 5.5167e-05
-20.278 0.00027073 6.1151e-05
-20.22 0.00029653 6.6009e-05
-20.162 0.00025044 5.7374e-05
-20.104 0.00022775 5.304e-05
-20.046 0.0002283 5.3168e-05
-19.988 0.00026802 6.0702e-05
-19.93 0.00022395 5.2341e-05
-19.872 0.00022626 5.2883e-05
-19.814 0.0003055 6.7856e-05
-19.756 0.0002659 6.0387e-05
-19.698 0.00026633 6.0484e-05
-19.64 0.00024228 5.6036e-05
-19.582 0.00025503 5.8426e-05
-19.524 0.00028539 6.4134e-05
-19.466 0.00024168 5.5899e-05
-19.408 0.00021578 5.102e-05
-19.35 0.0001928 4.6607e-05
-19.292 0.00027854 6.2915e-05
-19.234 0.00025648 5.8758e-05
-19.176 0.00025158 5.7996e-05
-19.118 0.00026708 6.0827e-05
-19.06 0.00022538 5.2872e-05
-19.002 0.00029084 6.5358e-05
-18.944 0.00021848 5.1657e-05
-18.886 0.00013949 3.6364e-05
-18.828 0.00020343 4.872e-05
-18.77 0.00025671 5.8992e-05
-18.712 0.00022101 5.2256e-05
-18.654 0.00031131 6.9298e-05
-18.596 0.0002087 4.9759e-05
-18.538 0.00024302 5.6399e-05
-18.48 0.00024161 5.6267e-05
-18.422 0.00023057 5.409e-05
-18.364 0.00024349 5.6507e-05
-18.306 0.0001838 4.5122e-05
-18.248 0.00025573 5.8954e-05
-18.19 0.00031792 7.077e-05
-18.132 0.00024985 5.7788e-05
-18.074 0.00029078 6.5681e-05
-18.016 0.00021193 5.0754e-05
-17.958 0.00029042 6.5599e-05
-17.9 0.00029036 6.5586e-05
-17.841 0.00025315 5.855e-05
-17.783 0.00026437 6.0754e-05
-17.725 0.00020735 4.9886e-05
-17.667 0.00024331 5.6662e-05
-17.609 0.0003081 6.9066e-05
-17.551 0.0002376 5.5739e-05
-17.493 0.00022606 5.3449e-05
-17.435 0.00030854 6.9165e-05
-17.377 0.00023132 5.4476e-05
-17.319 0.00022369 5.3108e-05
-17.261 0.00028613 6.4981e-05
-17.203 0.00023053 5.429e-05
-17.145 0.00026275 6.0572e-05
-17.087 0.00031218 6.9982e-05
-17.029 0.00026668 6.1284e-05
-16.971 0.00030116 6.7848e-05
-16.913 0.00026575 6.1069e-05
-16.855 0.00030498 6.8709e-05
-16.797 0.00027837 6.3581e-05
-16.739 0.00029557 6.6762e-05
-16.681 0.00026929 6.1882e-05
-16.623 0.00024507 5.7279e-05
-16.565 0.00027428 6.2836e-05
-16.507 0.00021082 5.0722e-05
-16.449 0.00025017 5.8261e-05
-16.391 0.00021848 5.2323e-05
-16.333 0.00020166 4.8991e-05
-16.275 0.0002884 6.5497e-05
-16.217 0.00022339 5.3262e-05
-16.159 0.00024777 5.791e-05
-16.101 0.00025737 5.9728e-05
-16.043 0.00031074 6.9829e-05
-15.985 0.00023273 5.5026e-05
-15.927 0.00031356 7.0463e-05
-15.869 0.00026796 6.1773e-05
-15.811 0.00025697 5.9637e-05
-15.753 0.00028838 6.5677e-05
-15.695 0.0002209 5.2903e-05
-15.637 0.00029934 6.7795e-05
-15.579 0.00024488 5.7447e-05
-15.521 0.00024453 5.7366e-05
-15.463 0.00026774 6.1926e-05
-15.405 0.00028614 6.5356e-05
-15.347 0.00024417 5.728e-05
-15.289 0.00023188 5.5053e-05
-15.231 0.00031353 7.0636e-05
-15.173 0.00024731 5.8018e-05
-15.114 0.00030679 6.9296e-05
-15.056 0.00030222 6.8447e-05
-14.998 0.00022258 5.3304e-05
-14.94 0.0002948 6.714e-05
-14.882 0.00023606 5.5814e-05
-14.824 0.00031478 7.0917e-05
-14.766 0.00023504 5.5802e-05
-14.708 0.0002533 5.9202e-05
-14.65 0.00023696 5.6028e-05
-14.592 0.00025903 6.0323e-05
-14.534 0.0002582 6.013e-05
-14.476 0.00027582 6.3585e-05
-14.418 0.00023272 5.5252e-05
-14.36 0.00029187 6.6666e-05
-14.302 0.00025041 5.8744e-05
-14.244 0.00028011 6.4369e-05
-14.186 0.00023768 5.6198e-05
-14.128 0.00025583 5.9793e-05
-14.07 0.00026761 6.2104e-05
-14.012 0.00030192 6.8567e-05
-13.954 0.00025967 6.0472e-05
-13.896 0.0002472 5.8217e-05
-13.838 0.00025225 5.9176e-05
-13.78 0.00029418 6.7194e-05
-13.722 0.00023519 5.5838e-05
-13.664 0.00021631 5.2291e-05
-13.606 0.00029619 6.7652e-05
-13.548 0.00029337 6.7009e-05
-13.49 0.00029851 6.7984e-05
-13.432 0.0002171 5.248e-05
-13.374 0.00022999 5.5079e-05
-13.316 0.00028453 6.5384e-05
-13.258 0.0003035 6.8926e-05
-13.2 0.00030056 6.845e-05
-13.142 0.0002648 6.1668e-05
-13.084 0.00032616 7.3294e-05
-13.026 0.00029888 6.8068e-05
-12.968 0.00032293 7.2753e-05
-12.91 0.00023876 5.6686e-05
-12.852 0.00032933 7.4009e-05
-12.794 0.00030553 6.9387e-05
-12.736 0.00026996 6.265e-05
-12.678 0.00026883 6.2607e-05
-12.62 0.00027426 6.3434e-05
-12.562 0.0002689 6.2405e-05
-12.504 0.0002308 5.5274e-05
-12.446 0.00031796 7.182e-05
-12.388 0.00031948 7.2164e-05
-12.329 0.00031608 7.1395e-05
-12.271 0.00030886 7.0143e-05
-12.213 0.00024145 5.7323e-05
-12.155 0.0002681 6.2437e-05
-12.097 0.00026509 6.1734e-05
-12.039 0.00024789 5.8612e-05
-11.981 0.00030022 6.8573e-05
-11.923 0.00025085 5.9075e-05
-11.865 0.00023591 5.6248e-05
-11.807 0.00033393 7.4858e-05
-11.749 0.00027994 6.4746e-05
-11.691 0.00028414 6.5504e-05
-11.633 0.00030857 7.0078e-05
-11.575 0.00025714 6.0324e-05
-11.517 0.0003127 7.1015e-05
-11.459 0.00029494 6.757e-05
-11.401 0.00041049 8.9414e-05
-11.343 0.00035394 7.8787e-05
-11.285 0.00034835 7.7721e-05
-11.227 0.00031715 7.1829e-05
-11.169 0.00030925 7.0233e-05
-11.111 0.0002641 6.1727e-05
-11.053 0.00030303 6.9214e-05
-10.995 0.00030243 6.9077e-05
-10.937 0.00030076 6.8695e-05
-10.879 0.00024919 5.8919e-05
-10.821 0.00029749 6.8154e-05
-10.763 0.00024825 5.8696e-05
-10.705 0.00029598 6.7807e-05
-10.647 0.00028897 6.6616e-05
-10.589 0.00022956 5.5229e-05
-10.531 0.00027239 6.3435e-05
-10.473 0.00028148 6.5102e-05
-10.415 0.00037255 8.2394e-05
-10.357 0.00032065 7.262e-05
-10.299 0.00027824 6.4571e-05
-10.241 0.00028704 6.6172e-05
-10.183 0.00031812 7.2049e-05
-10.125 0.00024112 5.7489e-05
-10.067 0.00028269 6.5383e-05
-10.009 0.00027037 6.2964e-05
-9.9506 0.00030452 6.9554e-05
-9.8926 0.00030619 6.9935e-05
-9.8346 0.00023598 5.6514e-05
-9.7766 0.00029751 6.8158e-05
-9.7185 0.00027689 6.4258e-05
-9.6605 0.00036053 8.0255e-05
-9.6025 0.00029492 6.7774e-05
-9.5445 0.00028802 6.6397e-05
-9.4864 0.0002801 6.5003e-05
-9.4284 0.00027971 6.4913e-05
-9.3704 0.00039756 8.7228e-05
-9.3124 0.00034133 7.6515e-05
-9.2544 0.00031219 7.1101e-05
-9.1963 0.00027529 6.4111e-05
-9.1383 0.0003283 7.4156e-05
-9.0803 0.00036271 8.0561e-05
-9.0223 0.0002856 6.6056e-05
-8.9643 0.00034087 7.66e-05
-8.9062 0.00031922 7.2497e-05
-8.8482 0.00028994 6.684e-05
-8.7902 0.00027581 6.4231e-05
-8.7322 0.00026497 6.216e-05
-8.6742 0.00019936 4.9502e-05
-8.6161 0.00039144 8.6051e-05
-8.5581 0.0002907 6.7015e-05
-8.5001 0.00029264 6.7463e-05
-8.4421 0.00030225 6.9243e-05
-8.384 0.00036372 8.0786e-05
-8.326 0.0003758 8.3289e-05
-8.268 0.00026704 6.2647e-05
-8.21 0.00032344 7.3253e-05
-8.152 0.00030453 6.9558e-05
-8.0939 0.0002976 6.8388e-05
-8.0359 0.00019004 4.7776e-05
-7.9779 0.00031791 7.2199e-05
-7.9199 0.00031243 7.1155e-05
-7.8619 0.00030953 7.0699e-05
-7.8038 0.00028473 6.6079e-05
-7.7458 0.00036123 8.0593e-05
-7.6878 0.00036658 8.142e-05
-7.6298 0.00031389 7.1486e-05
-7.5718 0.0002571 6.0788e-05
-7.5137 0.00029538 6.8095e-05
-7.4557 0.00033636 7.5778e-05
-7.3977 0.00025482 6.0249e-05
-7.3397 0.00033271 7.5152e-05
-7.2816 0.00031735 7.2275e-05
-7.2236 0.000295 6.8007e-05
-7.1656 0.00036876 8.1905e-05
-7.1076 0.00030259 6.9536e-05
-7.0496 0.00028724 6.6661e-05
-6.9915 0.00034972 7.8208e-05
-6.9335 0.00035021 7.8505e-05
-6.8755 0.00031121 7.1296e-05
-6.8175 0.00029715 6.8286e-05
-6.7595 0.00028288 6.5648e-05
-6.7014 0.0003844 8.5014e-05
-6.6434 0.00031776 7.2164e-05
-6.5854 0.00032165 7.3254e-05
-6.5274 0.00033129 7.4637e-05
-6.4694 0.00029443 6.8098e-05
-6.4113 0.00030228 6.9251e-05
-6.3533 0.00032407 7.3597e-05
-6.2953 0.00036593 8.1278e-05
-6.2373 0.00034699 7.7977e-05
-6.1792 0.00039102 8.6126e-05
-6.1212 0.00033735 7.6199e-05
-6.0632 0.00039544 8.6929e-05
-6.0052 0.00029945 6.8813e-05
-5.9472 0.00027026 6.3401e-05
-5.8891 0.00036952 8.2074e-05
-5.8311 0.00032913 7.4343e-05
-5.7731 0.00027805 6.4987e-05
-5.7151 0.00037597 8.315e-05
-5.6571 0.0003685 8.203e-05
-5.599 0.00032667 7.3985e-05
-5.541 0.00020088 4.9879e-05
-5.483 0.00039478 8.6956e-05
-5.425 0.00031065 7.0956e-05
-5.3669 0.00036131 8.0611e-05
-5.3089 0.00032631 7.3903e-05
-5.2509 0.000317 7.2195e-05
-5.1929 0.00031883 7.2613e-05
-5.1349 0.00030069 6.9098e-05
-5.0768 0.00044201 9.5797e-05
-5.0188 0.00031386 7.1689e-05
-4.9608 0.00035431 7.9234e-05
-4.9028 0.00026716 6.2674e-05
-4.8448 0.00036974 8.2122e-05
-4.7867 0.00031581 7.2134e-05
-4.7287 0.00035148 7.8791e-05
-4.6707 0.0003815 8.4374e-05
-4.6127 0.00035892 8.0079e-05
-4.5547 0.00034831 7.8273e-05
-4.4966 0.00032242 7.3224e-05
-4.4386 0.00033727 7.5984e-05
-4.3806 0.00035981 8.0278e-05
-4.3226 0.00033995 7.6787e-05
-4.2645 0.00033561 7.5806e-05
-4.2065 0.00028551 6.6035e-05
-4.1485 0.0004023 8.8437e-05
-4.0905 0.00038017 8.4257e-05
-4.0325 0.00034821 7.825e-05
-3.9744 0.00035645 7.9713e-05
-3.9164 0.00037735 8.3631e-05
-3.8584 0.00035823 8.0112e-05
-3.8004 0.0003769 8.3532e-05
-3.7424 0.00033875 7.6316e-05
-3.6843 0.0003554 7.9479e-05
-3.6263 0.00035451 7.947e-05
-3.5683 0.00036625 8.1527e-05
-3.5103 0.00026306 6.1951e-05
-3.4523 0.00035777 8.001e-05
-3.3942 0.00033879 7.6326e-05
-3.3362 0.00032441 7.3674e-05
-3.2782 0.00040414 8.8842e-05
-3.2202 0.00035661 7.9562e-05
-3.1621 0.00033927 7.6434e-05
-3.1041 0.00033159 7.5306e-05
-3.0461 0.00038045 8.3968e-05
-2.9881 0.00037765 8.388e-05
-2.9301 0.00042429 9.2918e-05
-2.872 0.00041035 8.954e-05
-2.814 0.00031513 7.2194e-05
-2.756 0.00035504 7.9214e-05
-2.698 0.00034081 7.6981e-05
-2.64 0.00041082 8.997e-05
-2.5819 0.00039556 8.7303e-05
-2.5239 0.00041954 9.1385e-05
-2.4659 0.00041654 9.1393e-05
-2.4079 0.00025861 6.1145e-05
-2.3499 0.00037317 8.3069e-05
-2.2918 0.0003672 8.1211e-05
-2.2338 0.00039603 8.8359e-05
-2.1758 0.00035063 7.7877e-05
-2.1178 0.00050175 0.00010745
-2.0597 0.00042305 9.2647e-05
-2.0017 0.00038347 8.4137e-05
-1.9437 0.0003708 8.3537e-05
-1.8857 0.0003826 8.4273e-05
-1.8277 0.00043949 9.466e-05
-1.7696 0.00037428 8.4767e-05
-1.7116 0.00044028 9.483e-05
-1.6536 0.00051672 0.00010967
-1.5956 0.00043868 9.5723e-05
-1.5376 0.00061017 0.00012795
-1.4795 0.00054594 0.0001146
-1.4215 0.00062719 0.00013066
-1.3635 0.00075328 0.00015386
-1.3055 0.00087096 0.00017822
-1.2475 0.00099152 0.00019776
-1.1894 0.001526 0.0002982
-1.1314 0.0017589 0.00034149
-1.0734 0.0023678 0.00045467
-1.0154 0.0028584 0.00054707
-0.95735 0.0036546 0.00069472
-0.89933 0.003697 0.00070339
-0.84131 0.0046226 0.00087515
-0.78328 0.0055258 0.0010415
-0.72526 0.0059275 0.0011177
-0.66724 0.005997 0.0011317
-0.60922 0.0067813 0.0012766
-0.5512 0.0075616 0.0014214
-0.49318 0.0079495 0.0014939
-0.43516 0.0081504 0.0015312
-0.37714 0.0077771 0.0014614
-0.31912 0.0079906 0.0015009
-0.26109 0.0077136 0.0014515
-0.20307 0.0077744 0.001461
-0.14505 0.0065754 0.0012381
-0.087032 0.0082654 0.0015528
-0.029011 0.0065845 0.0012392
0.029011 0.0076507 0.0014383
0.087032 0.0048806 0.00092261
0.14505 0.0053513 0.0010104
0.20307 0.0050607 0.00095761
0.26109 0.0032212 0.00061299
0.31912 0.0032896 0.00062621
0.37714 0.0028918 0.00055267
0.43516 0.0020253 0.0003913
0.49318 0.0016725 0.0003254
0.5512 0.0014623 0.00028672
0.60922 0.0010023 0.00020182
0.66724 0.00086583 0.00017514
0.72526 0.00059157 0.00012261
0.78328 0.00054727 0.00011629
0.84131 0.00056327 0.00011955
0.89933 0.00050556 0.00010743
0.95735 0.00043451 9.5518e-05
1.0154 0.00045617 9.7827e-05
1.0734 0.00041912 9.1619e-05
1.1314 0.0004735 0.00010169
1.1894 0.00040243 8.7509e-05
1.2475 0.00043359 9.6096e-05
1.3055 0.00034659 7.7508e-05
1.3635 0.00044444 9.6325e-05
1.4215 0.00034928 7.7751e-05
1.4795 0.00040134 8.8762e-05
1.5376 0.00033472 7.5807e-05
1.5956 0.00044025 9.5415e-05
1.6536 0.00044142 9.5218e-05
1.7116 0.00039322 8.8147e-05
1.7696 0.0004102 8.9198e-05
1.8277 0.00043389 9.4192e-05
1.8857 0.00036393 8.199e-05
1.9437 0.00040261 8.7851e-05
2.0017 0.00037503 8.3673e-05
2.0597 0.00029741 6.8788e-05
2.1178 0.00035548 7.9131e-05
2.1758 0.00036481 8.2188e-05
2.2338 0.00038624 8.5074e-05
2.2918 0.00036177 8.1099e-05
2.3499 0.00041774 9.1316e-05
2.4079 0.00037319 8.3263e-05
2.4659 0.00032913 7.454e-05
2.5239 0.00033642 7.6193e-05
2.5819 0.00045986 9.9349e-05
2.64 0.00035325 7.9382e-05
2.698 0.00035521 7.9436e-05
2.756 0.0003006 6.9526e-05
2.814 0.00036975 8.2125e-05
2.872 0.00027072 6.3756e-05
2.9301 0.00034961 7.8764e-05
2.9881 0.000397 8.7272e-05
3.0461 0.00032761 7.4613e-05
3.1041 0.00035069 7.8807e-05
3.1621 0.00032403 7.3589e-05
3.2202 0.0003434 7.7566e-05
3.2782 0.00031066 7.1169e-05
3.3362 0.0003589 8.0262e-05
3.3942 0.00032462 7.3931e-05
3.4523 0.00037098 8.2581e-05
3.5103 0.00037086 8.2554e-05
3.5683 0.00033492 7.5852e-05
3.6263 0.00032687 7.4233e-05
3.6843 0.00033386 7.5612e-05
3.7424 0.00030957 7.092e-05
3.8004 0.00032363 7.3705e-05
3.8584 0.00034734 7.8054e-05
3.9164 0.00028738 6.6694e-05
3.9744 0.00033774 7.6491e-05
4.0325 0.00032352 7.368e-05
4.0905 0.00030719 7.0592e-05
4.1485 0.00031317 7.1532e-05
4.2065 0.00029002 6.7306e-05
4.2645 0.00035519 7.9818e-05
4.3226 0.00036749 8.199e-05
4.3806 0.00042895 9.3436e-05
4.4386 0.00040568 8.9181e-05
4.4966 0.00030322 6.9902e-05
4.5547 0.00030014 6.9191e-05
4.6127 0.00027613 6.4539e-05
4.6707 0.00029554 6.8356e-05
4.7287 0.00035581 7.9959e-05
4.7867 0.00030305 6.9642e-05
4.8448 0.00031329 7.1559e-05
4.9028 0.00030012 6.9188e-05
4.9608 0.00024912 5.9397e-05
5.0188 0.00030738 7.0637e-05
5.0768 0.00027595 6.4495e-05
5.1349 0.00029019 6.7345e-05
5.1929 0.00034437 7.7584e-05
5.2509 0.0002655 6.2526e-05
5.3089 0.00024558 5.8814e-05
5.3669 0.00025124 5.9902e-05
5.425 0.00032346 7.3666e-05
5.483 0.00031227 7.1539e-05
5.541 0.00036029 8.0572e-05
5.599 0.00033582 7.6057e-05
5.6571 0.00028776 6.6781e-05
5.7151 0.00029365 6.8148e-05
5.7731 0.00027167 6.3733e-05
5.8311 0.00027748 6.4854e-05
5.8891 0.00027577 6.4693e-05
5.9472 0.00027741 6.4837e-05
6.0052 0.0002708 6.3528e-05
6.0632 0.00029183 6.7725e-05
6.1212 0.00033776 7.6496e-05
6.1792 0.0003459 7.7927e-05
6.2373 0.00023233 5.6162e-05
6.2953 0.00031503 7.2171e-05
6.3533 0.00027929 6.5277e-05
6.4113 0.0002936 6.8138e-05
6.4694 0.00029158 6.7439e-05
6.5274 0.00027072 6.3754e-05
6.5854 0.00027383 6.424e-05
6.6434 0.00032313 7.3591e-05
6.7014 0.00027876 6.5152e-05
6.7595 0.00025529 6.061e-05
6.8175 0.00029517 6.85e-05
6.8755 0.0002971 6.8717e-05
6.9335 0.00029191 6.7516e-05
6.9915 0.00030347 6.996e-05
7.0496 0.00030959 7.1145e-05
7.1076 0.00027935 6.5291e-05
7.1656 0.00027957 6.5342e-05
7.2236 0.00026824 6.3171e-05
7.2816 0.00024803 5.9401e-05
7.3397 0.0002793 6.528e-05
7.3977 0.00028552 6.6492e-05
7.4557 0.0003089 7.0985e-05
7.5137 0.00026349 6.2299e-05
7.5718 0.00035292 7.931e-05
7.6298 0.00036281 8.0946e-05
7.6878 0.00025244 6.019e-05
7.7458 0.00026446 6.2528e-05
7.8038 0.00025241 6.0183e-05
7.8619 0.00021607 5.3045e-05
7.9199 0.00028399 6.6136e-05
7.9779 0.00024172 5.8154e-05
8.0359 0.00023448 5.6683e-05
8.0939 0.00029229 6.7604e-05
8.152 0.00032532 7.3881e-05
8.21 0.00019563 4.918e-05
8.268 0.00026887 6.3318e-05
8.326 0.00026743 6.2737e-05
8.384 0.00023865 5.7417e-05
8.4421 0.000313 7.1707e-05
8.5001 0.00019313 4.8551e-05
8.5581 0.00020996 5.1833e-05
8.6161 0.00023884 5.7461e-05
8.6742 0.000299 6.8929e-05
8.7322 0.00021275 5.252e-05
8.7902 0.00030355 6.9757e-05
8.8482 0.00021196 5.2326e-05
8.9062 0.00029295 6.7757e-05
8.9643 0.00025632 6.0855e-05
9.0223 0.0003032 6.9677e-05
9.0803 0.00021144 5.2197e-05
9.1383 0.00022792 5.5371e-05
9.1963 0.00025173 6.0019e-05
9.2544 0.00028047 6.5316e-05
9.3124 0.00022738 5.5239e-05
9.3704 0.00022812 5.5418e-05
9.4284 0.00029175 6.7479e-05
9.4864 0.0002866 6.6512e-05
9.5445 0.00020924 5.1655e-05
9.6025 0.00022666 5.5062e-05
9.6605 0.00027795 6.4964e-05
9.7185 0.00026271 6.1869e-05
9.7766 0.00029227 6.7599e-05
9.8346 0.00022259 5.4354e-05
9.8926 0.00020412 5.0684e-05
9.9506 0.00023646 5.6889e-05
10.009 0.00024615 5.8689e-05
10.067 0.00024475 5.8616e-05
10.125 0.00021591 5.3005e-05
10.183 0.00022425 5.4478e-05
10.241 0.00024198 5.795e-05
10.299 0.00025901 6.1239e-05
10.357 0.0002418 5.7907e-05
10.415 0.00026817 6.2911e-05
10.473 0.00020324 5.0466e-05
10.531 0.00028772 6.6772e-05
10.589 0.00022983 5.5558e-05
10.647 0.00022925 5.5417e-05
10.705 0.00025865 6.1156e-05
10.763 0.00032416 7.3619e-05
10.821 0.00026789 6.2846e-05
10.879 0.00021743 5.3094e-05
10.937 0.00018636 4.7159e-05
10.995 0.00020819 5.1396e-05
11.053 0.00024103 5.7723e-05
11.111 0.0002157 5.2671e-05
11.169 0.00027975 6.5149e-05
11.227 0.00026878 6.3054e-05
11.285 0.00023403 5.6306e-05
11.343 0.00029445 6.788e-05
11.401 0.00027695 6.4498e-05
11.459 0.00020864 5.1506e-05
11.517 0.00026045 6.1337e-05
11.575 0.00023421 5.6348e-05
11.633 0.00019717 4.9256e-05
11.691 0.00024705 5.8904e-05
11.749 0.00022944 5.5465e-05
11.807 0.00024346 5.8047e-05
11.865 0.0001798 4.5817e-05
11.923 0.00024108 5.7736e-05
11.981 0.00024537 5.8503e-05
12.039 0.00023827 5.7061e-05
12.097 0.0002284 5.5212e-05
12.155 0.00021332 5.237e-05
12.213 0.00026269 6.1864e-05
12.271 0.0002808 6.5167e-05
12.329 0.0002117 5.1971e-05
12.388 0.00020047 4.9777e-05
12.446 0.00029419 6.782e-05
12.504 0.00020376 5.0302e-05
12.562 0.00024825 5.8938e-05
12.62 0.00022214 5.3965e-05
12.678 0.00021472 5.2432e-05
12.736 0.00025708 6.0543e-05
12.794 0.00022087 5.3656e-05
12.852 0.00025813 6.0789e-05
12.91 0.00022451 5.4271e-05
12.968 0.00020139 4.9716e-05
13.026 0.00028384 6.565e-05
13.084 0.00024751 5.8763e-05
13.142 0.00028341 6.555e-05
13.2 0.00024388 5.7901e-05
13.258 0.00028969 6.6782e-05
13.316 0.00024607 5.8421e-05
13.374 0.00022982 5.5292e-05
13.432 0.00022391 5.4126e-05
13.49 0.000267 6.2404e-05
13.548 0.00023059 5.5477e-05
13.606 0.00022957 5.5231e-05
13.664 0.00018687 4.6979e-05
13.722 0.00028731 6.6233e-05
13.78 0.0002417 5.763e-05
13.838 0.00022887 5.5063e-05
13.896 0.00021211 5.1795e-05
13.954 0.00027637 6.4138e-05
14.012 0.00021206 5.1782e-05
14.07 0.00019165 4.7876e-05
14.128 0.00020547 5.0443e-05
14.186 0.00022679 5.4564e-05
14.244 0.00020175 4.9804e-05
14.302 0.00023822 5.6799e-05
14.36 0.00028832 6.6257e-05
14.418 0.00024244 5.756e-05
14.476 0.00023703 5.6515e-05
14.534 0.00024793 5.862e-05
14.592 0.00017791 4.5023e-05
14.65 0.00022602 5.4377e-05
14.708 0.00025428 5.9882e-05
14.766 0.00028508 6.5721e-05
14.824 0.00024015 5.7015e-05
14.882 0.00027957 6.4663e-05
14.94 0.0002266 5.4518e-05
14.998 0.0002037 5.0007e-05
15.056 0.00016666 4.2775e-05
15.114 0.00020378 5.0027e-05
15.173 0.00023692 5.649e-05
15.231 0.00026148 6.1114e-05
15.289 0.00026488 6.1687e-05
15.347 0.00025456 5.9718e-05
15.405 0.00021374 5.1925e-05
15.463 0.00019616 4.8424e-05
15.521 0.00019622 4.8439e-05
15.579 0.00026356 6.1379e-05
15.637 0.00022797 5.4596e-05
15.695 0.00027993 6.4534e-05
15.753 0.00019482 4.8095e-05
15.811 0.00023702 5.6273e-05
15.869 0.00023347 5.5667e-05
15.927 0.00022613 5.4156e-05
15.985 0.00017405 4.4044e-05
16.043 0.00019527 4.8206e-05
16.101 0.00027325 6.3201e-05
16.159 0.00020656 5.044e-05
16.217 0.00024957 5.8549e-05
16.275 0.00022053 5.3057e-05
16.333 0.0001963 4.8461e-05
16.391 0.00020922 5.0826e-05
16.449 0.00023352 5.5441e-05
16.507 0.00019423 4.7948e-05
16.565 0.00022066 5.3089e-05
16.623 0.00027105 6.2691e-05
16.681 0.00024272 5.7162e-05
16.739 0.0002527 5.9061e-05
16.797 0.00014778 3.885e-05
16.855 0.00019543 4.7977e-05
16.913 0.00022677 5.4069e-05
16.971 0.0002515 5.8781e-05
17.029 0.00027111 6.25e-05
17.087 0.0002417 5.6921e-05
17.145 0.00024223 5.6827e-05
17.203 0.00020509 4.9823e-05
17.261 0.00025111 5.869e-05
17.319 0.00019946 4.8705e-05
17.377 0.00017851 4.4594e-05
17.435 0.00023836 5.6134e-05
17.493 0.00024493 5.7459e-05
17.551 0.00020928 5.0591e-05
17.609 0.00021642 5.183e-05
17.667 0.00019888 4.8563e-05
17.725 0.00018295 4.5427e-05
17.783 0.00024184 5.6734e-05
17.841 0.000172 4.3239e-05
17.9 0.00021102 5.0768e-05
17.958 0.00023721 5.5863e-05
18.016 0.00016179 4.1226e-05
18.074 0.00028069 6.3927e-05
18.132 0.00024509 5.7283e-05
18.19 0.00022472 5.3353e-05
18.248 0.00022914 5.4178e-05
18.306 0.00016921 4.2538e-05
18.364 0.00023324 5.4927e-05
18.422 0.00025824 5.9727e-05
18.48 0.00022152 5.2593e-05
18.538 0.00021717 5.178e-05
18.596 0.00030964 6.9411e-05
18.654 0.00022167 5.2627e-05
18.712 0.00023743 5.57e-05
18.77 0.00020094 4.8575e-05
18.828 0.00025807 5.9494e-05
18.886 0.00019293 4.711e-05
18.944 0.00024333 5.6667e-05
19.002 0.00024297 5.6583e-05
19.06 0.00020482 4.9277e-05
19.118 0.00024968 5.7944e-05
19.176 0.0001706 4.2617e-05
19.234 0.00020766 4.9733e-05
19.292 0.00023244 5.4529e-05
19.35 0.00026538 6.0797e-05
19.408 0.0002602 5.9794e-05
19.466 0.00018676 4.5604e-05
19.524 0.00023439 5.4782e-05
19.582 0.00024556 5.6987e-05
19.64 0.00019156 4.6536e-05
19.698 0.00019995 4.8105e-05
19.756 0.00025115 5.7897e-05
19.814 0.00017314 4.2991e-05
19.872 0.00021319 5.0615e-05
19.93 0.00025879 5.9288e-05
19.988 0.00020385 4.8819e-05
20.046 0.00026034 5.9642e-05
20.104 0.00021206 5.0346e-05
20.162 0.00020553 4.9005e-05
20.22 0.00019892 4.7857e-05
20.278 0.00019307 4.6672e-05
20.336 0.00022943 5.3624e-05
20.394 0.00018642 4.5288e-05
20.452 0.00023753 5.5123e-05
20.51 0.00019145 4.6281e-05
20.568 0.00019482 4.6871e-05
20.626 0.00023412 5.4332e-05
20.685 0.00017513 4.2993e-05
20.743 0.00024801 5.6994e-05
20.801 0.00019332 4.6509e-05
20.859 0.00016046 4.0083e-05
20.917 0.0002144 5.049e-05
20.975 0.00017824 4.3525e-05
21.033 0.00021821 5.1191e-05
21.091 0.00019834 4.729e-05
21.149 0.00019075 4.5892e-05
21.207 0.00022159 5.179e-05
21.265 0.00022854 5.3038e-05
21.323 0.00017382 4.2445e-05
21.381 0.0002121 4.9949e-05
21.439 0.00023364 5.4038e-05
21.497 0.0002006 4.7626e-05
21.555 0.00018127 4.3819e-05
21.613 0.00022474 5.2156e-05
21.671 0.00024731 5.6487e-05
21.729 0.00019805 4.7021e-05
21.787 0.00024358 5.5635e-05
21.845 0.00020517 4.8317e-05
21.903 0.00020533 4.8354e-05
21.961 0.00021983 5.1016e-05
22.019 0.00018471 4.4236e-05
22.077 0.00015129 3.7794e-05
22.135 0.00019766 4.6735e-05
22.193 0.00020115 4.7371e-05
22.251 0.00022861 5.2534e-05
22.309 0.00018308 4.3845e-05
22.367 0.00025417 5.7411e-05
22.425 0.00020867 4.8771e-05
22.483 0.00018116 4.3385e-05
22.541 0.00019456 4.6001e-05
22.599 0.00018593 4.4332e-05
22.657 0.0002228 5.1362e-05
22.715 0.00021245 4.9304e-05
22.773 0.00020907 4.8689e-05
22.831 0.00020915 4.8707e-05
22.889 0.00023986 5.4472e-05
22.947 0.00019988 4.6717e-05
23.005 0.00022564 5.1693e-05
23.063 0.00022125 5.0845e-05
23.121 0.0001673 4.0442e-05
23.179 0.00023709 5.3696e-05
23.237 0.00022928 5.2218e-05
23.295 0.00021441 4.9429e-05
23.353 0.00019551 4.5696e-05
23.412 0.00019854 4.6237e-05
23.47 0.0002056 4.7552e-05
23.528 0.00017881 4.2452e-05
23.586 0.00024419 5.4875e-05
23.644 0.00021044 4.836e-05
23.702 0.00019138 4.4729e-05
23.76 0.00017542 4.1647e-05
23.818 0.00023922 5.3758e-05
23.876 0.00026991 5.9452e-05
23.934 0.00019159 4.4618e-05
23.992 0.00024354 5.4464e-05
24.05 0.00026527 5.8547e-05
24.108 0.00019485 4.5068e-05
24.166 0.00025067 5.5676e-05
24.224 0.00020869 4.7668e-05
24.282 0.00021257 4.8411e-05
24.34 0.00022151 5.0034e-05
24.398 0.00022886 5.1429e-05
24.456 0.0002066 4.719e-05
24.514 0.00017644 4.1393e-05
24.572 0.00021846 4.9346e-05
24.63 0.00021029 4.7756e-05
24.688 0.00020979 4.7644e-05
24.746 0.00016609 3.9271e-05
24.804 0.00020862 4.7248e-05
24.862 0.00024049 5.3299e-05
24.92 0.00027391 5.9562e-05
24.978 0.00017851 4.1427e-05
25.036 0.00021059 4.7443e-05
25.094 0.00020304 4.5984e-05
25.152 0.0001861 4.2766e-05
25.21 0.00021367 4.7899e-05
25.268 0.00023878 5.2594e-05
25.326 0.00019546 4.439e-05
25.384 0.00021175 4.7467e-05
25.442 0.00020719 4.6559e-05
25.5 0.00026518 5.7381e-05
25.558 0.00018101 4.1469e-05
25.616 0.00018928 4.2986e-05
25.674 0.00019488 4.402e-05
25.732 0.00024911 5.4168e-05
25.79 0.00021284 4.7274e-05
25.848 0.00025953 5.607e-05
25.906 0.00021035 4.6721e-05
25.964 0.00020509 4.5655e-05
26.022 0.00019041 4.2898e-05
26.08 0.00014934 3.5033e-05
26.138 0.00017634 4.016e-05
26.197 0.00019157 4.2945e-05
26.255 0.00019441 4.3476e-05
26.313 0.00021802 4.7927e-05
26.371 0.00020471 4.537e-05
26.429 0.00019252 4.2954e-05
26.487 0.00020029 4.439e-05
26.545 0.00021568 4.7234e-05
26.603 0.00021832 4.7639e-05
26.661 0.0002156 4.7046e-05
26.719 0.00024057 5.1665e-05
26.777 0.00017957 4.0158e-05
26.835 0.00025512 5.4279e-05
26.893 0.00021154 4.6e-05
26.951 0.00019671 4.3159e-05
27.009 0.00022371 4.8185e-05
27.067 0.00020629 4.4857e-05
27.125 0.00021211 4.5825e-05
27.183 0.00016075 3.6035e-05
27.241 0.00016961 3.7672e-05
27.299 0.00023237 4.9377e-05
27.357 0.00022636 4.822e-05
27.415 0.00021617 4.6232e-05
27.473 0.00021282 4.5576e-05
27.531 0.00018309 3.9882e-05
27.589 0.00018577 4.0327e-05
27.647 0.00015984 3.5349e-05
27.705 0.0002322 4.8892e-05
27.763 0.00019063 4.094e-05
27.821 0.00019533 4.1718e-05
27.879 0.00020637 4.3694e-05
27.937 0.00023329 4.8688e-05
27.995 0.00019495 4.1376e-05
28.053 0.00018658 3.9697e-05
28.111 0.00021869 4.5682e-05
28.169 0.00021858 4.5536e-05
28.227 0.00021186 4.4214e-05
28.285 0.00024601 5.0472e-05
28.343 0.00019973 4.1722e-05
28.401 0.00020818 4.322e-05
28.459 0.0002154 4.4438e-05
28.517 0.0002189 4.4969e-05
28.575 0.00023144 4.7189e-05
28.633 0.0001983 4.0822e-05
28.691 0.00023101 4.6752e-05
28.749 0.00020977 4.2604e-05
28.807 0.00022687 4.5681e-05
28.865 0.00020663 4.1816e-05
28.924 0.00019169 3.8892e-05
28.982 0.00019838 3.998e-05
29.04 0.00019944 3.9994e-05
29.098 0.00019515 3.8964e-05
29.156 0.0001864 3.7082e-05
29.214 0.00018094 3.5775e-05
29.272 0.00019271 3.7645e-05
29.33 0.00019578 3.7951e-05
29.388 0.00020034 3.818e-05
29.446 0.00019617 3.7504e-05
29.504 0 1
29.562 0 1
29.62 0 1
29.678 0 1
