-29.678 0 1
-29.62 0 1
-29.562 0 1
-29.504 0.00025196 4.8385e-05
-29.446 0.00023315 4.4741e-05
-29.388 0.00022673 4.4405e-05
-29.33 0.00022778 4.4978e-05
-29.272 0.0002291 4.5619e-05
-29.214 0.0002343 4.7015e-05
-29.156 0.00024982 5.0309e-05
-29.098 0.00023514 4.7867e-05
-29.04 0.00024777 5.0465e-05
-28.982 0.00020075 4.1854e-05
-28.924 0.00023896 4.9208e-05
-28.865 0.00026935 5.5079e-05
-28.807 0.00021557 4.5192e-05
-28.749 0.00028149 5.7812e-05
-28.691 0.0002138 4.5342e-05
-28.633 0.00019662 4.2291e-05
-28.575 0.00026411 5.5161e-05
-28.517 0.00021077 4.5271e-05
-28.459 0.00024801 5.2477e-05
-28.401 0.00018731 4.1159e-05
-28.343 0.00021527 4.658e-05
-28.285 0.00022162 4.7954e-05
-28.227 0.00018471 4.1086e-05
-28.169 0.00021104 4.6202e-05
-28.111 0.00021842 4.7651e-05
-28.053 0.00026893 5.7307e-05
-27.995 0.00021279 4.6848e-05
-27.937 0.00022208 4.8709e-05
-27.879 0.00018656 4.209e-05
-27.821 0.00022964 5.0366e-05
-27.763 0.00023642 5.1854e-05
-27.705 0.0002649 5.7318e-05
-27.647 0.0001942 4.4046e-05
-27.589 0.00024394 5.3603e-05
-27.531 0.00024559 5.407e-05
-27.473 0.00027021 5.8749e-05
-27.415 0.00023603 5.2389e-05
-27.357 0.00021097 4.7721e-05
-27.299 0.00023955 5.3286e-05
-27.241 0.00019723 4.5246e-05
-27.183 0.00022513 5.0665e-05
-27.125 0.0002318 5.2038e-05
-27.067 0.00028668 6.2542e-05
-27.009 0.00026317 5.8169e-05
-26.951 0.0002437 5.4579e-05
-26.893 0.00020989 4.8299e-05
-26.835 0.00019745 4.6044e-05
-26.777 0.00023024 5.2362e-05
-26.719 0.00020883 4.8366e-05
-26.661 0.00023611 5.3696e-05
-26.603 0.00024782 5.6056e-05
-26.545 0.00024943 5.6421e-05
-26.487 0.00022549 5.1888e-05
-26.429 0.00031088 6.8184e-05
-26.371 0.00024705 5.6184e-05
-26.313 0.00023153 5.3278e-05
-26.255 0.00023137 5.3242e-05
-26.197 0.00024158 5.5255e-05
-26.138 0.00025201 5.7313e-05
-26.08 0.00032218 7.0665e-05
-26.022 0.00027509 6.1757e-05
-25.964 0.00019992 4.7526e-05
-25.906 0.00023785 5.4908e-05
-25.848 0.00022089 5.1695e-05
-25.79 0.00021335 5.0309e-05
-25.732 0.00022519 5.2702e-05
-25.674 0.00020346 4.8573e-05
-25.616 0.00026798 6.0945e-05
-25.558 0.00023637 5.493e-05
-25.5 0.00024402 5.6516e-05
-25.442 0.00031111 6.9355e-05
-25.384 0.00018623 4.553e-05
-25.326 0.00020066 4.8338e-05
-25.268 0.00021721 5.1635e-05
-25.21 0.00023806 5.5714e-05
-25.152 0.00027627 6.3008e-05
-25.094 0.00020158 4.879e-05
-25.036 0.00014892 3.8555e-05
-24.978 0.00022842 5.4078e-05
-24.92 0.0002046 4.9522e-05
-24.862 0.00021464 5.1468e-05
-24.804 0.00024232 5.6923e-05
-24.746 0.00023336 5.5247e-05
-24.688 0.00027503 6.3288e-05
-24.63 0.00022985 5.4639e-05
-24.572 0.00024776 5.8201e-05
-24.514 0.00026632 6.1889e-05
-24.456 0.00023563 5.6013e-05
-24.398 0.00015386 4.0152e-05
-24.34 0.0002333 5.5697e-05
-24.282 0.00023832 5.6655e-05
-24.224 0.00025507 5.9917e-05
-24.166 0.00025456 5.9799e-05
-24.108 0.00030484 6.9523e-05
-24.05 0.00019077 4.7711e-05
-23.992 0.00024872 5.8884e-05
-23.934 0.00025008 5.9205e-05
-23.876 0.00018167 4.6025e-05
-23.818 0.00021522 5.2619e-05
-23.76 0.00021996 5.3502e-05
-23.702 0.00025377 6.0079e-05
-23.644 0.00024843 5.9058e-05
-23.586 0.00020193 5.0199e-05
-23.528 0.00022901 5.5429e-05
-23.47 0.00021765 5.3213e-05
-23.412 0.0002579 6.1057e-05
-23.353 0.00019844 4.9631e-05
-23.295 0.00023151 5.6034e-05
-23.237 0.00025873 6.1253e-05
-23.179 0.00024468 5.8672e-05
-23.121 0.00025825 6.1393e-05
-23.063 0.00019027 4.8203e-05
-23.005 0.00024657 5.9126e-05
-22.947 0.00021446 5.3005e-05
-22.889 0.0002789 6.5515e-05
-22.831 0.00023289 5.6648e-05
-22.773 0.00023822 5.7659e-05
-22.715 0.00021693 5.3617e-05
-22.657 0.00019019 4.8518e-05
-22.599 0.00022533 5.5383e-05
-22.541 0.00017797 4.6077e-05
-22.483 0.0002378 5.784e-05
-22.425 0.00025588 6.1358e-05
-22.367 0.00022131 5.4698e-05
-22.309 0.00022741 5.5895e-05
-22.251 0.00019954 5.0552e-05
-22.193 0.00023635 5.7785e-05
-22.135 0.00024612 5.9569e-05
-22.077 0.00021738 5.4039e-05
-22.019 0.00017242 4.5375e-05
-21.961 0.00027996 6.628e-05
-21.903 0.00016707 4.4356e-05
-21.845 0.00025047 6.0622e-05
-21.787 0.00019742 5.0361e-05
-21.729 0.00021174 5.3292e-05
-21.671 0.00027104 6.4707e-05
-21.613 0.00017438 4.589e-05
-21.555 0.00023694 5.8239e-05
-21.497 0.00021436 5.3949e-05
-21.439 0.00027672 6.6062e-05
-21.381 0.00026757 6.416e-05
-21.323 0.00023499 5.808e-05
-21.265 0.0002098 5.3151e-05
-21.207 0.00023538 5.8178e-05
-21.149 0.0002773 6.62e-05
-21.091 0.0002297 5.7102e-05
-21.033 0.00022523 5.6331e-05
-20.975 0.00027575 6.6123e-05
-20.917 0.00025419 6.1828e-05
-20.859 0.00028828 6.853e-05
-20.801 0.0001634 4.4219e-05
-20.743 0.00023764 5.8734e-05
-20.685 0.00023173 5.7608e-05
-20.626 0.00016402 4.4386e-05
-20.568 0.0002478 6.0907e-05
-20.51 0.00022171 5.5801e-05
-20.452 0.00023322 5.7977e-05
-20.394 0.00026663 6.4535e-05
-20.336 0.00021682 5.4931e-05
-20.278 0.00017882 4.7476e-05
-20.22 0.00019744 5.1117e-05
-20.162 0.00027673 6.6661e-05
-20.104 0.00025063 6.1602e-05
-20.046 0.00020614 5.2967e-05
-19.988 0.00021856 5.537e-05
-19.93 0.00018047 4.7913e-05
-19.872 0.0002735 6.6197e-05
-19.814 0.00020688 5.3158e-05
-19.756 0.00025293 6.2168e-05
-19.698 0.0001559 4.3102e-05
-19.64 0.00029602 7.067e-05
-19.582 0.00023593 5.9005e-05
-19.524 0.00023468 5.8693e-05
-19.466 0.00028873 6.9235e-05
-19.408 0.00028409 6.8435e-05
-19.35 0.00025102 6.2043e-05
-19.292 0.00017084 4.6233e-05
-19.234 0.00017795 4.7686e-05
-19.176 0.00023464 5.9056e-05
-19.118 0.00033795 7.8808e-05
-19.06 0.00023828 5.9593e-05
-19.002 0.0001993 5.2011e-05
-18.944 0.00026757 6.5417e-05
-18.886 0.00023419 5.8941e-05
-18.828 0.00018629 4.946e-05
-18.77 0.00024179 6.0473e-05
-18.712 0.00025714 6.3555e-05
-18.654 0.00020727 5.3663e-05
-18.596 0.00024025 6.0088e-05
-18.538 0.00027574 6.7068e-05
-18.48 0.00029996 7.1929e-05
-18.422 0.00024376 6.0965e-05
-18.364 0.00023584 5.9356e-05
-18.306 0.0002984 7.1554e-05
-18.248 0.00026578 6.5326e-05
-18.19 0.00027313 6.6776e-05
-18.132 0.00028492 6.8961e-05
-18.074 0.00030183 7.2376e-05
-18.016 0.00024952 6.2405e-05
-17.958 0.00024664 6.1685e-05
-17.9 0.00027399 6.6987e-05
-17.841 0.00028868 6.987e-05
-17.783 0.00019368 5.142e-05
-17.725 0.00020817 5.4327e-05
-17.667 0.00023342 5.9135e-05
-17.609 0.00022168 5.696e-05
-17.551 0.00020933 5.4629e-05
-17.493 0.00020764 5.4188e-05
-17.435 0.00020812 5.4314e-05
-17.377 0.00022192 5.7021e-05
-17.319 0.00013996 4.0749e-05
-17.261 0.000328 7.7654e-05
-17.203 0.00020043 5.2745e-05
-17.145 0.00023806 6.0312e-05
-17.087 0.0002527 6.3199e-05
-17.029 0.00018839 5.0484e-05
-16.971 0.00023067 5.8843e-05
-16.913 0.00027117 6.6651e-05
-16.855 0.00029022 7.0592e-05
-16.797 0.00018272 4.9447e-05
-16.739 0.00013248 3.9167e-05
-16.681 0.00022546 5.7932e-05
-16.623 0.00027508 6.7611e-05
-16.565 0.00023964 6.0711e-05
-16.507 0.00028221 6.8997e-05
-16.449 0.00023294 5.9423e-05
-16.391 0.00019293 5.1699e-05
-16.333 0.00026188 6.5103e-05
-16.275 0.00020399 5.3683e-05
-16.217 0.00020002 5.3104e-05
-16.159 0.00019253 5.1594e-05
-16.101 0.00024216 6.135e-05
-16.043 0.00024132 6.1138e-05
-15.985 0.00022089 5.719e-05
-15.927 0.00027216 6.7267e-05
-15.869 0.00027134 6.7066e-05
-15.811 0.00030579 7.3662e-05
-15.753 0.00022896 5.883e-05
-15.695 0.00030343 7.3442e-05
-15.637 0.00021538 5.6208e-05
-15.579 0.00016541 4.6269e-05
-15.521 0.00022262 5.7637e-05
-15.463 0.00027625 6.8277e-05
-15.405 0.00023839 6.0812e-05
-15.347 0.00022229 5.7551e-05
-15.289 0.00019586 5.2485e-05
-15.231 0.00021104 5.5537e-05
-15.173 0.00022515 5.8292e-05
-15.114 0.00021712 5.6662e-05
-15.056 0.00024645 6.2436e-05
-14.998 0.00019654 5.2668e-05
-14.94 0.00016823 4.7059e-05
-14.882 0.00019514 5.2293e-05
-14.824 0.00027763 6.8619e-05
-14.766 0.00021323 5.6114e-05
-14.708 0.0002187 5.7075e-05
-14.65 0.00021766 5.6802e-05
-14.592 0.0002485 6.2956e-05
-14.534 0.00023313 5.9903e-05
-14.476 0.00031606 7.6135e-05
-14.418 0.00018201 4.9769e-05
-14.36 0.00026527 6.6344e-05
-14.302 0.00027209 6.7641e-05
-14.244 0.00022719 5.882e-05
-14.186 0.00024015 6.1262e-05
-14.128 0.00035342 8.3339e-05
-14.07 0.00033325 7.9559e-05
-14.012 0.00027983 6.9162e-05
-13.954 0.00021248 5.5916e-05
-13.896 0.00028162 6.9606e-05
-13.838 0.00024446 6.2362e-05
-13.78 0.00025994 6.5423e-05
-13.722 0.00028694 7.0528e-05
-13.664 0.00020752 5.5095e-05
-13.606 0.00021685 5.7067e-05
-13.548 0.00020738 5.5058e-05
-13.49 0.00020737 5.5056e-05
-13.432 0.00026034 6.5523e-05
-13.374 0.00021061 5.5916e-05
-13.316 0.000201 5.3862e-05
-13.258 0.00026649 6.6649e-05
-13.2 0.00019388 5.2468e-05
-13.142 0.00018679 5.1077e-05
-13.084 0.0003725 8.7177e-05
-13.026 0.00022988 5.9515e-05
-12.968 0.00024734 6.3097e-05
-12.91 0.00017926 4.9562e-05
-12.852 0.0002332 6.0376e-05
-12.794 0.00026082 6.5643e-05
-12.736 0.000254 6.435e-05
-12.678 0.00023515 6.0881e-05
-12.62 0.00020106 5.3879e-05
-12.562 0.00025301 6.4099e-05
-12.504 0.00035477 8.3991e-05
-12.446 0.00027753 6.8993e-05
-12.388 0.00024871 6.3447e-05
-12.329 0.00035791 8.4399e-05
-12.271 0.00025613 6.4889e-05
-12.213 0.00028702 7.094e-05
-12.155 0.00025721 6.5162e-05
-12.097 0.00033659 8.0355e-05
-12.039 0.0002277 5.9422e-05
-11.981 0.00018191 5.0293e-05
-11.923 0.00021809 5.7394e-05
-11.865 0.00027158 6.7923e-05
-11.807 0.00030034 7.3428e-05
-11.749 0.00031163 7.5798e-05
-11.691 0.0001893 5.1763e-05
-11.633 0.00021073 5.5948e-05
-11.575 0.00022655 5.9122e-05
-11.517 0.00016016 4.5973e-05
-11.459 0.00025769 6.5285e-05
-11.401 0.00015146 4.4099e-05
-11.343 0.00033448 8.0205e-05
-11.285 0.00019748 5.3441e-05
-11.227 0.00025862 6.5521e-05
-11.169 0.00019611 5.3071e-05
-11.111 0.00023563 6.1005e-05
-11.053 0.00031366 7.6292e-05
-10.995 0.00025959 6.5767e-05
-10.937 0.00025057 6.3919e-05
-10.879 0.00025941 6.572e-05
-10.821 0.00031343 7.6237e-05
-10.763 0.00025083 6.3985e-05
-10.705 0.00025859 6.5514e-05
-10.647 0.00030032 7.3817e-05
-10.589 0.00023815 6.1658e-05
-10.531 0.00020751 5.5608e-05
-10.473 0.00031334 7.6215e-05
-10.415 0.00020678 5.5413e-05
-10.357 0.00027685 6.924e-05
-10.299 0.00034649 8.272e-05
-10.241 0.00020653 5.5344e-05
-10.183 0.00022889 5.9734e-05
-10.125 0.00026216 6.6416e-05
-10.067 0.00025329 6.4614e-05
-10.009 0.00023649 6.1228e-05
-9.9506 0.00019988 5.4092e-05
-9.8926 0.0002319 6.0519e-05
-9.8346 0.00020066 5.4302e-05
-9.7766 0.00033639 8.0662e-05
-9.7185 0.00029117 7.1966e-05
-9.6605 0.00024779 6.3669e-05
-9.6025 0.00019291 5.2751e-05
-9.5445 0.00016885 4.7827e-05
-9.4864 0.00027905 6.9789e-05
-9.4284 0.0002477 6.3646e-05
-9.3704 0.00020101 5.4396e-05
-9.3124 0.00019187 5.2465e-05
-9.2544 0.00025561 6.5206e-05
-9.1963 0.00022526 5.9281e-05
-9.1383 0.00023235 6.0635e-05
-9.0803 0.00024562 6.3112e-05
-9.0223 0.00021712 5.7645e-05
-8.9643 0.00021022 5.6333e-05
-8.9062 0.00024136 6.249e-05
-8.8482 0.00032451 7.8543e-05
-8.7902 0.00020234 5.4756e-05
-8.7322 0.00027235 6.8547e-05
-8.6742 0.00020935 5.61e-05
-8.6161 0.00018519 5.1201e-05
-8.5581 0.00032536 7.8749e-05
-8.5001 0.00036653 8.6774e-05
-8.4421 0.00021747 5.7737e-05
-8.384 0.00018473 5.1074e-05
-8.326 0.00024296 6.2903e-05
-8.268 0.0002588 6.6019e-05
-8.21 0.00028702 7.1352e-05
-8.152 0.00029984 7.3699e-05
-8.0939 0.00035817 8.5145e-05
-8.0359 0.00021878 5.8085e-05
-7.9779 0.00034117 8.181e-05
-7.9199 0.00026356 6.6771e-05
-7.8619 0.00024224 6.2718e-05
-7.8038 0.00018123 5.0696e-05
-7.7458 0.00022053 5.8548e-05
-7.6878 0.00024048 6.2262e-05
-7.6298 0.00022585 5.9434e-05
-7.5718 0.00026764 6.7805e-05
-7.5137 0.00031486 7.6978e-05
-7.4557 0.00026543 6.7246e-05
-7.3977 0.00033548 8.0814e-05
-7.3397 0.00025116 6.4536e-05
-7.2816 0.00034644 8.3073e-05
-7.2236 0.00036162 8.5965e-05
-7.1656 0.00022631 5.9556e-05
-7.1076 0.00035627 8.5053e-05
-7.0496 0.00033386 8.0806e-05
-6.9915 0.00035615 8.4664e-05
-6.9335 0.00025198 6.4745e-05
-6.8755 0.00036786 8.7449e-05
-6.8175 0.00030321 7.4527e-05
-6.7595 0.00022702 5.9743e-05
-6.7014 0.00022917 6.0308e-05
-6.6434 0.00024026 6.2203e-05
-6.5854 0.00024739 6.405e-05
-6.5274 0.00029988 7.3709e-05
-6.4694 0.0001359 4.1576e-05
-6.4113 0.0002641 6.6909e-05
-6.3533 0.00022922 6.0322e-05
-6.2953 0.00024781 6.3673e-05
-6.2373 0.00022192 5.8919e-05
-6.1792 0.0001563 4.5508e-05
-6.1212 0.00019896 5.4404e-05
-6.0632 0.00023385 6.1029e-05
-6.0052 0.00029772 7.3585e-05
-5.9472 0.00029366 7.3003e-05
-5.8891 0.00032061 7.7984e-05
-5.8311 0.00017858 4.9955e-05
-5.7731 0.00026408 6.7367e-05
-5.7151 0.00027051 6.8083e-05
-5.6571 0.00026118 6.6628e-05
-5.599 0.00025072 6.4421e-05
-5.541 0.00028907 7.1862e-05
-5.483 0.00026038 6.6423e-05
-5.425 0.00026665 6.7556e-05
-5.3669 0.00026784 6.7856e-05
-5.3089 0.00025044 6.4349e-05
-5.2509 0.000291 7.2342e-05
-5.1929 0.00033224 8.0414e-05
-5.1349 0.00029895 7.3889e-05
-5.0768 0.00025128 6.4567e-05
-5.0188 0.00022186 5.8904e-05
-4.9608 0.00034513 8.276e-05
-4.9028 0.00025107 6.4512e-05
-4.8448 0.00026603 6.7397e-05
-4.7867 0.00023122 6.0848e-05
-4.7287 0.0002766 6.9616e-05
-4.6707 0.00022744 5.9854e-05
-4.6127 0.0003052 7.5016e-05
-4.5547 0.00027051 6.8531e-05
-4.4966 0.0002831 7.0804e-05
-4.4386 0.00031312 7.6554e-05
-4.3806 0.00031381 7.672e-05
-4.3226 0.00035287 8.4614e-05
-4.2645 0.00021377 5.7283e-05
-4.2065 0.00024806 6.3739e-05
-4.1485 0.00024584 6.3648e-05
-4.0905 0.00042022 9.7324e-05
-4.0325 0.00037382 8.8501e-05
-3.9744 0.00017361 4.9174e-05
-3.9164 0.00020461 5.5372e-05
-3.8584 0.00032516 7.9091e-05
-3.8004 0.00040874 9.4985e-05
-3.7424 0.00029877 7.3843e-05
-3.6843 0.00026752 6.7774e-05
-3.6263 0.00029493 7.3318e-05
-3.5683 0.00026745 6.7758e-05
-3.5103 0.00031546 7.7125e-05
-3.4523 0.00034059 8.2044e-05
-3.3942 0.00028308 7.0798e-05
-3.3362 0.00028484 7.124e-05
-3.2782 0.00031866 7.7908e-05
-3.2202 0.00024103 6.2403e-05
-3.1621 0.0003701 8.7619e-05
-3.1041 0.00032351 7.9092e-05
-3.0461 0.00032386 7.8387e-05
-2.9881 0.00024775 6.4142e-05
-2.9301 0.00032563 7.9611e-05
-2.872 0.00031442 7.6477e-05
-2.814 0.00032391 7.9191e-05
-2.756 0.00030965 7.5703e-05
-2.698 0.00032964 8.0178e-05
-2.64 0.0003153 7.7085e-05
-2.5819 0.00025655 6.592e-05
-2.5239 0.00030186 7.4195e-05
-2.4659 0.00031591 7.7647e-05
-2.4079 0.00038006 8.9621e-05
-2.3499 0.00036869 8.7645e-05
-2.2918 0.00028685 7.0898e-05
-2.2338 0.00035403 8.6111e-05
-2.1758 0.00025228 6.3914e-05
-2.1178 0.00029206 7.3043e-05
-2.0597 0.00036527 8.7202e-05
-2.0017 0.00037285 8.726e-05
-1.9437 0.0004131 9.7413e-05
-1.8857 0.00046646 0.00010551
-1.8277 0.00046131 0.00010408
-1.7696 0.00041292 9.816e-05
-1.7116 0.00040996 9.4339e-05
-1.6536 0.00054994 0.00012156
-1.5956 0.00062307 0.00013641
-1.5376 0.00050877 0.00011479
-1.4795 0.00067444 0.00014428
-1.4215 0.00078378 0.00016603
-1.3635 0.0011916 0.00024194
-1.3055 0.0012533 0.00025691
-1.2475 0.0016401 0.00032496
-1.1894 0.0019068 0.00037594
-1.1314 0.0025622 0.00049816
-1.0734 0.0035757 0.000687
-1.0154 0.0041462 0.00079496
-0.95735 0.0046166 0.00088189
-0.89933 0.0050105 0.0009565
-0.84131 0.0053265 0.0010147
-0.78328 0.0069775 0.0013202
-0.72526 0.0068143 0.0012918
-0.66724 0.0075002 0.0014212
-0.60922 0.0075229 0.0014239
-0.5512 0.0082551 0.0015598
-0.49318 0.008708 0.0016448
-0.43516 0.0081144 0.001534
-0.37714 0.0085406 0.0016129
-0.31912 0.0072046 0.0013635
-0.26109 0.0082684 0.001565
-0.20307 0.0081764 0.0015452
-0.14505 0.0058084 0.0011038
-0.087032 0.0079374 0.0015012
-0.029011 0.0060399 0.0011462
0.029011 0.0066926 0.001269
0.087032 0.0039009 0.000748
0.14505 0.0045589 0.00087098
0.20307 0.0040964 0.00078655
0.26109 0.0022809 0.00044462
0.31912 0.0023555 0.00045922
0.37714 0.0019109 0.00037692
0.43516 0.0014493 0.00029061
0.49318 0.00088509 0.00018469
0.5512 0.00087546 0.00018353
0.60922 0.00080226 0.00017096
0.66724 0.00058771 0.0001289
0.72526 0.00043983 9.923e-05
0.78328 0.00038962 9.2242e-05
0.84131 0.00043905 0.00010203
0.89933 0.00036759 8.668e-05
0.95735 0.00050535 0.00011493
1.0154 0.00038044 8.8716e-05
1.0734 0.00032537 7.9141e-05
1.1314 0.00036027 8.5643e-05
1.1894 0.00036652 8.5779e-05
1.2475 0.00046118 0.00010754
1.3055 0.00030692 7.5037e-05
1.3635 0.00026056 6.6469e-05
1.4215 0.00030758 7.4813e-05
1.4795 0.00033827 8.2279e-05
1.5376 0.00030506 7.5398e-05
1.5956 0.0003285 7.9508e-05
1.6536 0.00028736 7.1023e-05
1.7116 0.00030945 7.7882e-05
1.7696 0.00023163 5.997e-05
1.8277 0.00022634 5.9564e-05
1.8857 0.00040545 9.5608e-05
1.9437 0.0002483 6.334e-05
2.0017 0.00025349 6.5628e-05
2.0597 0.00041183 9.6037e-05
2.1178 0.00029013 7.1709e-05
2.1758 0.00032175 7.9525e-05
2.2338 0.00020071 5.4315e-05
2.2918 0.00020336 5.5608e-05
2.3499 0.00037175 8.8011e-05
2.4079 0.00035802 8.585e-05
2.4659 0.00031575 7.7195e-05
2.5239 0.0003873 9.1327e-05
2.5819 0.00032689 7.951e-05
2.64 0.00031468 7.7345e-05
2.698 0.00023592 6.1567e-05
2.756 0.00026934 6.8708e-05
2.814 0.00028951 7.1972e-05
2.872 0.00022725 6.0334e-05
2.9301 0.00025155 6.5126e-05
2.9881 0.00020347 5.5063e-05
3.0461 0.00028449 7.1602e-05
3.1041 0.00026434 6.7432e-05
3.1621 0.00028452 7.1158e-05
3.2202 0.00021873 5.8613e-05
3.2782 0.00030335 7.4976e-05
3.3362 0.00019864 5.4317e-05
3.3942 0.00041076 9.5787e-05
3.4523 0.00025497 6.5514e-05
3.5103 0.00027878 7.0165e-05
3.5683 0.00025704 6.6046e-05
3.6263 0.00032687 7.9506e-05
3.6843 0.00032829 7.9852e-05
3.7424 0.00023069 6.0709e-05
3.8004 0.00031315 7.697e-05
3.8584 0.00029355 7.2974e-05
3.9164 0.00036584 8.6967e-05
3.9744 0.00031591 7.7648e-05
4.0325 0.00016856 4.8384e-05
4.0905 0.00030542 7.5486e-05
4.1485 0.00026882 6.8104e-05
4.2065 0.00028893 7.2262e-05
4.2645 0.00027584 6.9883e-05
4.3226 0.00016025 4.6658e-05
4.3806 0.00023741 6.1957e-05
4.4386 0.0002719 6.8885e-05
4.4966 0.00025049 6.4853e-05
4.5547 0.00032793 7.9763e-05
4.6127 0.00024637 6.3785e-05
4.6707 0.00024876 6.4403e-05
4.7287 0.00022757 6.0417e-05
4.7867 0.00030923 7.6007e-05
4.8448 0.00029265 7.2751e-05
4.9028 0.00030392 7.5116e-05
4.9608 0.00019916 5.4459e-05
5.0188 0.0002654 6.7703e-05
5.0768 0.0003415 8.2264e-05
5.1349 0.00024092 6.2872e-05
5.1929 0.00035169 8.4332e-05
5.2509 0.00018307 5.1211e-05
5.3089 0.00021686 5.8112e-05
5.3669 0.00028923 7.2336e-05
5.425 0.00026483 6.7559e-05
5.483 0.0002648 6.7551e-05
5.541 0.00023929 6.2447e-05
5.599 0.0002819 7.0948e-05
5.6571 0.00024686 6.3914e-05
5.7151 0.00030067 7.4746e-05
5.7731 0.00021542 5.7726e-05
5.8311 0.00025556 6.5664e-05
5.8891 0.00020247 5.5363e-05
5.9472 0.00023153 6.0931e-05
6.0052 0.00016701 4.7937e-05
6.0632 0.00028266 7.114e-05
6.1212 0.00022682 6.0219e-05
6.1792 0.00024888 6.4435e-05
6.2373 0.00014328 4.3063e-05
6.2953 0.00021857 5.8571e-05
6.3533 0.00020899 5.6557e-05
6.4113 0.00024375 6.3612e-05
6.4694 0.00019 5.2531e-05
6.5274 0.0002516 6.5139e-05
6.5854 0.00018496 5.174e-05
6.6434 0.00028862 7.2183e-05
6.7014 0.00027277 6.9106e-05
6.7595 0.00021563 5.7783e-05
6.8175 0.00023688 6.2339e-05
6.8755 0.00025814 6.6328e-05
6.9335 0.00022985 6.0488e-05
6.9915 0.0002507 6.4907e-05
7.0496 0.00029971 7.4506e-05
7.1076 0.00026532 6.7682e-05
7.1656 0.00023334 6.1406e-05
7.2236 0.000193 5.3361e-05
7.2816 0.00019469 5.3826e-05
7.3397 0.00027331 6.9241e-05
7.3977 0.00023363 6.1483e-05
7.4557 0.0002263 6.008e-05
7.5137 0.00020168 5.515e-05
7.5718 0.00016929 4.8592e-05
7.6298 0.0003006 7.4296e-05
7.6878 0.00025025 6.4791e-05
7.7458 0.00028339 7.1325e-05
7.8038 0.00021794 5.8401e-05
7.8619 0.00025513 6.5554e-05
7.9199 0.00024841 6.4313e-05
7.9779 0.0001537 4.5439e-05
8.0359 0.00020888 5.6528e-05
8.0939 0.00020634 5.5839e-05
8.152 0.00023804 6.2121e-05
8.21 0.00024934 6.4555e-05
8.268 0.000266 6.7855e-05
8.326 0.00018849 5.2113e-05
8.384 0.00027953 7.0353e-05
8.4421 0.00024129 6.2971e-05
8.5001 0.00021439 5.7451e-05
8.5581 0.00022263 5.9107e-05
8.6161 0.00027176 6.8849e-05
8.6742 0.00027091 6.8633e-05
8.7322 0.00020947 5.6686e-05
8.7902 0.00019061 5.27e-05
8.8482 0.00028094 7.0707e-05
8.9062 0.00018294 5.1176e-05
8.9643 0.00029669 7.3755e-05
9.0223 0.00015866 4.6195e-05
9.0803 0.00022419 5.9522e-05
9.1383 0.00016799 4.8221e-05
9.1963 0.0001771 5.0161e-05
9.2544 0.00028489 7.1252e-05
9.3124 0.00027135 6.8744e-05
9.3704 0.00025621 6.5833e-05
9.4284 0.00020596 5.5735e-05
9.4864 0.00020621 5.5804e-05
9.5445 0.00022187 5.8904e-05
9.6025 0.00020684 5.5973e-05
9.6605 0.00030399 7.5133e-05
9.7185 0.00023628 6.1662e-05
9.7766 0.00028568 7.1448e-05
9.8346 0.00023223 6.1115e-05
9.8926 0.00023023 6.0587e-05
9.9506 0.00022157 5.8825e-05
10.009 0.00021253 5.6952e-05
10.067 0.00020012 5.4721e-05
10.125 0.00027883 7.0177e-05
10.183 0.00025186 6.4716e-05
10.241 0.00020576 5.5683e-05
10.299 0.00025377 6.5204e-05
10.357 0.00021352 5.7216e-05
10.415 0.00025989 6.6299e-05
10.473 0.00020552 5.5618e-05
10.531 0.00025479 6.5469e-05
10.589 0.00022049 5.8538e-05
10.647 0.00019636 5.3695e-05
10.705 0.0002455 6.356e-05
10.763 0.0002451 6.3457e-05
10.821 0.00021242 5.6922e-05
10.879 0.0002816 7.0429e-05
10.937 0.00017352 4.915e-05
10.995 0.00027594 6.945e-05
11.053 0.0002286 6.0159e-05
11.111 0.00028712 7.1376e-05
11.169 0.00026838 6.7993e-05
11.227 0.00025259 6.4902e-05
11.285 0.0002193 5.8223e-05
11.343 0.00021186 5.6773e-05
11.401 0.0003204 7.7931e-05
11.459 0.00020543 5.5592e-05
11.517 0.00025767 6.5732e-05
11.575 0.00025081 6.4446e-05
11.633 0.00027586 6.9428e-05
11.691 0.000158 4.6004e-05
11.749 0.00019653 5.3741e-05
11.807 0.00025691 6.5539e-05
11.865 0.00024306 6.2929e-05
11.923 0.00014981 4.429e-05
11.981 0.00021186 5.6771e-05
12.039 0.00022598 5.947e-05
12.097 0.00025824 6.5877e-05
12.155 0.00018104 5.0642e-05
12.213 0.00022051 5.8544e-05
12.271 0.00017873 4.9996e-05
12.329 0.00024215 6.2693e-05
12.388 0.00031187 7.6248e-05
12.446 0.00024303 6.2921e-05
12.504 0.00023921 6.1931e-05
12.562 0.00020968 5.6189e-05
12.62 0.00018712 5.1734e-05
12.678 0.00019312 5.2807e-05
12.736 0.0002158 5.7294e-05
12.794 0.00022481 5.9162e-05
12.852 0.00025537 6.5146e-05
12.91 0.00021538 5.7182e-05
12.968 0.00022879 5.9708e-05
13.026 0.00021579 5.7291e-05
13.084 0.00019357 5.2931e-05
13.142 0.00021546 5.7203e-05
13.2 0.00021362 5.6715e-05
13.258 0.00018527 5.1224e-05
13.316 0.00019245 5.2624e-05
13.374 0.00021535 5.7174e-05
13.432 0.00019179 5.2444e-05
13.49 0.00018442 5.0989e-05
13.548 0.00026237 6.6471e-05
13.606 0.00020743 5.5585e-05
13.664 0.00026892 6.7681e-05
13.722 0.00013781 4.1419e-05
13.78 0.00023961 6.2035e-05
13.838 0.00019914 5.3891e-05
13.896 0.00020603 5.5211e-05
13.954 0.0002218 5.8369e-05
14.012 0.00027464 6.8688e-05
14.07 0.00018386 5.0833e-05
14.128 0.00019712 5.3345e-05
14.186 0.00022769 5.9421e-05
14.244 0.00025212 6.4315e-05
14.302 0.00019807 5.36e-05
14.36 0.00015087 4.3928e-05
14.418 0.00018961 5.1848e-05
14.476 0.00023497 6.0835e-05
14.534 0.00020495 5.4922e-05
14.592 0.00025602 6.4862e-05
14.65 0.00021179 5.6228e-05
14.708 0.00024394 6.268e-05
14.766 0.0002583 6.5439e-05
14.824 0.00020284 5.4355e-05
14.882 0.00028086 6.9821e-05
14.94 0.0002275 5.9371e-05
14.998 0.00020293 5.438e-05
15.056 0.00020235 5.4225e-05
15.114 0.00023309 6.0348e-05
15.173 0.00018183 5.0273e-05
15.231 0.00027092 6.7757e-05
15.289 0.00023169 5.9986e-05
15.347 0.00026165 6.5853e-05
15.405 0.00023256 6.021e-05
15.463 0.00021542 5.669e-05
15.521 0.00017833 4.9305e-05
15.579 0.0002231 5.8223e-05
15.637 0.00023859 6.1304e-05
15.695 0.00019396 5.2488e-05
15.753 0.00027298 6.786e-05
15.811 0.0001483 4.3178e-05
15.869 0.00023892 6.1389e-05
15.927 0.00016271 4.6085e-05
15.985 0.00022836 5.9123e-05
16.043 0.00019226 5.203e-05
16.101 0.00018548 5.0719e-05
16.159 0.00031955 7.6975e-05
16.217 0.00013193 3.9651e-05
16.275 0.00022141 5.778e-05
16.333 0.00026018 6.5483e-05
16.391 0.00018358 5.0199e-05
16.449 0.00024107 6.1497e-05
16.507 0.00019124 5.1752e-05
16.565 0.00016985 4.7512e-05
16.623 0.0001987 5.3247e-05
16.681 0.0002183 5.6971e-05
16.739 0.00026182 6.5481e-05
16.797 0.00022 5.7412e-05
16.855 0.00018027 4.9295e-05
16.913 0.0002103 5.5344e-05
16.971 0.00020991 5.524e-05
17.029 0.00017339 4.7939e-05
17.087 0.0001884 5.0984e-05
17.145 0.00024187 6.1277e-05
17.203 0.00014396 4.1916e-05
17.261 0.00017345 4.7954e-05
17.319 0.00021527 5.6179e-05
17.377 0.00025689 6.4247e-05
17.435 0.00022153 5.7354e-05
17.493 0.00020141 5.3472e-05
17.551 0.00018643 5.0452e-05
17.609 0.00019818 5.2617e-05
17.667 0.0001574 4.4583e-05
17.725 0.00020635 5.4303e-05
17.783 0.00019176 5.1386e-05
17.841 0.00018387 4.9757e-05
17.9 0.0002401 6.0828e-05
17.958 0.00025601 6.4029e-05
18.016 0.0002046 5.3843e-05
18.074 0.00018107 4.9e-05
18.132 0.00021161 5.5225e-05
18.19 0.00022496 5.7804e-05
18.248 0.00016136 4.5138e-05
18.306 0.00021567 5.5836e-05
18.364 0.00022376 5.7493e-05
18.422 0.00019632 5.2122e-05
18.48 0.00019404 5.1516e-05
18.538 0.00017362 4.7475e-05
18.596 0.00022279 5.7245e-05
18.654 0.00021497 5.5656e-05
18.712 0.00018827 5.045e-05
18.77 0.00023408 5.9303e-05
18.828 0.00022007 5.6547e-05
18.886 0.0002568 6.384e-05
18.944 0.00020597 5.3753e-05
19.002 0.00020567 5.3674e-05
19.06 0.00018507 4.9593e-05
19.118 0.00016583 4.5848e-05
19.176 0.00021822 5.6071e-05
19.234 0.00023771 5.9827e-05
19.292 0.00020479 5.3443e-05
19.35 0.00018412 4.934e-05
19.408 0.00020424 5.33e-05
19.466 0.00017469 4.7273e-05
19.524 0.00022936 5.8107e-05
19.582 0.0002922 7.0389e-05
19.64 0.00016136 4.4612e-05
19.698 0.00021413 5.5019e-05
19.756 0.00014724 4.1704e-05
19.814 0.00022222 5.6687e-05
19.872 0.00016673 4.5592e-05
19.93 0.00021946 5.5983e-05
19.988 0.00028001 6.7772e-05
20.046 0.0002007 5.2376e-05
20.104 0.00019901 5.1937e-05
20.162 0.00017089 4.6245e-05
20.22 0.00026628 6.51e-05
20.278 0.00023153 5.8272e-05
20.336 0.00026413 6.4575e-05
20.394 0.00024863 6.1452e-05
20.452 0.00022349 5.662e-05
20.51 0.00024927 6.1609e-05
20.568 0.00020211 5.2327e-05
20.626 0.00023972 5.9592e-05
20.685 0.00019385 5.059e-05
20.743 0.00018818 4.9523e-05
20.801 0.00021996 5.5726e-05
20.859 0.00022449 5.6499e-05
20.917 0.00016069 4.3939e-05
20.975 0.0001539 4.2549e-05
21.033 0.00023711 5.8944e-05
21.091 0.00019662 5.0905e-05
21.149 0.00017236 4.6187e-05
21.207 0.00017857 4.7408e-05
21.265 0.00013914 3.941e-05
21.323 0.00020011 5.1418e-05
21.381 0.00020348 5.2283e-05
21.439 0.00020934 5.3402e-05
21.497 0.00018199 4.7893e-05
21.555 0.00015527 4.2457e-05
21.613 0.00024877 6.0821e-05
21.671 0.00023101 5.7428e-05
21.729 0.00021685 5.4577e-05
21.787 0.00021523 5.4168e-05
21.845 0.00017837 4.6942e-05
21.903 0.00018467 4.8193e-05
21.961 0.0002555 6.1841e-05
22.019 0.00022956 5.6737e-05
22.077 0.00018143 4.7347e-05
22.135 0.00021182 5.331e-05
22.193 0.00021106 5.3121e-05
22.251 0.00026916 6.4257e-05
22.309 0.00019759 5.0405e-05
22.367 0.00023984 5.8637e-05
22.425 0.00019218 4.938e-05
22.483 0.00018959 4.8715e-05
22.541 0.00025614 6.1702e-05
22.599 0.00022 5.469e-05
22.657 0.00032061 7.4012e-05
22.715 0.00019989 5.0642e-05
22.773 0.00015338 4.1506e-05
22.831 0.00021245 5.3134e-05
22.889 0.00016965 4.4647e-05
22.947 0.00018984 4.8427e-05
23.005 0.00020294 5.1076e-05
23.063 0.00023156 5.6612e-05
23.121 0.0001433 3.9185e-05
23.179 0.00013078 3.6585e-05
23.237 0.0002503 6.002e-05
23.295 0.00022284 5.4771e-05
23.353 0.00023633 5.7201e-05
23.412 0.00018487 4.716e-05
23.47 0.00021212 5.2428e-05
23.528 0.00020138 5.0364e-05
23.586 0.000251 5.9922e-05
23.644 0.00020923 5.1713e-05
23.702 0.0001432 3.8754e-05
23.76 0.00020304 5.0475e-05
23.818 0.00016392 4.2779e-05
23.876 0.00016723 4.3297e-05
23.934 0.00017299 4.4449e-05
23.992 0.00023185 5.5849e-05
24.05 0.00022043 5.3617e-05
24.108 0.00025395 5.9883e-05
24.166 0.00018566 4.6728e-05
24.224 0.00013172 3.6018e-05
24.282 0.00021623 5.2594e-05
24.34 0.00017767 4.5012e-05
24.398 0.00018296 4.6048e-05
24.456 0.00026601 6.2032e-05
24.514 0.00024354 5.7658e-05
24.572 0.00022161 5.3383e-05
24.63 0.00018977 4.7176e-05
24.688 0.00024561 5.7916e-05
24.746 0.00020342 4.9732e-05
24.804 0.00018012 4.5049e-05
24.862 0.00021065 5.0985e-05
24.92 0.00017463 4.3951e-05
24.978 0.00022724 5.402e-05
25.036 0.0002004 4.8743e-05
25.094 0.00014122 3.7164e-05
25.152 0.00021911 5.231e-05
25.21 0.00016335 4.1384e-05
25.268 0.00018135 4.4822e-05
25.326 0.000205 4.9382e-05
25.384 0.00021425 5.1149e-05
25.442 0.00021769 5.175e-05
25.5 0.00021872 5.1782e-05
25.558 0.00019536 4.7285e-05
25.616 0.00020774 4.9596e-05
25.674 0.00023447 5.4677e-05
25.732 0.00022688 5.3097e-05
25.79 0.00014413 3.7035e-05
25.848 0.00022048 5.1793e-05
25.906 0.00019586 4.6966e-05
25.964 0.00020704 4.9015e-05
26.022 0.00016794 4.1508e-05
26.08 0.00020174 4.7958e-05
26.138 0.00014875 3.7686e-05
26.197 0.00020245 4.793e-05
26.255 0.00015494 3.8751e-05
26.313 0.00017191 4.2029e-05
26.371 0.00018358 4.4223e-05
26.429 0.00016371 4.0238e-05
26.487 0.00022139 5.1274e-05
26.545 0.00019864 4.684e-05
26.603 0.00019584 4.6182e-05
26.661 0.00019341 4.5607e-05
26.719 0.00015519 3.8144e-05
26.777 0.00017492 4.1945e-05
26.835 0.00021872 5.0176e-05
26.893 0.00022735 5.1704e-05
26.951 0.00018743 4.4029e-05
27.009 0.00017801 4.2142e-05
27.067 0.00022921 5.1848e-05
27.125 0.00019123 4.4439e-05
27.183 0.00019157 4.4367e-05
27.241 0.00021177 4.8162e-05
27.299 0.0001584 3.7814e-05
27.357 0.00019964 4.5664e-05
27.415 0.00018319 4.2428e-05
27.473 0.00020302 4.6171e-05
27.531 0.00024321 5.3649e-05
27.589 0.00022388 4.991e-05
27.647 0.00018729 4.2839e-05
27.705 0.00023357 5.1524e-05
27.763 0.00017658 4.0509e-05
27.821 0.00018842 4.262e-05
27.879 0.00016363 3.7774e-05
27.937 0.00019184 4.3066e-05
27.995 0.0002484 5.3585e-05
28.053 0.00017995 4.0497e-05
28.111 0.00016727 3.8041e-05
28.169 0.00019314 4.2779e-05
28.227 0.00017421 3.9109e-05
28.285 0.00017965 3.9961e-05
28.343 0.00024857 5.2841e-05
28.401 0.00021326 4.6074e-05
28.459 0.00015498 3.4878e-05
28.517 0.00017659 3.8804e-05
28.575 0.00019428 4.1974e-05
28.633 0.00017476 3.8059e-05
28.691 0.00021461 4.5311e-05
28.749 0.00020591 4.3427e-05
28.807 0.00018931 4.0148e-05
28.865 0.00020513 4.3002e-05
28.924 0.0001821 3.8488e-05
28.982 0.00018633 3.9061e-05
29.04 0.0001924 3.9946e-05
29.098 0.00020143 4.1317e-05
29.156 0.00017262 3.5572e-05
29.214 0.00021505 4.3105e-05
29.272 0.00020284 4.0366e-05
29.33 0.00019696 3.8892e-05
29.388 0.00020781 4.0037e-05
29.446 0.00018078 3.5136e-05
29.504 0 1
29.562 0 1
29.62 0 1
29.678 0 1
