-29.678 0 1
-29.62 0 1
-29.562 0 1
-29.504 0.00020909 4.0651e-05
-29.446 0.00022143 4.2804e-05
-29.388 0.00021979 4.3483e-05
-29.33 0.0001998 4.0192e-05
-29.272 0.00025074 5.0185e-05
-29.214 0.00022523 4.5892e-05
-29.156 0.00020468 4.2465e-05
-29.098 0.00019093 4.0219e-05
-29.04 0.00019566 4.1391e-05
-28.982 0.00021974 4.615e-05
-28.924 0.00016385 3.5836e-05
-28.865 0.00022964 4.8423e-05
-28.807 0.00019566 4.2244e-05
-28.749 0.00022024 4.7154e-05
-28.691 0.00023441 5.0121e-05
-28.633 0.00020326 4.4455e-05
-28.575 0.0002549 5.4366e-05
-28.517 0.00026168 5.5812e-05
-28.459 0.00025052 5.3931e-05
-28.401 0.00023821 5.1749e-05
-28.343 0.00022576 4.9556e-05
-28.285 0.00022093 4.8872e-05
-28.227 0.00019602 4.4258e-05
-28.169 0.00012595 3.0978e-05
-28.111 0.00028348 6.1027e-05
-28.053 0.0001862 4.2748e-05
-27.995 0.00019308 4.4196e-05
-27.937 0.00015829 3.7655e-05
-27.879 0.00020759 4.7246e-05
-27.821 0.00018964 4.3952e-05
-27.763 0.0002273 5.1321e-05
-27.705 0.00020425 4.7036e-05
-27.647 0.0001771 4.1958e-05
-27.589 0.00018007 4.266e-05
-27.531 0.00018013 4.2849e-05
-27.473 0.00027279 6.0596e-05
-27.415 0.00019893 4.6589e-05
-27.357 0.00019688 4.6282e-05
-27.299 0.00023793 5.4304e-05
-27.241 0.00018503 4.4204e-05
-27.183 0.00027915 6.2279e-05
-27.125 0.00018116 4.3669e-05
-27.067 0.00020953 4.9255e-05
-27.009 0.00019083 4.579e-05
-26.951 0.00018758 4.5216e-05
-26.893 0.00020806 4.9291e-05
-26.835 0.00019891 4.7728e-05
-26.777 0.00025914 5.9317e-05
-26.719 0.00022068 5.2073e-05
-26.661 0.00021795 5.1634e-05
-26.603 0.0002835 6.4346e-05
-26.545 0.00021803 5.1867e-05
-26.487 0.00019617 4.7746e-05
-26.429 0.00015503 3.9859e-05
-26.371 0.00021799 5.2077e-05
-26.313 0.00019085 4.6939e-05
-26.255 0.00021605 5.1842e-05
-26.197 0.0002413 5.6721e-05
-26.138 0.00018382 4.5726e-05
-26.08 0.00018975 4.6929e-05
-26.022 0.00017486 4.4036e-05
-25.964 0.00023205 5.5201e-05
-25.906 0.0002306 5.509e-05
-25.848 0.00013835 3.7093e-05
-25.79 0.00018656 4.6687e-05
-25.732 0.00026188 6.1333e-05
-25.674 0.00014264 3.8246e-05
-25.616 0.00019142 4.7903e-05
-25.558 0.00020574 5.06e-05
-25.5 0.00017643 4.5033e-05
-25.442 0.00018927 4.7664e-05
-25.384 0.00018972 4.7779e-05
-25.326 0.00021753 5.3217e-05
-25.268 0.00028628 6.6576e-05
-25.21 0.00025405 6.0433e-05
-25.152 0.00025001 5.9727e-05
-25.094 0.00017835 4.5855e-05
-25.036 0.00021392 5.2905e-05
-24.978 0.00017506 4.5349e-05
-24.92 0.00020341 5.0905e-05
-24.862 0.00019946 5.0231e-05
-24.804 0.000166 4.3709e-05
-24.746 0.0001797 4.6552e-05
-24.688 0.00015687 4.206e-05
-24.63 0.00019836 5.0283e-05
-24.572 0.00024665 5.9737e-05
-24.514 0.00016684 4.4319e-05
-24.456 0.00024306 5.9159e-05
-24.398 0.00019671 5.021e-05
-24.34 0.00024553 5.9761e-05
-24.282 0.00018794 4.8687e-05
-24.224 0.00015718 4.2557e-05
-24.166 0.00026041 6.2772e-05
-24.108 0.00018922 4.9017e-05
-24.05 0.00021505 5.4157e-05
-23.992 0.00020403 5.208e-05
-23.934 0.00021609 5.442e-05
-23.876 0.00024147 5.939e-05
-23.818 0.00015701 4.2957e-05
-23.76 0.00024991 6.1138e-05
-23.702 0.00018132 4.7744e-05
-23.644 0.00023939 5.9205e-05
-23.586 0.000235 5.8457e-05
-23.528 0.00020245 5.205e-05
-23.47 0.0001641 4.4432e-05
-23.412 0.00021067 5.3773e-05
-23.353 0.00024551 6.0718e-05
-23.295 0.00023691 5.8932e-05
-23.237 0.00014829 4.1503e-05
-23.179 0.00018772 4.9428e-05
-23.121 0.0001889 4.974e-05
-23.063 0.00023385 5.8521e-05
-23.005 0.00018105 4.8095e-05
-22.947 0.00026785 6.5193e-05
-22.889 0.00019141 5.0401e-05
-22.831 0.00021789 5.5615e-05
-22.773 0.00021771 5.5571e-05
-22.715 0.00023251 5.8554e-05
-22.657 0.00029539 7.0878e-05
-22.599 0.00022703 5.7552e-05
-22.541 0.00015272 4.2741e-05
-22.483 0.00016208 4.4835e-05
-22.425 0.00021012 5.4431e-05
-22.367 0.00016305 4.5101e-05
-22.309 0.00025066 6.2351e-05
-22.251 0.00023196 5.8802e-05
-22.193 0.00022708 5.7962e-05
-22.135 0.00012357 3.7153e-05
-22.077 0.00019918 5.2446e-05
-22.019 0.00019378 5.1475e-05
-21.961 0.00022944 5.8564e-05
-21.903 0.00014549 4.178e-05
-21.845 0.00026348 6.5163e-05
-21.787 0.00025084 6.2775e-05
-21.729 0.00020476 5.3916e-05
-21.671 0.00022489 5.7819e-05
-21.613 0.00024646 6.2068e-05
-21.555 0.00018327 4.9622e-05
-21.497 0.0001713 4.7385e-05
-21.439 0.0002209 5.7225e-05
-21.381 0.00023472 5.9913e-05
-21.323 0.00016394 4.5882e-05
-21.265 0.00018691 5.0608e-05
-21.207 0.00013671 4.0436e-05
-21.149 0.00015088 4.3328e-05
-21.091 0.00012287 3.7607e-05
-21.033 0.00016694 4.6723e-05
-20.975 0.00019586 5.2514e-05
-20.917 0.00023216 5.9688e-05
-20.859 0.000226 5.8546e-05
-20.801 0.00015344 4.4063e-05
-20.743 0.00015281 4.3882e-05
-20.685 0.00019741 5.2928e-05
-20.626 0.00016159 4.579e-05
-20.568 0.00024363 6.2187e-05
-20.51 0.00022785 5.9025e-05
-20.452 0.00024181 6.1723e-05
-20.394 0.00023585 6.0636e-05
-20.336 0.00024564 6.27e-05
-20.278 0.00024509 6.2558e-05
-20.22 0.00019921 5.3412e-05
-20.162 0.00018668 5.1073e-05
-20.104 0.00018709 5.1184e-05
-20.046 0.0002402 6.1755e-05
-19.988 0.00023213 6.0133e-05
-19.93 0.0002567 6.5074e-05
-19.872 0.0002505 6.3939e-05
-19.814 0.00020396 5.4684e-05
-19.756 0.00023306 6.0374e-05
-19.698 0.00023507 6.0895e-05
-19.64 0.00018994 5.1964e-05
-19.582 0.00024355 6.2616e-05
-19.524 0.00023538 6.0975e-05
-19.466 0.00019888 5.385e-05
-19.408 0.00029319 7.2511e-05
-19.35 0.00018442 5.1014e-05
-19.292 0.00023718 6.1441e-05
-19.234 0.00020736 5.5596e-05
-19.176 0.00017902 5.0103e-05
-19.118 0.00022453 5.9121e-05
-19.06 0.00022447 5.9106e-05
-19.002 0.00027032 6.8077e-05
-18.944 0.00013255 4.0567e-05
-18.886 0.00017146 4.8589e-05
-18.828 0.00022485 5.9205e-05
-18.77 0.00022614 5.9545e-05
-18.712 0.00020469 5.5421e-05
-18.654 0.00016308 4.6833e-05
-18.596 0.0001016 3.3966e-05
-18.538 0.0002273 5.9851e-05
-18.48 0.00026032 6.6446e-05
-18.422 0.0002202 5.8494e-05
-18.364 0.00018867 5.2188e-05
-18.306 0.00022101 5.8708e-05
-18.248 0.00022944 6.0415e-05
-18.19 0.00016672 4.7878e-05
-18.132 0.00020544 5.5626e-05
-18.074 0.0002709 6.8674e-05
-18.016 0.00018524 5.1843e-05
-17.958 0.00014383 4.3247e-05
-17.9 0.00021534 5.7736e-05
-17.841 0.00014393 4.3277e-05
-17.783 0.0002419 6.3163e-05
-17.725 0.00025686 6.6038e-05
-17.667 0.00027054 6.8582e-05
-17.609 0.00021797 5.8441e-05
-17.551 0.00016177 4.7121e-05
-17.493 0.00022578 5.9976e-05
-17.435 0.00028162 7.0921e-05
-17.377 0.00021083 5.7086e-05
-17.319 0.00022046 5.9108e-05
-17.261 0.00025161 6.5181e-05
-17.203 0.00015313 4.529e-05
-17.145 0.00026955 6.8803e-05
-17.087 0.00017969 5.0921e-05
-17.029 0.00016262 4.7369e-05
-16.971 0.00026016 6.6886e-05
-16.913 0.00022044 5.9104e-05
-16.855 0.00027892 7.0706e-05
-16.797 0.00022145 5.9374e-05
-16.739 0.00021222 5.746e-05
-16.681 0.00020667 5.6542e-05
-16.623 0.00019754 5.4644e-05
-16.565 0.00025466 6.5969e-05
-16.507 0.00020468 5.5999e-05
-16.449 0.00027815 7.0511e-05
-16.391 0.00027419 6.9986e-05
-16.333 0.00029728 7.4395e-05
-16.275 0.00017202 4.94e-05
-16.217 0.00011595 3.7799e-05
-16.159 0.00024132 6.3541e-05
-16.101 0.00025697 6.6568e-05
-16.043 0.00030658 7.6263e-05
-15.985 0.00022319 5.9842e-05
-15.927 0.00025012 6.5311e-05
-15.869 0.00016701 4.8649e-05
-15.811 0.00014889 4.4768e-05
-15.753 0.00023489 6.2396e-05
-15.695 0.00020169 5.5791e-05
-15.637 0.00018392 5.2118e-05
-15.579 0.00021626 5.8556e-05
-15.521 0.00019269 5.3929e-05
-15.463 0.00025268 6.598e-05
-15.405 0.00015119 4.546e-05
-15.347 0.00019251 5.3879e-05
-15.289 0.0001689 4.9198e-05
-15.231 0.0002117 5.7918e-05
-15.173 0.00027773 7.089e-05
-15.114 0.00015126 4.5481e-05
-15.056 0.00023599 6.2689e-05
-14.998 0.00021239 5.8108e-05
-14.94 0.00019505 5.4589e-05
-14.882 0.00024415 6.4287e-05
-14.824 0.00021233 5.8089e-05
-14.766 0.00015365 4.62e-05
-14.708 0.00023768 6.3138e-05
-14.65 0.0002119 5.7973e-05
-14.592 0.00027984 7.1429e-05
-14.534 0.00016174 4.7838e-05
-14.476 0.00012763 4.0665e-05
-14.418 0.00018632 5.2799e-05
-14.36 0.00022188 6.0076e-05
-14.302 0.00019707 5.5154e-05
-14.244 0.00024752 6.5175e-05
-14.186 0.00023936 6.3584e-05
-14.128 0.00018056 5.1853e-05
-14.07 0.00024156 6.4169e-05
-14.012 0.00024746 6.5158e-05
-13.954 0.00023938 6.3588e-05
-13.896 0.00026587 6.8875e-05
-13.838 0.00026741 6.9272e-05
-13.78 0.00030124 7.5863e-05
-13.722 0.00023968 6.367e-05
-13.664 0.00019991 5.5949e-05
-13.606 0.00029504 7.4791e-05
-13.548 0.00027682 7.117e-05
-13.49 0.00024933 6.5652e-05
-13.432 0.00018235 5.2365e-05
-13.374 0.00020008 5.5998e-05
-13.316 0.00022642 6.1305e-05
-13.258 0.00024189 6.4255e-05
-13.2 0.0003219 8.0074e-05
-13.142 0.00024486 6.5044e-05
-13.084 0.00019971 5.5893e-05
-13.026 0.00029467 7.4699e-05
-12.968 0.00027645 7.1075e-05
-12.91 0.00019215 5.4451e-05
-12.852 0.00020052 5.6119e-05
-12.794 0.00028669 7.3176e-05
-12.736 0.00015766 4.7404e-05
-12.678 0.00027268 7.0639e-05
-12.62 0.00027909 7.1754e-05
-12.562 0.00023458 6.2894e-05
-12.504 0.00021832 5.9731e-05
-12.446 0.00022916 6.2047e-05
-12.388 0.00022711 6.1492e-05
-12.329 0.00026191 6.8389e-05
-12.271 0.00030624 7.7121e-05
-12.213 0.00022034 6.0283e-05
-12.155 0.00035096 8.5861e-05
-12.097 0.00022647 6.132e-05
-12.039 0.00018385 5.2796e-05
-11.981 0.00020397 5.7085e-05
-11.923 0.00028244 7.2616e-05
-11.865 0.00022739 6.1568e-05
-11.807 0.00021971 6.0109e-05
-11.749 0.00025644 6.7523e-05
-11.691 0.00032552 8.0973e-05
-11.633 0.00028144 7.2358e-05
-11.575 0.0001493 4.5695e-05
-11.517 0.00026496 6.9187e-05
-11.459 0.00023743 6.3659e-05
-11.401 0.00024619 6.5397e-05
-11.343 0.0002471 6.5639e-05
-11.285 0.00026711 6.9746e-05
-11.227 0.00019531 5.5347e-05
-11.169 0.0002817 7.2424e-05
-11.111 0.00022107 6.0482e-05
-11.053 0.00025858 6.8087e-05
-10.995 0.000186 5.3413e-05
-10.937 0.00022873 6.1932e-05
-10.879 0.00024008 6.4369e-05
-10.821 0.00029366 7.4956e-05
-10.763 0.00036674 8.9263e-05
-10.705 0.00021222 5.8703e-05
-10.647 0.00028407 7.3034e-05
-10.589 0.00024181 6.4833e-05
-10.531 0.0002135 5.9057e-05
-10.473 0.00024693 6.5593e-05
-10.415 0.00020539 5.7483e-05
-10.357 0.00033976 8.4029e-05
-10.299 0.00030281 7.6762e-05
-10.241 0.00021388 5.9161e-05
-10.183 0.0003203 8.0156e-05
-10.125 0.00017181 5.0818e-05
-10.067 0.00029554 7.5436e-05
-10.009 0.00022117 6.051e-05
-9.9506 0.00025072 6.6602e-05
-9.8926 0.00026043 6.8575e-05
-9.8346 0.00019809 5.6134e-05
-9.7766 0.00034687 8.5312e-05
-9.7185 0.00032293 8.0816e-05
-9.6605 0.00019828 5.6188e-05
-9.6025 0.000179 5.214e-05
-9.5445 0.00027641 7.1604e-05
-9.4864 0.00030632 7.7651e-05
-9.4284 0.00032453 8.1215e-05
-9.3704 0.0002601 6.8486e-05
-9.3124 0.00018851 5.4134e-05
-9.2544 0.00025943 6.831e-05
-9.1963 0.0002283 6.246e-05
-9.1383 0.0003315 8.2462e-05
-9.0803 0.00036907 8.9828e-05
-9.0223 0.00025334 6.7298e-05
-8.9643 0.00025424 6.7537e-05
-8.9062 0.00027714 7.1793e-05
-8.8482 0.00022498 6.1552e-05
-8.7902 0.00030482 7.7272e-05
-8.7322 0.00030916 7.837e-05
-8.6742 0.00028996 7.4549e-05
-8.6161 0.00028591 7.3508e-05
-8.5581 0.00024512 6.572e-05
-8.5001 0.00032713 8.1867e-05
-8.4421 0.00018016 5.2479e-05
-8.384 0.00038495 9.2791e-05
-8.326 0.00029736 7.5901e-05
-8.268 0.00030948 7.8452e-05
-8.21 0.00026148 6.8849e-05
-8.152 0.0002699 7.0475e-05
-8.0939 0.00036213 8.8593e-05
-8.0359 0.00033623 8.3638e-05
-7.9779 0.00035281 8.6774e-05
-7.9199 0.00028091 7.2769e-05
-7.8619 0.00033457 8.3224e-05
-7.8038 0.00021869 6.0493e-05
-7.7458 0.00027141 7.0871e-05
-7.6878 0.00027145 7.0882e-05
-7.6298 0.00024592 6.5935e-05
-7.5718 0.00033113 8.2867e-05
-7.5137 0.00025598 6.7997e-05
-7.4557 0.00027251 7.1157e-05
-7.3977 0.00025562 6.7903e-05
-7.3397 0.00021134 5.9147e-05
-7.2816 0.00026592 7.002e-05
-7.2236 0.00038137 9.2367e-05
-7.1656 0.00031915 8.0372e-05
-7.1076 0.0003886 9.4118e-05
-7.0496 0.00027374 7.1479e-05
-6.9915 0.00030687 7.7792e-05
-6.9335 0.00030357 7.7485e-05
-6.8755 0.00031162 7.8995e-05
-6.8175 0.00031826 8.015e-05
-6.7595 0.00034535 8.5411e-05
-6.7014 0.00031843 8.0193e-05
-6.6434 0.0003499 8.6536e-05
-6.5854 0.00030087 7.6796e-05
-6.5274 0.00031125 7.8901e-05
-6.4694 0.00033474 8.3267e-05
-6.4113 0.00030537 7.7946e-05
-6.3533 0.00033107 8.2852e-05
-6.2953 0.00038262 9.2669e-05
-6.2373 0.00031672 7.9762e-05
-6.1792 0.00029721 7.6413e-05
-6.1212 0.00033555 8.3467e-05
-6.0632 0.00034664 8.5729e-05
-6.0052 0.00033092 8.2815e-05
-5.9472 0.00039429 9.5043e-05
-5.8891 0.00036872 9.0204e-05
-5.8311 0.00032818 8.2129e-05
-5.7731 0.00043684 0.00010308
-5.7151 0.00029689 7.633e-05
-5.6571 0.00023468 6.3543e-05
-5.599 0.00037312 9.0815e-05
-5.541 0.00030515 7.7889e-05
-5.483 0.00042331 0.0001007
-5.425 0.00032772 8.2012e-05
-5.3669 0.00047348 0.00011011
-5.3089 0.00038662 9.3639e-05
-5.2509 0.00034939 8.641e-05
-5.1929 0.00041611 9.8986e-05
-5.1349 0.00045834 0.00010734
-5.0768 0.00041977 9.9857e-05
-5.0188 0.00031429 7.9673e-05
-4.9608 0.00029256 7.5218e-05
-4.9028 0.00036277 8.8749e-05
-4.8448 0.00032279 8.129e-05
-4.7867 0.00033678 8.3774e-05
-4.7287 0.00032113 8.0871e-05
-4.6707 0.00033201 8.3086e-05
-4.6127 0.00048059 0.00011139
-4.5547 0.00039535 9.53e-05
-4.4966 0.00048851 0.00011322
-4.4386 0.00041696 9.961e-05
-4.3806 0.0002799 7.2507e-05
-4.3226 0.00044233 0.00010438
-4.2645 0.00034011 8.4603e-05
-4.2065 0.00047496 0.00011045
-4.1485 0.00045115 0.00010605
-4.0905 0.00042247 0.0001005
-4.0325 0.00046826 0.00010927
-3.9744 0.00032008 8.0609e-05
-3.9164 0.00037642 9.1619e-05
-3.8584 0.00035267 8.722e-05
-3.8004 0.00031081 7.8791e-05
-3.7424 0.00040117 9.6262e-05
-3.6843 0.00039438 9.5065e-05
-3.6263 0.00030694 7.8346e-05
-3.5683 0.00040915 9.8176e-05
-3.5103 0.0003817 9.2446e-05
-3.4523 0.00046416 0.00010832
-3.3942 0.00046766 0.00010953
-3.3362 0.00050122 0.00011579
-3.2782 0.00043257 0.00010207
-3.2202 0.00042659 0.00010148
-3.1621 0.00045052 0.00010631
-3.1041 0.0006138 0.00013664
-3.0461 0.00039705 9.5709e-05
-2.9881 0.0003366 8.4235e-05
-2.9301 0.0005442 0.00012352
-2.872 0.00033708 8.4357e-05
-2.814 0.00046097 0.00010757
-2.756 0.00049884 0.00011562
-2.698 0.00049483 0.00011431
-2.64 0.00041423 9.8958e-05
-2.5819 0.00052323 0.00012012
-2.5239 0.00057282 0.00012901
-2.4659 0.00052204 0.00012022
-2.4079 0.00061893 0.00013778
-2.3499 0.00058137 0.00013061
-2.2918 0.0004497 0.00010654
-2.2338 0.00054243 0.00012279
-2.1758 0.00047092 0.00011029
-2.1178 0.00058856 0.00013191
-2.0597 0.0005747 0.00012976
-2.0017 0.00050353 0.0001167
-1.9437 0.00066286 0.00014577
-1.8857 0.00057365 0.00012952
-1.8277 0.00071634 0.00015696
-1.7696 0.00059099 0.00013156
-1.7116 0.00066771 0.00014864
-1.6536 0.00072774 0.00015836
-1.5956 0.00068277 0.00015015
-1.5376 0.00062609 0.0001385
-1.4795 0.00089628 0.0001914
-1.4215 0.00093711 0.00019802
-1.3635 0.0010179 0.00021318
-1.3055 0.0012734 0.00026049
-1.2475 0.0015271 0.00030945
-1.1894 0.0016624 0.00033318
-1.1314 0.0023473 0.00046397
-1.0734 0.0027306 0.0005335
-1.0154 0.0034358 0.00066463
-0.95735 0.0037772 0.00072922
-0.89933 0.0042149 0.00081143
-0.84131 0.0051655 0.00098758
-0.78328 0.0061652 0.0011743
-0.72526 0.0068434 0.0013018
-0.66724 0.0070601 0.0013434
-0.60922 0.0075149 0.0014292
-0.5512 0.0080946 0.0015366
-0.49318 0.0084108 0.0015932
-0.43516 0.0087309 0.0016523
-0.37714 0.0092112 0.0017434
-0.31912 0.0088257 0.0016722
-0.26109 0.008247 0.0015685
-0.20307 0.0090325 0.0017087
-0.14505 0.0083709 0.0015863
-0.087032 0.0086701 0.0016444
-0.029011 0.011669 0.0021786
0.029011 0.0083286 0.0015805
0.087032 0.0066127 0.0012579
0.14505 0.0062343 0.0011864
0.20307 0.0060371 0.0011556
0.26109 0.0050449 0.00096608
0.31912 0.0042114 0.00080978
0.37714 0.003789 0.00072948
0.43516 0.0026231 0.00051242
0.49318 0.0024949 0.00049086
0.5512 0.0018083 0.00036321
0.60922 0.0013573 0.00027765
0.66724 0.0011791 0.00024319
0.72526 0.0008571 0.00018214
0.78328 0.00087051 0.00018499
0.84131 0.00063278 0.00014086
0.89933 0.00074968 0.0001626
0.95735 0.00068921 0.00015074
1.0154 0.00068218 0.00014974
1.0734 0.00053719 0.0001241
1.1314 0.00060899 0.00013557
1.1894 0.0005706 0.00012951
1.2475 0.00059316 0.00013234
1.3055 0.00041427 9.8967e-05
1.3635 0.00062379 0.00013886
1.4215 0.00052918 0.00012225
1.4795 0.00046435 0.00010762
1.5376 0.00045313 0.00010652
1.5956 0.00060399 0.00013506
1.6536 0.00055982 0.00012814
1.7116 0.00048245 0.00011076
1.7696 0.00045597 0.0001076
1.8277 0.00041452 9.9465e-05
1.8857 0.00053383 0.00012117
1.9437 0.00047303 0.0001112
2.0017 0.00046808 0.00010923
2.0597 0.00050151 0.00011549
2.1178 0.00055009 0.00012591
2.1758 0.00049344 0.00011328
2.2338 0.00049725 0.00011604
2.2918 0.0005 0.00011514
2.3499 0.00050881 0.00011717
2.4079 0.00046257 0.00010874
2.4659 0.00056111 0.00012736
2.5239 0.00040865 9.8056e-05
2.5819 0.00044676 0.00010542
2.64 0.00064261 0.00014244
2.698 0.00037497 9.2224e-05
2.756 0.0005102 0.00011713
2.814 0.00024791 6.7124e-05
2.872 0.00042756 0.00010129
2.9301 0.00043278 0.00010295
2.9881 0.00039265 9.51e-05
3.0461 0.00042193 0.00010037
3.1041 0.00037937 9.2809e-05
3.1621 0.00031192 7.9616e-05
3.2202 0.000443 0.00010414
3.2782 0.00040725 9.8169e-05
3.3362 0.00028212 7.3668e-05
3.3942 0.00035947 8.8411e-05
3.4523 0.0003372 8.388e-05
3.5103 0.00028209 7.366e-05
3.5683 0.00043234 0.00010285
3.6263 0.00038169 9.2901e-05
3.6843 0.00044389 0.00010475
3.7424 0.00032355 8.1482e-05
3.8004 0.00036816 9.0548e-05
3.8584 0.00032753 8.2484e-05
3.9164 0.00024971 6.6952e-05
3.9744 0.00035366 8.7466e-05
4.0325 0.00033531 8.3913e-05
4.0905 0.00031867 8.0782e-05
4.1485 0.00036206 8.9049e-05
4.2065 0.00035625 8.8108e-05
4.2645 0.00039247 9.5056e-05
4.3226 0.00029486 7.5807e-05
4.3806 0.00038171 9.2905e-05
4.4386 0.0003289 8.2828e-05
4.4966 0.00033524 8.3896e-05
4.5547 0.00034106 8.4838e-05
4.6127 0.00033693 8.4318e-05
4.6707 0.00043846 0.00010388
4.7287 0.00031423 7.9656e-05
4.7867 0.0002894 7.497e-05
4.8448 0.00031343 7.9453e-05
4.9028 0.00033443 8.3694e-05
4.9608 0.00042164 0.00010073
5.0188 0.00032451 8.1723e-05
5.0768 0.00023151 6.3339e-05
5.1349 0.00030318 7.7388e-05
5.1929 0.00020655 5.8533e-05
5.2509 0.00017752 5.2507e-05
5.3089 0.00037195 9.0994e-05
5.3669 0.00021179 5.9274e-05
5.425 0.00039444 9.5533e-05
5.483 0.0003201 8.1145e-05
5.541 0.00034232 8.5153e-05
5.599 0.00034168 8.4993e-05
5.6571 0.00033231 8.3687e-05
5.7151 0.00034201 8.5076e-05
5.7731 0.00037336 9.1341e-05
5.8311 0.00027282 7.1836e-05
5.8891 0.00037449 9.1616e-05
5.9472 0.00019728 5.6653e-05
6.0052 0.0003821 9.3001e-05
6.0632 0.00026027 6.9139e-05
6.1212 0.00027546 7.2532e-05
6.1792 0.00026904 7.0841e-05
6.2373 0.00023385 6.3978e-05
6.2953 0.00033411 8.3613e-05
6.3533 0.00031426 8.0216e-05
6.4113 0.00040731 9.7734e-05
6.4694 0.00029112 7.5416e-05
6.5274 0.00017604 5.2069e-05
6.5854 0.00025685 6.8865e-05
6.6434 0.00038524 9.3765e-05
6.7014 0.00025972 6.8991e-05
6.7595 0.00040123 9.6717e-05
6.8175 0.00027179 7.1566e-05
6.8755 0.00030221 7.7698e-05
6.9335 0.00026159 6.9488e-05
6.9915 0.0002043 5.7896e-05
7.0496 0.00022789 6.3037e-05
7.1076 0.00034742 8.6422e-05
7.1656 0.00026925 7.0897e-05
7.2236 0.00018765 5.4662e-05
7.2816 0.000397 9.6151e-05
7.3397 0.00024366 6.5974e-05
7.3977 0.00022293 6.1666e-05
7.4557 0.00026312 6.9895e-05
7.5137 0.00029228 7.5716e-05
7.5718 0.00026258 6.9751e-05
7.6298 0.00024245 6.5645e-05
7.6878 0.00025227 6.7638e-05
7.7458 0.00025399 6.8098e-05
7.8038 0.00025179 6.7508e-05
7.8619 0.00020404 5.7822e-05
7.9199 0.00021392 5.9869e-05
7.9779 0.00027251 7.1755e-05
8.0359 0.00022219 6.1461e-05
8.0939 0.00023991 6.4959e-05
8.152 0.00021333 5.9706e-05
8.21 0.00024309 6.5819e-05
8.268 0.00020411 5.7842e-05
8.326 0.00023137 6.33e-05
8.384 0.00027774 7.2524e-05
8.4421 0.00028832 7.4689e-05
8.5001 0.00026095 6.932e-05
8.5581 0.00027603 7.2078e-05
8.6161 0.00025155 6.7444e-05
8.6742 0.00023362 6.3915e-05
8.7322 0.00018567 5.4085e-05
8.7902 0.00023981 6.493e-05
8.8482 0.00030767 7.8532e-05
8.9062 0.00027108 7.1377e-05
8.9643 0.0002695 7.0962e-05
9.0223 0.00026994 7.1077e-05
9.0803 0.00025921 6.8857e-05
9.1383 0.00023429 6.4099e-05
9.1963 0.00015812 4.8394e-05
9.2544 0.0002199 6.0828e-05
9.3124 0.00031625 8.0168e-05
9.3704 0.00023277 6.3684e-05
9.4284 0.0002212 6.1186e-05
9.4864 0.00027591 7.2045e-05
9.5445 0.00022294 6.1668e-05
9.6025 0.00028068 7.3292e-05
9.6605 0.00024056 6.5135e-05
9.7185 0.00027388 7.1516e-05
9.7766 0.00017623 5.2123e-05
9.8346 0.00022346 6.1811e-05
9.8926 0.00021297 5.9603e-05
9.9506 0.00020297 5.7517e-05
10.009 0.00015709 4.8078e-05
10.067 0.00026875 7.0766e-05
10.125 0.00014712 4.5904e-05
10.183 0.00022048 6.0988e-05
10.241 0.00020244 5.7368e-05
10.299 0.00028658 7.4238e-05
10.357 0.00016656 5.0079e-05
10.415 0.00020198 5.7238e-05
10.473 0.00019385 5.567e-05
10.531 0.00018465 5.3787e-05
10.589 0.0002107 5.8968e-05
10.647 0.00024741 6.6335e-05
10.705 0.00024745 6.6346e-05
10.763 0.00029491 7.5822e-05
10.821 0.00024667 6.6136e-05
10.879 0.0002457 6.5877e-05
10.937 0.0001743 5.1553e-05
10.995 0.00020303 5.7535e-05
11.053 0.00028434 7.3658e-05
11.111 0.00020868 5.8405e-05
11.169 0.00012795 4.1711e-05
11.227 0.00020195 5.7229e-05
11.285 0.00016488 4.9575e-05
11.343 0.00022814 6.2416e-05
11.401 0.00021917 6.0626e-05
11.459 0.00023872 6.4637e-05
11.517 0.00010987 3.7771e-05
11.575 0.00027335 7.1376e-05
11.633 0.00024725 6.6293e-05
11.691 0.00024684 6.6181e-05
11.749 0.00022835 6.2472e-05
11.807 0.00025439 6.7576e-05
11.865 0.00020105 5.6972e-05
11.923 0.00018444 5.3726e-05
11.981 0.00021896 6.0568e-05
12.039 0.00013671 4.3559e-05
12.097 0.00017297 5.1159e-05
12.155 0.00023748 6.43e-05
12.213 0.00023752 6.4311e-05
12.271 0.000217 6.0025e-05
12.329 0.00021799 6.03e-05
12.388 0.00021114 5.9091e-05
12.446 0.00018085 5.2681e-05
12.504 0.00016214 4.8752e-05
12.562 0.0001718 5.0813e-05
12.62 0.00012731 4.1505e-05
12.678 0.00024286 6.5116e-05
12.736 0.00013465 4.2901e-05
12.794 0.00017149 5.0722e-05
12.852 0.00020695 5.7918e-05
12.91 0.00016965 5.0176e-05
12.968 0.0002065 5.7793e-05
13.026 0.00021478 5.9411e-05
13.084 0.00018919 5.433e-05
13.142 0.00015234 4.6625e-05
13.2 0.00019635 5.5643e-05
13.258 0.00017054 5.0442e-05
13.316 0.00016163 4.8598e-05
13.374 0.00021543 5.9592e-05
13.432 0.00021378 5.9136e-05
13.49 0.00019629 5.5625e-05
13.548 0.00022403 6.1292e-05
13.606 0.0002234 6.1119e-05
13.664 0.00025866 6.8107e-05
13.722 0.00022364 6.1185e-05
13.78 0.00017855 5.2009e-05
13.838 0.00021425 5.9266e-05
13.896 0.00019367 5.4882e-05
13.954 0.00023124 6.2612e-05
14.012 0.00019608 5.5564e-05
14.07 0.00016896 4.9974e-05
14.128 0.00022035 6.0285e-05
14.186 0.00017762 5.1739e-05
14.244 0.00017717 5.1606e-05
14.302 0.00018532 5.322e-05
14.36 0.00014075 4.3914e-05
14.418 0.00021274 5.8847e-05
14.476 0.00019452 5.5124e-05
14.534 0.00016845 4.9823e-05
14.592 0.00021161 5.8534e-05
14.65 0.00017488 5.0942e-05
14.708 0.00021312 5.8952e-05
14.766 0.00010694 3.6764e-05
14.824 0.00018397 5.2831e-05
14.882 0.00024798 6.5872e-05
14.94 0.00018486 5.3088e-05
14.998 0.00021869 5.9831e-05
15.056 0.00025446 6.7001e-05
15.114 0.00019252 5.4555e-05
15.173 0.00018406 5.2857e-05
15.231 0.00018423 5.2905e-05
15.289 0.00019143 5.4249e-05
15.347 0.0002009 5.6226e-05
15.405 0.00021869 5.983e-05
15.463 0.0001905 5.3985e-05
15.521 0.00018989 5.381e-05
15.579 0.00018295 5.2537e-05
15.637 0.00020757 5.7417e-05
15.695 0.00017284 5.0346e-05
15.753 0.00024052 6.3892e-05
15.811 0.00017269 5.0304e-05
15.869 0.00023421 6.2795e-05
15.927 0.00018079 5.1918e-05
15.985 0.00017147 4.9949e-05
16.043 0.00022436 6.0747e-05
16.101 0.00015477 4.6536e-05
16.159 0.00021542 5.8937e-05
16.217 0.00018011 5.1722e-05
16.275 0.00020622 5.7043e-05
16.333 0.00013804 4.3069e-05
16.391 0.00011975 3.9037e-05
16.449 0.00012813 4.0824e-05
16.507 0.0001198 3.9056e-05
16.565 0.00017962 5.1581e-05
16.623 0.00022241 6.0219e-05
16.681 0.00017691 5.0804e-05
16.739 0.00016066 4.7518e-05
16.797 0.00019645 5.4981e-05
16.855 0.00018456 5.2301e-05
16.913 0.00015102 4.5407e-05
16.971 0.00011771 3.8375e-05
17.029 0.00022723 6.0923e-05
17.087 0.00018549 5.2565e-05
17.145 0.00021676 5.869e-05
17.203 0.00018509 5.2451e-05
17.261 0.00014302 4.3773e-05
17.319 0.00028376 7.1934e-05
17.377 0.00017484 5.0208e-05
17.435 0.00022523 6.0389e-05
17.493 0.00019263 5.3913e-05
17.551 0.00017481 5.0201e-05
17.609 0.00019859 5.4932e-05
17.667 0.00015793 4.6712e-05
17.725 0.00011603 3.7826e-05
17.783 0.00027225 6.9493e-05
17.841 0.00025475 6.5993e-05
17.9 0.00017253 4.9545e-05
17.958 0.00028127 7.1302e-05
18.016 0.00022117 5.9299e-05
18.074 0.0002532 6.5592e-05
18.132 0.00018899 5.2894e-05
18.19 0.00019453 5.381e-05
18.248 0.00029385 7.3538e-05
18.306 0.00013741 4.2056e-05
18.364 0.00017067 4.9012e-05
18.422 0.00011434 3.7276e-05
18.48 0.00015438 4.5662e-05
18.538 0.00019375 5.3595e-05
18.596 0.00012121 3.8619e-05
18.654 0.00021857 5.8601e-05
18.712 0.00021122 5.719e-05
18.77 0.00020905 5.6603e-05
18.828 0.00015295 4.5237e-05
18.886 0.00014557 4.3769e-05
18.944 0.00017647 5.0009e-05
19.002 0.00016725 4.803e-05
19.06 0.00017607 4.9895e-05
19.118 0.00016084 4.6852e-05
19.176 0.00015112 4.4696e-05
19.234 0.00021343 5.7225e-05
19.292 0.00034915 8.3779e-05
19.35 0.00016668 4.7867e-05
19.408 0.00020624 5.5842e-05
19.466 0.00016486 4.7342e-05
19.524 0.00018061 5.0549e-05
19.582 0.00020481 5.5454e-05
19.64 0.00023477 6.1304e-05
19.698 0.00015565 4.5339e-05
19.756 0.00017124 4.8526e-05
19.814 0.00024365 6.3118e-05
19.872 0.00012442 3.8819e-05
19.93 0.00020135 5.4517e-05
19.988 0.00016295 4.6794e-05
20.046 0.00019351 5.2942e-05
20.104 0.00018556 5.133e-05
20.162 0.00019189 5.2498e-05
20.22 0.00026251 6.6546e-05
20.278 0.0001153 3.6737e-05
20.336 0.00019122 5.2316e-05
20.394 0.00016851 4.7753e-05
20.452 0.00015256 4.4439e-05
20.51 0.00019898 5.3875e-05
20.568 0.00015933 4.5756e-05
20.626 0.00014354 4.2457e-05
20.685 0.00018043 4.991e-05
20.743 0.00019606 5.3084e-05
20.801 0.00014248 4.2141e-05
20.859 0.00022433 5.8577e-05
20.917 0.00020233 5.4249e-05
20.975 0.0001942 5.2583e-05
21.033 0.0001865 5.1025e-05
21.091 0.00019177 5.1925e-05
21.149 0.00018519 5.0666e-05
21.207 0.0002145 5.6479e-05
21.265 0.0001692 4.7355e-05
21.323 0.00014627 4.2606e-05
21.381 0.00019898 5.3351e-05
21.439 0.00018479 5.0557e-05
21.497 0.00018293 5.0048e-05
21.555 0.00012992 3.9064e-05
21.613 0.00013825 4.0891e-05
21.671 0.0001384 4.0934e-05
21.729 0.00013714 4.0563e-05
21.787 0.00015696 4.448e-05
21.845 0.00018668 5.0545e-05
21.903 0.00017929 4.9053e-05
21.961 0.00020528 5.4053e-05
22.019 0.00017584 4.8108e-05
22.077 0.00018314 4.9586e-05
22.135 0.0001977 5.2517e-05
22.193 0.00014055 4.0942e-05
22.251 0.00015948 4.4634e-05
22.309 0.00018871 5.0595e-05
22.367 0.00016713 4.623e-05
22.425 0.00018101 4.901e-05
22.483 0.00015889 4.4468e-05
22.541 0.00018672 5.0063e-05
22.599 0.00016672 4.6118e-05
22.657 0.00013747 4.0045e-05
22.715 0.00019879 5.2343e-05
22.773 0.00016452 4.551e-05
22.831 0.00013056 3.8615e-05
22.889 0.00019712 5.1904e-05
22.947 0.00020171 5.267e-05
23.005 0.00014828 4.2019e-05
23.063 0.00020274 5.2939e-05
23.121 0.00020744 5.3738e-05
23.179 0.00015296 4.2808e-05
23.237 0.00015216 4.2586e-05
23.295 0.00021823 5.5704e-05
23.353 0.0002419 6.0172e-05
23.412 0.00017602 4.7194e-05
23.47 0.00015009 4.2006e-05
23.528 0.00018921 4.9821e-05
23.586 0.00014242 4.0358e-05
23.644 0.0001348 3.8712e-05
23.702 0.00014691 4.1115e-05
23.76 0.00022405 5.6425e-05
23.818 0.00017778 4.7226e-05
23.876 0.0001887 4.9274e-05
23.934 0.00013223 3.7974e-05
23.992 0.00021339 5.4093e-05
24.05 0.00016853 4.5186e-05
24.108 0.00016051 4.346e-05
24.166 0.00023472 5.8051e-05
24.224 0.00022191 5.5535e-05
24.282 0.00019611 5.0421e-05
24.34 0.00012744 3.6599e-05
24.398 0.00024373 5.9627e-05
24.456 0.00021792 5.4535e-05
24.514 0.00016249 4.3568e-05
24.572 0.0001373 3.8425e-05
24.63 0.00017364 4.572e-05
24.688 0.00019084 4.9064e-05
24.746 0.0001896 4.8747e-05
24.804 0.00018721 4.8131e-05
24.862 0.00018591 4.7796e-05
24.92 0.0001622 4.3086e-05
24.978 0.00017787 4.6077e-05
25.036 0.00019932 5.0196e-05
25.094 0.00013047 3.6514e-05
25.152 0.00020336 5.0892e-05
25.21 0.00014019 3.8355e-05
25.268 0.00017872 4.5949e-05
25.326 0.00017263 4.472e-05
25.384 0.00017113 4.4331e-05
25.442 0.00015459 4.1066e-05
25.5 0.00019042 4.7954e-05
25.558 0.00015196 4.0366e-05
25.616 0.00019885 4.9464e-05
25.674 0.00012828 3.5484e-05
25.732 0.00015777 4.1198e-05
25.79 0.00015181 3.9974e-05
25.848 0.0002248 5.4188e-05
25.906 0.0001611 4.1734e-05
25.964 0.00016933 4.3222e-05
26.022 0.00019489 4.82e-05
26.08 0.00017831 4.4906e-05
26.138 0.00014205 3.7735e-05
26.197 0.00016033 4.1219e-05
26.255 0.0002316 5.5095e-05
26.313 0.0001394 3.703e-05
26.371 0.00019306 4.7482e-05
26.429 0.00017611 4.4072e-05
26.487 0.00016032 4.0922e-05
26.545 0.00017868 4.4446e-05
26.603 0.00014758 3.8231e-05
26.661 0.00021484 5.1107e-05
26.719 0.00014813 3.8084e-05
26.777 0.00016082 4.05e-05
26.835 0.00013705 3.5785e-05
26.893 0.00015749 3.9661e-05
26.951 0.00017417 4.2837e-05
27.009 0.00015019 3.8073e-05
27.067 0.00018337 4.4412e-05
27.125 0.00014109 3.6014e-05
27.183 0.0001474 3.7121e-05
27.241 0.00016316 4.013e-05
27.299 0.00017615 4.2461e-05
27.357 0.00014157 3.5652e-05
27.415 0.00016868 4.0853e-05
27.473 0.00012783 3.2864e-05
27.531 0.00018083 4.3018e-05
27.589 0.00020592 4.7726e-05
27.647 0.00018016 4.2682e-05
27.705 0.00016606 3.9847e-05
27.763 0.00014348 3.529e-05
27.821 0.00016237 3.8791e-05
27.879 0.00021908 4.9466e-05
27.937 0.00017036 4.0047e-05
27.995 0.00014934 3.5835e-05
28.053 0.00020924 4.7125e-05
28.111 0.00017161 3.9907e-05
28.169 0.00016428 3.8337e-05
28.227 0.00017735 4.0715e-05
28.285 0.00022449 4.9464e-05
28.343 0.00018655 4.2121e-05
28.401 0.00016538 3.7969e-05
28.459 0.00018892 4.2244e-05
28.517 0.00017788 3.9962e-05
28.575 0.00015873 3.6125e-05
28.633 0.00014934 3.4084e-05
28.691 0.00021808 4.6816e-05
28.749 0.00017683 3.8744e-05
28.807 0.00018376 3.9858e-05
28.865 0.00015949 3.5142e-05
28.924 0.00014074 3.1399e-05
28.982 0.00016764 3.6249e-05
29.04 0.00017329 3.7005e-05
29.098 0.00017959 3.7831e-05
29.156 0.00018458 3.8388e-05
29.214 0.00017073 3.5316e-05
29.272 0.00019842 3.998e-05
29.33 0.00014869 3.0234e-05
29.388 0.00018513 3.605e-05
29.446 0.00018735 3.6631e-05
29.504 0 1
29.562 0 1
29.62 0 1
29.678 0 1
