-29.678 0 1
-29.62 0 1
-29.562 0 1
-29.504 0.00090723 0.00015831
-29.446 0.00093727 0.00016257
-29.388 0.00079861 0.00014418
-29.33 0.00081592 0.00014917
-29.272 0.00072594 0.00013626
-29.214 0.00091813 0.00017062
-29.156 0.00081779 0.00015584
-29.098 0.0007853 0.00015196
-29.04 0.00099401 0.00018827
-28.982 0.0010875 0.00020502
-28.924 0.00090076 0.00017476
-28.865 0.00089693 0.000175
-28.807 0.0010138 0.00019567
-28.749 0.00070371 0.00014464
-28.691 0.00092604 0.00018359
-28.633 0.00080138 0.0001635
-28.575 0.00085804 0.00017386
-28.517 0.00084515 0.00017243
-28.459 0.00083726 0.00017209
-28.401 0.00088022 0.00018002
-28.343 0.00096534 0.00019517
-28.285 0.00081162 0.00017012
-28.227 0.0008652 0.00017976
-28.169 0.00081475 0.00017186
-28.111 0.00096135 0.0001971
-28.053 0.00079619 0.00016964
-27.995 0.00084009 0.00017778
-27.937 0.00092697 0.00019315
-27.879 0.00085754 0.00018208
-27.821 0.00090267 0.0001904
-27.763 0.00097191 0.00020311
-27.705 0.00074632 0.0001649
-27.647 0.00093451 0.00019776
-27.589 0.00080272 0.00017578
-27.531 0.00080369 0.00017677
-27.473 0.00081143 0.00017847
-27.415 0.00083359 0.00018253
-27.357 0.00073878 0.00016651
-27.299 0.00078933 0.00017608
-27.241 0.00096701 0.00020678
-27.183 0.00078386 0.00017575
-27.125 0.00084669 0.00018707
-27.067 0.00095079 0.00020563
-27.009 0.00085305 0.00018937
-26.951 0.00087669 0.0001937
-26.893 0.00090857 0.00019983
-26.835 0.00083118 0.00018733
-26.777 0.0007776 0.00017824
-26.719 0.00078632 0.00018024
-26.661 0.0007733 0.00017833
-26.603 0.00092936 0.00020631
-26.545 0.00068908 0.00016445
-26.487 0.00077742 0.00018042
-26.429 0.00082864 0.00018994
-26.371 0.00099425 0.00021868
-26.313 0.00062774 0.00015488
-26.255 0.0010498 0.0002289
-26.197 0.0010318 0.00022593
-26.138 0.00076477 0.00017987
-26.08 0.00087542 0.0001995
-26.022 0.0010254 0.00022553
-25.964 0.00073338 0.00017502
-25.906 0.00081073 0.00018939
-25.848 0.00087639 0.00020089
-25.79 0.00086418 0.00019929
-25.732 0.00082864 0.00019357
-25.674 0.00099397 0.00022286
-25.616 0.0010004 0.00022429
-25.558 0.00085715 0.00019892
-25.5 0.0008001 0.00018953
-25.442 0.0011561 0.00025208
-25.384 0.00092713 0.00021252
-25.326 0.00074411 0.00018042
-25.268 0.00098872 0.00022405
-25.21 0.00075567 0.00018323
-25.152 0.00092648 0.00021366
-25.094 0.00078646 0.00018915
-25.036 0.0011554 0.00025412
-24.978 0.00074853 0.00018305
-24.92 0.00079729 0.00019176
-24.862 0.00065793 0.0001672
-24.804 0.0010035 0.00022868
-24.746 0.00066924 0.00017007
-24.688 0.00094405 0.00021909
-24.63 0.0008731 0.00020682
-24.572 0.0012555 0.00027375
-24.514 0.0010956 0.00024692
-24.456 0.00086186 0.00020568
-24.398 0.00089209 0.00021132
-24.34 0.00099866 0.0002303
-24.282 0.00080363 0.00019652
-24.224 0.00054283 0.00014882
-24.166 0.0011394 0.00025546
-24.108 0.00083518 0.00020251
-24.05 0.00089325 0.00021317
-23.992 0.00097818 0.0002285
-23.934 0.0007128 0.00018114
-23.876 0.00068834 0.00017684
-23.818 0.00056396 0.00015461
-23.76 0.00072129 0.0001833
-23.702 0.00077531 0.00019309
-23.644 0.00096972 0.00022808
-23.586 0.00086906 0.00021072
-23.528 0.0011091 0.00025275
-23.47 0.00070168 0.00018027
-23.412 0.00084621 0.00020693
-23.353 0.00088401 0.00021435
-23.295 0.0010404 0.00024145
-23.237 0.0007995 0.00019911
-23.179 0.00085801 0.00020982
-23.121 0.00077988 0.00019615
-23.063 0.00094435 0.00022537
-23.005 0.00088477 0.00021453
-22.947 0.00044695 0.00013412
-22.889 0.00067735 0.00017819
-22.831 0.00084696 0.00020897
-22.773 0.00073344 0.00018843
-22.715 0.00093738 0.00022545
-22.657 0.00088987 0.00021761
-22.599 0.001085 0.00025179
-22.541 0.00088013 0.00021523
-22.483 0.0010685 0.00024959
-22.425 0.0008115 0.0002041
-22.367 0.0010457 0.00024596
-22.309 0.00072418 0.0001882
-22.251 0.00087515 0.00021593
-22.193 0.00073558 0.00019117
-22.135 0.00061642 0.00016899
-22.077 0.00091041 0.00022263
-22.019 0.00082858 0.00020839
-21.961 0.00056485 0.00015994
-21.903 0.00085908 0.00021395
-21.845 0.00059296 0.00016512
-21.787 0.00086403 0.00021518
-21.729 0.00090572 0.00022347
-21.671 0.00063105 0.00017301
-21.613 0.00078286 0.00020112
-21.555 0.00066308 0.00017915
-21.497 0.00076299 0.00019829
-21.439 0.0010055 0.00024183
-21.381 0.00082117 0.00020868
-21.323 0.0010667 0.00025269
-21.265 0.0010144 0.00024397
-21.207 0.00095377 0.00023324
-21.149 0.00070658 0.0001883
-21.091 0.00086536 0.00021764
-21.033 0.00083798 0.00021295
-20.975 0.0006824 0.00018437
-20.917 0.00065145 0.0001786
-20.859 0.00062345 0.00017361
-20.801 0.00062484 0.00017399
-20.743 0.0010268 0.00024694
-20.685 0.0010942 0.0002592
-20.626 0.00087936 0.00022116
-20.568 0.00072607 0.00019349
-20.51 0.00091141 0.00022699
-20.452 0.0010026 0.00024311
-20.394 0.00059878 0.00016954
-20.336 0.00095485 0.00023559
-20.278 0.0011115 0.00026329
-20.22 0.00053632 0.00015761
-20.162 0.00070244 0.00018978
-20.104 0.00099195 0.00024257
-20.046 0.0011875 0.00027741
-19.988 0.0010566 0.00025412
-19.93 0.00083937 0.00021564
-19.872 0.00064915 0.00018076
-19.814 0.0007429 0.00019798
-19.756 0.00057863 0.0001668
-19.698 0.0011024 0.00026309
-19.64 0.00058475 0.00016856
-19.582 0.00081358 0.00021144
-19.524 0.0010065 0.00024612
-19.466 0.00091582 0.00023034
-19.408 0.00098973 0.0002442
-19.35 0.0007557 0.00020139
-19.292 0.00075243 0.00020052
-19.234 0.00085381 0.00021935
-19.176 0.0011649 0.00027593
-19.118 0.00096006 0.0002391
-19.06 0.00082744 0.00021504
-19.002 0.00075957 0.00020242
-18.944 0.00080013 0.00021049
-18.886 0.00083314 0.00021652
-18.828 0.00069621 0.00019087
-18.77 0.00080023 0.00021052
-18.712 0.00097621 0.00024312
-18.654 0.00092976 0.00023384
-18.596 0.0011696 0.00027706
-18.538 0.00073732 0.00019921
-18.48 0.0010119 0.00024966
-18.422 0.00047078 0.0001481
-18.364 0.00080672 0.00021223
-18.306 0.00077626 0.00020687
-18.248 0.00064277 0.000182
-18.19 0.0010184 0.00025127
-18.132 0.0007433 0.00020082
-18.074 0.00054511 0.00016357
-18.016 0.0011709 0.00027943
-17.958 0.00064918 0.00018382
-17.9 0.00095487 0.00024016
-17.841 0.0007864 0.00020957
-17.783 0.00048268 0.00015185
-17.725 0.00075508 0.00020401
-17.667 0.00064646 0.00018304
-17.609 0.00089749 0.00023058
-17.551 0.00093379 0.0002373
-17.493 0.0006551 0.00018549
-17.435 0.00089452 0.00022981
-17.377 0.00065879 0.00018654
-17.319 0.0010125 0.00025215
-17.261 0.0006247 0.00018008
-17.203 0.00086151 0.0002239
-17.145 0.00097794 0.00024596
-17.087 0.00080327 0.00021407
-17.029 0.00083442 0.00021951
-16.971 0.0010081 0.00025107
-16.913 0.00087277 0.00022682
-16.855 0.00070155 0.00019536
-16.797 0.00080662 0.00021496
-16.739 0.00073292 0.00020093
-16.681 0.00074231 0.00020351
-16.623 0.00087988 0.00022867
-16.565 0.00073764 0.00020223
-16.507 0.00035008 0.00012502
-16.449 0.00062966 0.00018151
-16.391 0.00085265 0.00022431
-16.333 0.00081211 0.00021642
-16.275 0.0009457 0.00024033
-16.217 0.00067283 0.00019051
-16.159 0.00096069 0.00024413
-16.101 0.0011342 0.00027501
-16.043 0.00077947 0.0002106
-15.985 0.00049485 0.00015568
-15.927 0.0006417 0.00018498
-15.869 0.00078554 0.00021224
-15.811 0.00081349 0.00021679
-15.753 0.00089675 0.00023305
-15.695 0.0011858 0.0002852
-15.637 0.00089365 0.00023225
-15.579 0.0005335 0.00016375
-15.521 0.00096722 0.00024579
-15.463 0.0010444 0.00026011
-15.405 0.0008979 0.00023335
-15.347 0.00093054 0.00023906
-15.289 0.00079441 0.00021463
-15.231 0.00076037 0.00020846
-15.173 0.00086366 0.00022721
-15.114 0.00086238 0.00022687
-15.056 0.00079285 0.00021421
-14.998 0.00069021 0.00019543
-14.94 0.0011241 0.00027489
-14.882 0.00075596 0.00020725
-14.824 0.00087157 0.00022929
-14.766 0.00083951 0.00022373
-14.708 0.00094372 0.00024245
-14.65 0.0011598 0.00028121
-14.592 0.0010153 0.00025535
-14.534 0.00061878 0.00018185
-14.476 0.00087318 0.00022971
-14.418 0.00083289 0.00022196
-14.36 0.00094874 0.00024374
-14.302 0.00058619 0.0001759
-14.244 0.00069342 0.00019634
-14.186 0.00091384 0.0002375
-14.128 0.00058824 0.00017651
-14.07 0.0007009 0.00019846
-14.012 0.00069324 0.00019629
-13.954 0.00069455 0.00019666
-13.896 0.0010268 0.00025826
-13.838 0.00047949 0.00015498
-13.78 0.00069924 0.00019799
-13.722 0.0010249 0.00025776
-13.664 0.00081762 0.0002209
-13.606 0.00059367 0.00017814
-13.548 0.00092472 0.00024032
-13.49 0.00077202 0.00021165
-13.432 0.00055692 0.00017094
-13.374 0.00085554 0.000228
-13.316 0.00089367 0.0002351
-13.258 0.00062796 0.00018454
-13.2 0.00078122 0.00021417
-13.142 0.00089742 0.00023609
-13.084 0.00096532 0.000248
-13.026 0.00059293 0.00017792
-12.968 0.00081267 0.00021957
-12.91 0.00078426 0.00021501
-12.852 0.00044733 0.00014895
-12.794 0.00078008 0.00021386
-12.736 0.00067413 0.00019433
-12.678 0.00090268 0.00023747
-12.62 0.00059669 0.00017905
-12.562 0.00096588 0.00024815
-12.504 0.00067214 0.00019376
-12.446 0.00071605 0.00020275
-12.388 0.0009711 0.00024949
-12.329 0.00078392 0.00021492
-12.271 0.00074825 0.00020836
-12.213 0.0005653 0.00017351
-12.155 0.00071283 0.00020184
-12.097 0.00093113 0.00024199
-12.039 0.00063637 0.00018702
-11.981 0.00060671 0.00018206
-11.923 0.00071707 0.00020304
-11.865 0.00056094 0.00017217
-11.807 0.00052609 0.00016551
-11.749 0.00094526 0.00024566
-11.691 0.00078999 0.00021658
-11.633 0.00075214 0.00020944
-11.575 0.00067595 0.00019485
-11.517 0.00067977 0.00019595
-11.459 0.00078962 0.00021648
-11.401 0.0007895 0.00021645
-11.343 0.00075469 0.00021015
-11.285 0.00068527 0.00019754
-11.227 0.00049349 0.0001595
-11.169 0.00075282 0.00020963
-11.111 0.0011721 0.00028664
-11.053 0.00076253 0.00021234
-10.995 0.0005302 0.0001668
-10.937 0.00078996 0.00021657
-10.879 0.00072238 0.00020454
-10.821 0.00087515 0.00023322
-10.763 0.00061197 0.00018363
-10.705 0.00060495 0.00018153
-10.647 0.00068325 0.00019696
-10.589 0.000651 0.00019132
-10.531 0.00098898 0.00025408
-10.473 0.001169 0.00028586
-10.415 0.00080186 0.00021983
-10.357 0.00099401 0.00025537
-10.299 0.0011805 0.00028869
-10.241 0.0008383 0.00022649
-10.183 0.00072283 0.00020467
-10.125 0.00065732 0.00019317
-10.067 0.0011105 0.00027657
-10.009 0.00098355 0.00025268
-9.9506 0.00076576 0.00021324
-9.8926 0.00095998 0.00024949
-9.8346 0.000693 0.00019977
-9.7766 0.00083666 0.00022605
-9.7185 0.00084384 0.00022799
-9.6605 0.00088635 0.00023621
-9.6025 0.00057403 0.00017619
-9.5445 0.00072439 0.00020511
-9.4864 0.00065489 0.00019246
-9.4284 0.0010407 0.00026448
-9.3704 0.0006136 0.00018412
-9.3124 0.00069088 0.00019916
-9.2544 0.00099454 0.00025551
-9.1963 0.00050762 0.00016407
-9.1383 0.00065127 0.0001914
-9.0803 0.0011162 0.00027799
-9.0223 0.00081245 0.00022274
-8.9643 0.00077651 0.00021623
-8.9062 0.00061162 0.00018353
-8.8482 0.00061568 0.00018475
-8.7902 0.00088171 0.00023497
-8.7322 0.00050544 0.00016336
-8.6742 0.0011624 0.00028679
-8.6161 0.00064947 0.00019087
-8.5581 0.00058228 0.00017872
-8.5001 0.0010102 0.00025954
-8.4421 0.0006548 0.00019243
-8.384 0.00099525 0.00025569
-8.326 0.00088619 0.00023616
-8.268 0.00073949 0.00020938
-8.21 0.00088673 0.00023631
-8.152 0.0010002 0.00025696
-8.0939 0.00065809 0.0001934
-8.0359 0.00097142 0.00025246
-7.9779 0.00069628 0.00020071
-7.9199 0.00085242 0.0002303
-7.8619 0.00073463 0.00020801
-7.8038 0.001013 0.00026025
-7.7458 0.00069632 0.00020073
-7.6878 0.0008125 0.00022275
-7.6298 0.0012073 0.00029523
-7.5718 0.0010619 0.00026986
-7.5137 0.00078181 0.00021771
-7.4557 0.0010487 0.0002665
-7.3977 0.001093 0.0002749
-7.3397 0.0010215 0.00026244
-7.2816 0.00086259 0.00023305
-7.2236 0.00081536 0.00022353
-7.1656 0.00066282 0.00019479
-7.1076 0.00090994 0.00024249
-7.0496 0.0010534 0.00026771
-6.9915 0.00096483 0.00025075
-6.9335 0.0011407 0.00028408
-6.8755 0.00094055 0.00024744
-6.8175 0.00073875 0.00020918
-6.7595 0.00085492 0.00023098
-6.7014 0.0011282 0.00028097
-6.6434 0.00082681 0.00022667
-6.5854 0.00081866 0.00022444
-6.5274 0.00074372 0.00021058
-6.4694 0.00085106 0.00022994
-6.4113 0.00087049 0.00023519
-6.3533 0.00070781 0.00020404
-6.2953 0.00062325 0.00018702
-6.2373 0.00088996 0.00023717
-6.1792 0.00091342 0.00024342
-6.1212 0.00073677 0.00020862
-6.0632 0.00085811 0.00023184
-6.0052 0.0010219 0.00026255
-5.9472 0.00086257 0.00023305
-5.8891 0.00070947 0.00020452
-5.8311 0.00074062 0.00020971
-5.7731 0.00089503 0.00023852
-5.7151 0.00083309 0.0002284
-5.6571 0.00054034 0.00016999
-5.599 0.00066152 0.00019441
-5.541 0.00079078 0.0002202
-5.483 0.00082632 0.00022654
-5.425 0.00077849 0.00021678
-5.3669 0.00097334 0.00025296
-5.3089 0.00078722 0.00021921
-5.2509 0.00062904 0.00018875
-5.1929 0.00073491 0.00020809
-5.1349 0.00066633 0.00019582
-5.0768 0.00078039 0.00021731
-5.0188 0.000751 0.00021264
-4.9608 0.00089914 0.00023962
-4.9028 0.00096949 0.00025196
-4.8448 0.00082813 0.00022704
-4.7867 0.00066164 0.00019444
-4.7287 0.00082387 0.00022587
-4.6707 0.00094641 0.00024898
-4.6127 0.00077545 0.00021594
-4.5547 0.0012973 0.00031202
-4.4966 0.00067 0.0001969
-4.4386 0.00087162 0.00023549
-4.3806 0.00081074 0.00022227
-4.3226 0.0012215 0.0002987
-4.2645 0.00094332 0.00024816
-4.2065 0.0010545 0.00026797
-4.1485 0.00074801 0.0002118
-4.0905 0.0006676 0.00019619
-4.0325 0.00074593 0.00021121
-3.9744 0.00070388 0.0002029
-3.9164 0.0010207 0.00026223
-3.8584 0.0012302 0.00030083
-3.8004 0.0010554 0.0002682
-3.7424 0.00097465 0.0002533
-3.6843 0.00090198 0.00024037
-3.6263 0.00091473 0.00024377
-3.5683 0.00099403 0.00025834
-3.5103 0.00077719 0.00021642
-3.4523 0.0007394 0.00020936
-3.3942 0.00083986 0.00023025
-3.3362 0.00075407 0.00021352
-3.2782 0.0010789 0.00027136
-3.2202 0.00095169 0.00025037
-3.1621 0.001204 0.00029706
-3.1041 0.00092632 0.00024369
-3.0461 0.0011055 0.00027804
-2.9881 0.0011194 0.00028154
-2.9301 0.0010083 0.00025905
-2.872 0.00096089 0.00025279
-2.814 0.0012368 0.00029988
-2.756 0.00060367 0.00018529
-2.698 0.0011363 0.00028299
-2.64 0.0010234 0.00026291
-2.5819 0.00075908 0.00021493
-2.5239 0.0013996 0.00032919
-2.4659 0.00089287 0.00024123
-2.4079 0.0011286 0.00028109
-2.3499 0.0011264 0.00028053
-2.2918 0.0010637 0.00027328
-2.2338 0.00091255 0.00024007
-2.1758 0.00080544 0.00022429
-2.1178 0.00081307 0.00022291
-2.0597 0.00095123 0.00025025
-2.0017 0.0016249 0.00037247
-1.9437 0.00095754 0.00024885
-1.8857 0.0013847 0.00032801
-1.8277 0.0012091 0.00029832
-1.7696 0.00085473 0.00022778
-1.7116 0.0012176 0.00030324
-1.6536 0.00093353 0.00024559
-1.5956 0.0014992 0.00034792
-1.5376 0.001282 0.00030594
-1.4795 0.001772 0.00039937
-1.4215 0.0012964 0.00031179
-1.3635 0.0017646 0.00039364
-1.3055 0.0019039 0.00041512
-1.2475 0.002474 0.00051857
-1.1894 0.0026467 0.0005413
-1.1314 0.0031763 0.00064217
-1.0734 0.0044997 0.00085568
-1.0154 0.0049851 0.0009342
-0.95735 0.0053185 0.0009935
-0.89933 0.0059809 0.0011062
-0.84131 0.0061708 0.0011318
-0.78328 0.0075804 0.0013669
-0.72526 0.0077848 0.0014049
-0.66724 0.0088765 0.0015916
-0.60922 0.0083936 0.0015153
-0.5512 0.0091969 0.0016453
-0.49318 0.008954 0.0015936
-0.43516 0.0089282 0.0015865
-0.37714 0.0080231 0.0014425
-0.31912 0.0087726 0.0015704
-0.26109 0.0082094 0.0014964
-0.20307 0.0078909 0.0014144
-0.14505 0.0080088 0.0014389
-0.087032 0.0070654 0.0012917
-0.029011 0.0086659 0.0014391
0.029011 0.0053708 0.0010081
0.087032 0.0046811 0.0008833
0.14505 0.0045886 0.00086429
0.20307 0.0041636 0.00081857
0.26109 0.0026326 0.00054251
0.31912 0.0024851 0.00051488
0.37714 0.0019398 0.00041632
0.43516 0.0017084 0.00037926
0.49318 0.0014004 0.0003342
0.5512 0.001317 0.00032206
0.60922 0.001177 0.00029312
0.66724 0.001241 0.0003009
0.72526 0.0010201 0.00025924
0.78328 0.0012663 0.00030456
0.84131 0.0010345 0.00026578
0.89933 0.00129 0.00031027
0.95735 0.001263 0.00030376
1.0154 0.0012834 0.00030868
1.0734 0.0012336 0.00030721
1.1314 0.0010722 0.00026967
1.1894 0.00085394 0.00023411
1.2475 0.0010221 0.00025974
1.3055 0.00098409 0.00025575
1.3635 0.00082371 0.00022582
1.4215 0.0011733 0.00029509
1.4795 0.00093657 0.0002434
1.5376 0.0010676 0.00027131
1.5956 0.0011348 0.00028261
1.6536 0.0011339 0.00028814
1.7116 0.0010314 0.00025942
1.7696 0.00073113 0.00021076
1.8277 0.0010474 0.00026908
1.8857 0.00083696 0.00022613
1.9437 0.00086685 0.00023765
2.0017 0.00078489 0.00021856
2.0597 0.0010137 0.00026044
2.1178 0.0011554 0.0002906
2.1758 0.0010926 0.00027212
2.2338 0.0010423 0.00027087
2.2918 0.00081631 0.00022379
2.3499 0.00067246 0.00019762
2.4079 0.0012513 0.000306
2.4659 0.0011596 0.00028881
2.5239 0.00071482 0.00020606
2.5819 0.00087556 0.00023656
2.64 0.00098134 0.00025504
2.698 0.00090445 0.00024436
2.756 0.00077913 0.00021696
2.814 0.0011416 0.00028712
2.872 0.00058346 0.00017909
2.9301 0.0010057 0.00026138
2.9881 0.00091943 0.00024502
3.0461 0.00074519 0.000211
3.1041 0.0010949 0.00027825
3.1621 0.00096998 0.00025518
3.2202 0.00081181 0.00022256
3.2782 0.00089094 0.00024071
3.3362 0.0010857 0.0002759
3.3942 0.00070941 0.0002045
3.4523 0.0010132 0.0002603
3.5103 0.0005629 0.00017708
3.5683 0.00076357 0.0002162
3.6263 0.00071652 0.00020655
3.6843 0.00098856 0.00025691
3.7424 0.00094868 0.00024957
3.8004 0.00076692 0.00021715
3.8584 0.0010003 0.00025998
3.9164 0.00071182 0.00020519
3.9744 0.0007959 0.00022163
4.0325 0.0005974 0.00018336
4.0905 0.00056107 0.00017651
4.1485 0.00059544 0.00018276
4.2065 0.00076165 0.00021566
4.2645 0.00075918 0.00021496
4.3226 0.00094558 0.00024876
4.3806 0.00079617 0.0002217
4.4386 0.00056253 0.00017697
4.4966 0.00095565 0.00025141
4.5547 0.00070945 0.00020451
4.6127 0.00084039 0.0002304
4.6707 0.00083769 0.00022966
4.7287 0.00082987 0.00022751
4.7867 0.00055885 0.00017581
4.8448 0.0010248 0.00026329
4.9028 0.00075473 0.0002137
4.9608 0.00076121 0.00021554
5.0188 0.00075326 0.00021328
5.0768 0.00098993 0.00025727
5.1349 0.00086425 0.0002335
5.1929 0.00052189 0.00016868
5.2509 0.00075908 0.00021493
5.3089 0.00067592 0.00019864
5.3669 0.00098435 0.00025582
5.425 0.00068267 0.00020062
5.483 0.0010064 0.00026155
5.541 0.0011077 0.00027859
5.599 0.00086869 0.0002347
5.6571 0.00060897 0.00018691
5.7151 0.00075097 0.00021264
5.7731 0.00083815 0.00022978
5.8311 0.00080451 0.00022403
5.8891 0.00080064 0.00022295
5.9472 0.0010444 0.00026831
6.0052 0.00083684 0.00022942
6.0632 0.00079493 0.00022136
6.1212 0.0010154 0.00026389
6.1792 0.00083303 0.00022838
6.2373 0.00059995 0.00018414
6.2953 0.00087305 0.00023588
6.3533 0.0008144 0.00022678
6.4113 0.00075205 0.00021294
6.4694 0.00076295 0.00021603
6.5274 0.0008716 0.00023549
6.5854 0.00069149 0.00020321
6.6434 0.0010044 0.00026104
6.7014 0.00091222 0.0002431
6.7595 0.00087776 0.00023715
6.8175 0.00068127 0.00020021
6.8755 0.00096917 0.00025496
6.9335 0.00095874 0.00025222
6.9915 0.00071475 0.00020604
7.0496 0.00089322 0.00024133
7.1076 0.00084315 0.00023115
7.1656 0.0011116 0.00027958
7.2236 0.00036107 0.00013445
7.2816 0.00072751 0.00020972
7.3397 0.00044079 0.00015171
7.3977 0.0006752 0.00019843
7.4557 0.00068308 0.00020074
7.5137 0.00076599 0.00021689
7.5718 0.00052128 0.00016848
7.6298 0.00055821 0.00017561
7.6878 0.00035956 0.00013389
7.7458 0.00076424 0.00021639
7.8038 0.00075761 0.00021452
7.8619 0.00059486 0.00018258
7.9199 0.000517 0.0001671
7.9779 0.00096433 0.00025369
8.0359 0.00067296 0.00019777
8.0939 0.00090747 0.00024184
8.152 0.00063457 0.00019041
8.21 0.00087952 0.00023763
8.268 0.00075376 0.00021343
8.326 0.00071231 0.00020533
8.384 0.00047504 0.00015818
8.4421 0.0011533 0.00028722
8.5001 0.00067746 0.00019909
8.5581 0.00066883 0.00019656
8.6161 0.0008764 0.00023679
8.6742 0.00071923 0.00020733
8.7322 0.00071453 0.00020597
8.7902 0.00078876 0.00021964
8.8482 0.0011162 0.00028074
8.9062 0.00083934 0.00023011
8.9643 0.00067552 0.00019852
9.0223 0.00071641 0.00020652
9.0803 0.00067293 0.00019776
9.1383 0.00080145 0.00022317
9.1963 0.00087495 0.00023639
9.2544 0.0010578 0.00026881
9.3124 0.00091475 0.00024378
9.3704 0.00067682 0.0001989
9.4284 0.0010246 0.00026324
9.4864 0.00090448 0.00024104
9.5445 0.0008341 0.00022867
9.6025 0.00076011 0.00021523
9.6605 0.00071212 0.00020528
9.7185 0.0010149 0.00026075
9.7766 0.00063455 0.00019041
9.8346 0.0010351 0.00026593
9.8926 0.00075225 0.000213
9.9506 0.00074952 0.00021223
10.009 0.00079022 0.00022005
10.067 0.00071327 0.00020561
10.125 0.00078636 0.00021897
10.183 0.00094274 0.00024801
10.241 0.00055085 0.0001733
10.299 0.00094868 0.00024957
10.357 0.00059348 0.00018216
10.415 0.00090291 0.00024062
10.473 0.00067101 0.0001972
10.531 0.0008685 0.00023465
10.589 0.0007834 0.00021815
10.647 0.0010187 0.00026172
10.705 0.00062701 0.00018815
10.763 0.00063051 0.0001892
10.821 0.00070315 0.00020269
10.879 0.00085605 0.00023129
10.937 0.0009022 0.00024043
10.995 0.00094706 0.00024915
11.053 0.00086282 0.00023311
11.111 0.00073713 0.00020872
11.169 0.00089879 0.00023952
11.227 0.00086352 0.0002333
11.285 0.0005875 0.00018032
11.343 0.0011316 0.00028182
11.401 0.00058572 0.00017978
11.459 0.0010993 0.00027648
11.517 0.00082214 0.00022539
11.575 0.00097401 0.00025313
11.633 0.00074398 0.00021066
11.691 0.00046909 0.0001562
11.749 0.00062489 0.00018751
11.807 0.00066042 0.00019408
11.865 0.00082058 0.00022496
11.923 0.00090695 0.0002417
11.981 0.00058516 0.0001796
12.039 0.00074046 0.00020966
12.097 0.00066174 0.00019447
12.155 0.00054677 0.00017201
12.213 0.00078124 0.00021755
12.271 0.00057991 0.00017799
12.329 0.00097094 0.00025234
12.388 0.0010991 0.00027642
12.446 0.00096664 0.00025122
12.504 0.0006933 0.00019986
12.562 0.00073459 0.000208
12.62 0.00066103 0.00019426
12.678 0.00084616 0.00022861
12.736 0.00099795 0.00025638
12.794 0.00092624 0.00024367
12.852 0.00084641 0.00022868
12.91 0.00099263 0.00025502
12.968 0.0010365 0.00026341
13.026 0.00057398 0.00017617
13.084 0.00080895 0.00022178
13.142 0.00084297 0.00022775
13.2 0.00076326 0.00021254
13.258 0.0010363 0.00026334
13.316 0.00049913 0.00016132
13.374 0.001305 0.00031144
13.432 0.00091412 0.00024048
13.49 0.00034336 0.00012785
13.548 0.00099625 0.00025595
13.606 0.00053493 0.00016829
13.664 0.0009153 0.00024079
13.722 0.00084151 0.00022736
13.78 0.00064893 0.00019071
13.838 0.00083979 0.00022689
13.896 0.00056462 0.0001733
13.954 0.00064651 0.00019
14.012 0.00068597 0.00019774
14.07 0.00053234 0.00016747
14.128 0.00086682 0.000231
14.186 0.00045569 0.00015174
14.244 0.00064391 0.00018923
14.302 0.00083016 0.00022429
14.36 0.00075228 0.00020948
14.418 0.00072014 0.00020391
14.476 0.00090738 0.00023871
14.534 0.00090983 0.00023935
14.592 0.00079171 0.00021705
14.65 0.00093473 0.00024293
14.708 0.00072142 0.00020427
14.766 0.0006859 0.00019772
14.824 0.00093647 0.00024338
14.882 0.00049229 0.00015911
14.94 0.00071517 0.0002025
14.998 0.00074808 0.00020831
15.056 0.00086292 0.00022996
15.114 0.0006361 0.00018694
15.173 0.00052468 0.00016506
15.231 0.00060018 0.0001801
15.289 0.00085576 0.00022806
15.347 0.00082167 0.000222
15.405 0.00086028 0.00022926
15.463 0.00085159 0.00022695
15.521 0.00084884 0.00022621
15.579 0.001192 0.00028903
15.637 0.00062868 0.00018476
15.695 0.00066514 0.00019174
15.753 0.00058768 0.00017635
15.811 0.00062765 0.00018445
15.869 0.00085308 0.00022734
15.927 0.00077304 0.00021193
15.985 0.00087985 0.00023147
16.043 0.00062725 0.00018434
16.101 0.00088238 0.00023213
16.159 0.0004053 0.00013949
16.217 0.00080679 0.00021798
16.275 0.00095524 0.00024541
16.333 0.00073779 0.00020545
16.391 0.00087775 0.00023091
16.449 0.0010227 0.00025721
16.507 0.00058545 0.00017568
16.565 0.00098746 0.00025094
16.623 0.00080468 0.00021741
16.681 0.00093656 0.00024061
16.739 0.00086774 0.00022828
16.797 0.00062087 0.00018246
16.855 0.00068156 0.00019298
16.913 0.0010404 0.0002591
16.971 0.000755 0.00020699
17.029 0.00064773 0.00018672
17.087 0.0008292 0.00022098
17.145 0.00060601 0.00017809
17.203 0.00057558 0.00017272
17.261 0.00075544 0.00020711
17.319 0.00060667 0.00017829
17.377 0.00081878 0.0002182
17.435 0.0008204 0.00021863
17.493 0.000573 0.00017194
17.551 0.00056951 0.00017089
17.609 0.00070761 0.00019704
17.667 0.00074638 0.00020462
17.725 0.00053156 0.00016316
17.783 0.00077608 0.00020968
17.841 0.00080818 0.00021538
17.9 0.00077283 0.0002088
17.958 0.00070746 0.000197
18.016 0.0010508 0.00025926
18.074 0.00087311 0.00022691
18.132 0.00077298 0.00020884
18.19 0.00086645 0.00022518
18.248 0.00059334 0.00017437
18.306 0.00062212 0.00017934
18.364 0.0010773 0.00026344
18.422 0.00059368 0.00017447
18.48 0.00083383 0.00021936
18.538 0.00086298 0.00022428
18.596 0.00076013 0.00020537
18.654 0.00086534 0.00022489
18.712 0.00072948 0.00019999
18.77 0.00072199 0.00019794
18.828 0.00089492 0.00022991
18.886 0.00055328 0.00016602
18.944 0.00082318 0.00021656
19.002 0.00081732 0.00021502
19.06 0.00058176 0.00017097
19.118 0.00058459 0.0001718
19.176 0.00071417 0.00019579
19.234 0.00067601 0.00018824
19.292 0.00050895 0.00015621
19.35 0.00074666 0.00020173
19.408 0.00061053 0.00017599
19.466 0.00097344 0.00024243
19.524 0.00063798 0.00018064
19.582 0.00067364 0.00018759
19.64 0.00073617 0.0001989
19.698 0.00073209 0.0001978
19.756 0.00073221 0.00019783
19.814 0.00063854 0.0001808
19.872 0.00069824 0.00019143
19.93 0.00072849 0.00019682
19.988 0.00072992 0.00019721
20.046 0.00072814 0.00019673
20.104 0.00079345 0.00020874
20.162 0.00065639 0.00018278
20.22 0.00082535 0.0002145
20.278 0.00078882 0.00020752
20.336 0.00085035 0.00021846
20.394 0.00062229 0.0001762
20.452 0.001109 0.00026465
20.51 0.00071991 0.0001945
20.568 0.0012004 0.00028041
20.626 0.00087222 0.00022165
20.685 0.00093224 0.00023217
20.743 0.00099953 0.00024442
20.801 0.00076955 0.00020245
20.859 0.00089527 0.00022517
20.917 0.00080108 0.00020819
20.975 0.00073459 0.00019576
21.033 0.00054228 0.00015937
21.091 0.0005677 0.00016365
21.149 0.00091856 0.00022877
21.207 0.0007274 0.00019385
21.265 0.00088078 0.00022152
21.323 0.0010007 0.00024263
21.381 0.00085083 0.00021622
21.439 0.0011062 0.00026204
21.497 0.0011889 0.00027592
21.555 0.0011419 0.00026675
21.613 0.001089 0.00025796
21.671 0.00084093 0.0002137
21.729 0.00083331 0.00021176
21.787 0.00067115 0.00018133
21.845 0.00095172 0.00023273
21.903 0.00070531 0.00018796
21.961 0.00090803 0.00022404
22.019 0.00078195 0.00020089
22.077 0.00087343 0.00021752
22.135 0.0006642 0.00017945
22.193 0.00072119 0.00018973
22.251 0.00074122 0.00019264
22.309 0.00074712 0.00019417
22.367 0.0010124 0.0002416
22.425 0.00068468 0.00018246
22.483 0.00056123 0.00015891
22.541 0.00091668 0.00022416
22.599 0.00092082 0.00022518
22.657 0.00091113 0.00022281
22.715 0.00090862 0.00022219
22.773 0.00093798 0.00022743
22.831 0.00070516 0.00018551
22.889 0.00055223 0.00015636
22.947 0.00080498 0.00020246
23.005 0.00072048 0.00018724
23.063 0.0007802 0.00019827
23.121 0.00054364 0.00015393
23.179 0.00088151 0.00021556
23.237 0.0009618 0.00022953
23.295 0.0010462 0.0002444
23.353 0.00078273 0.00019686
23.412 0.00072477 0.0001862
23.47 0.00089291 0.0002165
23.528 0.00094853 0.00022637
23.586 0.00085807 0.00020983
23.644 0.0007411 0.00018833
23.702 0.0007101 0.00018243
23.76 0.0010949 0.00025097
23.818 0.00076018 0.00019119
23.876 0.00088757 0.00021347
23.934 0.00075388 0.00018961
23.992 0.00099293 0.00023195
24.05 0.00061386 0.00016359
24.108 0.0010823 0.00024664
24.166 0.00081877 0.00020022
24.224 0.00076437 0.00019037
24.282 0.00081236 0.00019865
24.34 0.00072659 0.00018274
24.398 0.00070347 0.00017877
24.456 0.0010612 0.00024183
24.514 0.00082348 0.00019967
24.572 0.00068916 0.00017513
24.63 0.00058884 0.00015692
24.688 0.000663 0.00017033
24.746 0.0010387 0.00023671
24.804 0.0010006 0.00022936
24.862 0.00069555 0.00017494
24.92 0.00074308 0.00018334
24.978 0.00095682 0.00022065
25.036 0.00068182 0.00017148
25.094 0.0007519 0.00018387
25.152 0.00091786 0.00021301
25.21 0.00081526 0.00019456
25.268 0.00088359 0.00020641
25.326 0.00076196 0.00018475
25.384 0.00084975 0.00019986
25.442 0.00089711 0.00020819
25.5 0.00081421 0.00019287
25.558 0.00074258 0.00018005
25.616 0.00078132 0.00018646
25.674 0.00091417 0.00020955
25.732 0.0010119 0.00022574
25.79 0.0010744 0.00023631
25.848 0.00076003 0.00018138
25.906 0.00073331 0.00017637
25.964 0.00087763 0.00020117
26.022 0.0007237 0.00017406
26.08 0.00087137 0.00019974
26.138 0.00071587 0.00017217
26.197 0.00077123 0.00018139
26.255 0.00079656 0.00018608
26.313 0.0008728 0.0001989
26.371 0.00097366 0.00021615
26.429 0.00089945 0.00020272
26.487 0.0009971 0.00021931
26.545 0.00076401 0.00017847
26.603 0.00093639 0.00020787
26.661 0.00075887 0.00017611
26.719 0.00053443 0.00013581
26.777 0.00064835 0.00015593
26.835 0.00093759 0.00020622
26.893 0.000962 0.00020976
26.951 0.00082111 0.00018506
27.009 0.00067997 0.00015993
27.067 0.00074675 0.00017117
27.125 0.00087754 0.00019301
27.183 0.00093641 0.00020252
27.241 0.00075133 0.00017026
27.299 0.0010159 0.00021499
27.357 0.00088207 0.00019153
27.415 0.00078994 0.00017536
27.473 0.00092234 0.00019795
27.531 0.00075642 0.00016874
27.589 0.0008805 0.00018968
27.647 0.0010982 0.0002263
27.705 0.0010812 0.00022281
27.763 0.00088096 0.00018771
27.821 0.0009103 0.00019201
27.879 0.00092167 0.00019319
27.937 0.00089198 0.00018755
27.995 0.00089981 0.00018804
28.053 0.0008805 0.000184
28.111 0.0011007 0.00022113
28.169 0.00070244 0.00015253
28.227 0.00093435 0.00019156
28.285 0.00077581 0.00016364
28.343 0.0010035 0.00020161
28.401 0.00090921 0.00018507
28.459 0.00075884 0.00015858
28.517 0.00092695 0.00018623
28.575 0.00097779 0.00019386
28.633 0.00080369 0.00016321
28.691 0.00084866 0.00016949
28.749 0.00095506 0.00018607
28.807 0.00068992 0.00014043
28.865 0.00083145 0.00016373
28.924 0.00067363 0.00013619
28.982 0.00091309 0.00017537
29.04 0.0010118 0.00019042
29.098 0.00072403 0.00014047
29.156 0.00098158 0.00018179
29.214 0.00090386 0.00016655
29.272 0.00088258 0.00016049
29.33 0.00090003 0.00016133
29.388 0.00082804 0.00014455
29.446 0.00080111 0.00014087
29.504 0 1
29.562 0 1
29.62 0 1
29.678 0 1
