-29.678 0 1
-29.62 0 1
-29.562 0 1
-29.504 0.00020384 4.0869e-05
-29.446 0.00019223 3.8437e-05
-29.388 0.00014951 3.2031e-05
-29.33 0.00017603 3.7762e-05
-29.272 0.00020166 4.3378e-05
-29.214 0.00019685 4.3235e-05
-29.156 0.00016742 3.8343e-05
-29.098 0.00016188 3.7796e-05
-29.04 0.00011144 2.8457e-05
-28.982 0.00014978 3.6294e-05
-28.924 0.00020101 4.646e-05
-28.865 0.00017 4.0811e-05
-28.807 0.00017241 4.158e-05
-28.749 0.00022115 5.1455e-05
-28.691 0.00016429 4.0886e-05
-28.633 0.00016977 4.225e-05
-28.575 0.00013714 3.6124e-05
-28.517 0.000199 4.8458e-05
-28.459 0.0001963 4.8303e-05
-28.401 0.0002108 5.1333e-05
-28.343 0.00020567 5.0607e-05
-28.285 0.00019575 4.901e-05
-28.227 0.0001824 4.6577e-05
-28.169 0.00014099 3.8589e-05
-28.111 0.00026715 6.3323e-05
-28.053 0.00015684 4.2069e-05
-27.995 0.00021388 5.3549e-05
-27.937 0.00023459 5.7723e-05
-27.879 0.00016586 4.4488e-05
-27.821 0.00014943 4.1351e-05
-27.763 0.00019862 5.1474e-05
-27.705 0.00015583 4.3122e-05
-27.647 0.00015203 4.2563e-05
-27.589 0.00023365 5.8867e-05
-27.531 0.00015745 4.4082e-05
-27.473 0.00023361 5.9246e-05
-27.415 0.00018075 4.8958e-05
-27.357 0.00015414 4.3694e-05
-27.299 0.00017205 4.761e-05
-27.241 0.00013554 4.0102e-05
-27.183 0.00016004 4.5368e-05
-27.125 0.00014844 4.3253e-05
-27.067 0.00013491 4.0577e-05
-27.009 0.00012073 3.7681e-05
-26.951 0.00022896 5.981e-05
-26.893 0.00014761 4.3673e-05
-26.835 0.00013454 4.119e-05
-26.777 0.00016654 4.7843e-05
-26.719 0.00021002 5.6888e-05
-26.661 0.00015425 4.5638e-05
-26.603 0.000207 5.6653e-05
-26.545 0.0001903 5.3279e-05
-26.487 0.0001502 4.5177e-05
-26.429 0.00016004 4.735e-05
-26.371 0.00021247 5.8152e-05
-26.313 0.0001712 4.9885e-05
-26.255 0.00017089 4.9796e-05
-26.197 0.00014652 4.4858e-05
-26.138 0.00023476 6.2968e-05
-26.08 0.00012213 3.9824e-05
-26.022 0.00013958 4.3563e-05
-25.964 0.00021246 5.8791e-05
-25.906 0.00010765 3.7015e-05
-25.848 0.00012649 4.1248e-05
-25.79 0.00016247 4.8865e-05
-25.732 0.00023804 6.4476e-05
-25.674 0.00011983 4.0073e-05
-25.616 0.00014834 4.6297e-05
-25.558 0.00015773 4.829e-05
-25.5 0.00018813 5.4819e-05
-25.442 0.00014177 4.5183e-05
-25.384 0.00017053 5.129e-05
-25.326 0.00018105 5.3566e-05
-25.268 0.00019131 5.5744e-05
-25.21 0.00011628 3.9985e-05
-25.152 0.00019417 5.6579e-05
-25.094 0.00022355 6.2589e-05
-25.036 0.00017602 5.2942e-05
-24.978 0.00014814 4.7214e-05
-24.92 0.00016847 5.1577e-05
-24.862 0.00017727 5.3318e-05
-24.804 0.00022277 6.3151e-05
-24.746 0.00015171 4.8352e-05
-24.688 0.00028479 7.568e-05
-24.63 0.00028593 7.5984e-05
-24.572 0.00017443 5.3402e-05
-24.514 0.00017687 5.4149e-05
-24.456 0.00019737 5.8395e-05
-24.398 0.00013505 4.516e-05
-24.34 0.00022042 6.3321e-05
-24.282 0.00023299 6.6046e-05
-24.224 0.00016887 5.2704e-05
-24.166 0.00017969 5.5011e-05
-24.108 0.00012872 4.4262e-05
-24.05 0.00015079 4.917e-05
-23.992 0.00021502 6.2653e-05
-23.934 0.0001629 5.1917e-05
-23.876 9.8209e-05 3.7528e-05
-23.818 0.00014265 4.7702e-05
-23.76 0.00017431 5.4401e-05
-23.702 0.00016478 5.2517e-05
-23.644 0.00014364 4.8035e-05
-23.586 0.00016762 5.3422e-05
-23.528 0.00026608 7.3629e-05
-23.47 0.00016655 5.308e-05
-23.412 0.00026772 7.4084e-05
-23.353 0.00016806 5.3561e-05
-23.295 0.00012321 4.3704e-05
-23.237 0.00011303 4.1514e-05
-23.179 0.00018082 5.6435e-05
-23.121 0.00020472 6.1574e-05
-23.063 0.00015992 5.2148e-05
-23.005 0.00012449 4.4156e-05
-22.947 0.0001825 5.6957e-05
-22.889 9.2346e-05 3.6928e-05
-22.831 0.00033469 8.8163e-05
-22.773 0.00016105 5.2515e-05
-22.715 0.00023198 6.7595e-05
-22.657 0.00017491 5.5746e-05
-22.599 0.00020993 6.3139e-05
-22.541 0.0001753 5.587e-05
-22.483 0.00015335 5.1281e-05
-22.425 0.00015376 5.142e-05
-22.367 0.00015512 5.1872e-05
-22.309 0.000155 5.1834e-05
-22.251 0.00023978 6.9868e-05
-22.193 0.00014455 4.9704e-05
-22.135 0.00017975 5.7288e-05
-22.077 0.0001435 4.9342e-05
-22.019 0.00011971 4.3968e-05
-21.961 0.00012208 4.4839e-05
-21.903 0.0001211 4.448e-05
-21.845 0.00013434 4.7651e-05
-21.787 0.0001837 5.8545e-05
-21.729 0.00018459 5.8828e-05
-21.671 0.00014714 5.0595e-05
-21.613 0.00015874 5.3084e-05
-21.555 0.00017383 5.6685e-05
-21.497 0.00011215 4.2856e-05
-21.439 0.00013763 4.8819e-05
-21.381 0.00026135 7.5077e-05
-21.323 0.00021292 6.5187e-05
-21.265 0.00024072 7.122e-05
-21.207 0.00019965 6.2312e-05
-21.149 0.00013727 4.8691e-05
-21.091 0.0001886 6.0108e-05
-21.033 0.00020262 6.3238e-05
-20.975 0.00026557 7.629e-05
-20.917 0.000152 5.2266e-05
-20.859 0.00011521 4.4023e-05
-20.801 0.00019132 6.0974e-05
-20.743 0.0001906 6.0745e-05
-20.685 0.00014069 4.9903e-05
-20.626 0.00029381 8.2259e-05
-20.568 0.00027068 7.7758e-05
-20.51 9.0201e-05 3.803e-05
-20.452 0.00016636 5.5633e-05
-20.394 0.00017968 5.859e-05
-20.336 0.00015557 5.3493e-05
-20.278 0.00018188 5.9309e-05
-20.22 0.00020739 6.4726e-05
-20.162 0.00011778 4.5006e-05
-20.104 0.00019602 6.2473e-05
-20.046 0.00014466 5.1313e-05
-19.988 0.00022293 6.8251e-05
-19.93 0.00018464 6.0211e-05
-19.872 0.00028064 8.0619e-05
-19.814 0.00023844 7.1716e-05
-19.756 0.00022448 6.8725e-05
-19.698 0.0001978 6.3039e-05
-19.64 0.00020099 6.4056e-05
-19.582 0.00031848 8.813e-05
-19.524 0.00020007 6.3764e-05
-19.466 0.00017426 5.8273e-05
-19.408 0.00020073 6.3973e-05
-19.35 0.00021654 6.7581e-05
-19.292 0.00022833 6.9903e-05
-19.234 0.00022948 7.0257e-05
-19.176 0.00019088 6.2245e-05
-19.118 0.00010859 4.3424e-05
-19.06 0.00025679 7.5974e-05
-19.002 0.00018977 6.1882e-05
-18.944 0.00012175 4.6522e-05
-18.886 0.00016234 5.5823e-05
-18.828 0.00014856 5.2695e-05
-18.77 0.00013786 5.0635e-05
-18.712 0.00029986 8.5004e-05
-18.654 0.00016327 5.6141e-05
-18.596 0.00017689 5.9155e-05
-18.538 0.00012318 4.7069e-05
-18.48 0.00011046 4.417e-05
-18.422 0.00030319 8.5949e-05
-18.364 0.00016421 5.6464e-05
-18.306 0.00011067 4.4257e-05
-18.248 0.0002637 7.8019e-05
-18.19 0.000208 6.629e-05
-18.132 0.00016573 5.6987e-05
-18.074 0.00037483 0.00010054
-18.016 0.00015406 5.4645e-05
-17.958 0.00015262 5.4135e-05
-17.9 0.00019475 6.3505e-05
-17.841 0.00012595 4.8127e-05
-17.783 0.00018362 6.1405e-05
-17.725 0.00019681 6.4179e-05
-17.667 0.00012507 4.7791e-05
-17.609 0.00022691 7.0817e-05
-17.551 0.00022591 7.0507e-05
-17.493 0.00019804 6.4578e-05
-17.435 0.00012683 4.8464e-05
-17.377 0.00018384 6.1479e-05
-17.319 0.00021388 6.8164e-05
-17.261 9.9509e-05 4.1955e-05
-17.203 0.00024089 7.375e-05
-17.145 0.00015803 5.6055e-05
-17.087 0.00028443 8.2878e-05
-17.029 0.00015691 5.5658e-05
-16.971 0.00014166 5.2032e-05
-16.913 0.00024414 7.4743e-05
-16.855 0.00015865 5.6275e-05
-16.797 0.00012837 4.9052e-05
-16.739 0.00014192 5.2128e-05
-16.681 0.00012964 4.9537e-05
-16.623 0.00015735 5.5814e-05
-16.565 0.0001577 5.5937e-05
-16.507 0.00010073 4.247e-05
-16.449 0.00020096 6.553e-05
-16.391 0.00013056 4.9892e-05
-16.333 0.00017195 5.9125e-05
-16.275 0.00017386 5.9782e-05
-16.217 0.00029007 8.4521e-05
-16.159 0.00027502 8.1368e-05
-16.101 0.00015855 5.624e-05
-16.043 0.00017404 5.9844e-05
-15.985 0.00015923 5.6478e-05
-15.927 0.00014598 5.3616e-05
-15.869 0.00013115 5.0115e-05
-15.811 0.00015845 5.6203e-05
-15.753 0.00014491 5.3225e-05
-15.695 0.00013217 5.0506e-05
-15.637 0.00016056 5.6952e-05
-15.579 0.00024946 7.6373e-05
-15.521 0.00024719 7.5677e-05
-15.463 0.00025061 7.6726e-05
-15.405 0.00011747 4.6975e-05
-15.347 0.00016077 5.7027e-05
-15.289 0.00010291 4.3391e-05
-15.231 0.00019347 6.4697e-05
-15.173 0.00026616 8.0053e-05
-15.114 0.00010341 4.36e-05
-15.056 0.00030902 8.8773e-05
-14.998 0.00023681 7.3907e-05
-14.94 0.00025333 7.7559e-05
-14.882 0.00016247 5.7629e-05
-14.824 0.00020726 6.7585e-05
-14.766 0.00019427 6.4966e-05
-14.708 0.00019235 6.4324e-05
-14.65 0.00016237 5.7592e-05
-14.592 0.00017896 6.1536e-05
-14.534 0.00014908 5.4757e-05
-14.476 0.00025439 7.7883e-05
-14.418 0.00019373 6.4785e-05
-14.36 0.00017842 6.1353e-05
-14.302 0.00022484 7.1657e-05
-14.244 0.000149 5.4728e-05
-14.186 0.00019228 6.4298e-05
-14.128 0.00022449 7.1546e-05
-14.07 0.0001497 5.4985e-05
-14.012 0.00012048 4.8177e-05
-13.954 0.00019336 6.4661e-05
-13.896 0.00020848 6.7982e-05
-13.838 9.0936e-05 4.0827e-05
-13.78 0.00030339 8.8403e-05
-13.722 8.9968e-05 4.0393e-05
-13.664 0.00018231 6.2689e-05
-13.606 0.00022775 7.2586e-05
-13.548 0.00021087 6.8763e-05
-13.49 0.00013496 5.1573e-05
-13.432 0.00028797 8.52e-05
-13.374 0.00021334 6.9567e-05
-13.316 0.00012117 4.8454e-05
-13.258 0.00025716 7.8731e-05
-13.2 0.00016709 5.9267e-05
-13.142 0.00016797 5.9581e-05
-13.084 0.00016592 5.8854e-05
-13.026 0.00031616 9.0823e-05
-12.968 0.00016691 5.9204e-05
-12.91 0.0001531 5.6232e-05
-12.852 0.00024327 7.5924e-05
-12.794 0.00022766 7.2556e-05
-12.736 0.00026007 7.9621e-05
-12.678 0.00018379 6.3197e-05
-12.62 0.0002899 8.5771e-05
-12.562 0.00037955 0.00010388
-12.504 0.00022904 7.2995e-05
-12.446 0.00024732 7.7187e-05
-12.388 0.00026071 7.9818e-05
-12.329 0.00025842 7.9115e-05
-12.271 0.00021549 7.0269e-05
-12.213 0.00016941 6.0091e-05
-12.155 0.00018418 6.3333e-05
-12.097 0.00018425 6.3357e-05
-12.039 0.0002604 7.9722e-05
-11.981 0.00012361 4.9428e-05
-11.923 0.00021693 7.0737e-05
-11.865 0.00013704 5.2367e-05
-11.807 0.00016993 6.0276e-05
-11.749 0.00013956 5.3329e-05
-11.691 0.00025995 7.9585e-05
-11.633 0.00015399 5.6559e-05
-11.575 0.00027571 8.2926e-05
-11.517 0.00023368 7.4476e-05
-11.459 0.00041425 0.00011111
-11.401 0.00021595 7.0418e-05
-11.343 0.00014 5.3498e-05
-11.285 0.00021759 7.0954e-05
-11.227 0.00019973 6.6792e-05
-11.169 0.00024632 7.6877e-05
-11.111 0.00029459 8.7159e-05
-11.053 0.00013971 5.3386e-05
-10.995 0.00029645 8.771e-05
-10.937 0.00016947 6.0112e-05
-10.879 0.00018691 6.427e-05
-10.821 0.00026477 8.1061e-05
-10.763 0.00024888 7.7674e-05
-10.705 0.00026174 8.0133e-05
-10.647 0.00010943 4.614e-05
-10.589 0.00018885 6.4937e-05
-10.531 0.00015563 5.7162e-05
-10.473 0.000248 7.74e-05
-10.415 0.00021933 7.1522e-05
-10.357 0.00032794 9.4208e-05
-10.299 0.00029532 8.7374e-05
-10.241 0.00012513 5.0036e-05
-10.183 0.00012456 4.9809e-05
-10.125 0.00015702 5.7671e-05
-10.067 0.00033001 9.4802e-05
-10.009 0.00018566 6.3842e-05
-9.9506 0.00028165 8.4711e-05
-9.8926 0.00014149 5.4068e-05
-9.8346 0.00028436 8.5525e-05
-9.7766 0.00017156 6.0855e-05
-9.7185 0.00024861 7.7591e-05
-9.6605 0.00018957 6.5186e-05
-9.6025 0.00010969 4.6247e-05
-9.5445 0.00024872 7.7625e-05
-9.4864 0.00026567 8.1336e-05
-9.4284 0.00026937 8.2467e-05
-9.3704 0.00015878 5.832e-05
-9.3124 0.00014041 5.3654e-05
-9.2544 0.00034309 9.726e-05
-9.1963 0.0001776 6.2997e-05
-9.1383 0.00026415 8.0871e-05
-9.0803 0.00020317 6.794e-05
-9.0223 0.00020551 6.8724e-05
-8.9643 0.00014475 5.5313e-05
-8.9062 0.00023415 7.4623e-05
-8.8482 0.00025322 7.9028e-05
-8.7902 0.00025132 7.8438e-05
-8.7322 0.00030258 8.9524e-05
-8.6742 0.00020675 6.9138e-05
-8.6161 0.00022036 7.1858e-05
-8.5581 0.00028776 8.6549e-05
-8.5001 0.00028483 8.5666e-05
-8.4421 0.00020357 6.8077e-05
-8.384 0.00023769 7.5753e-05
-8.326 0.00020357 6.8077e-05
-8.268 0.00026869 8.2261e-05
-8.21 0.00036389 0.00010188
-8.152 0.00023648 7.5366e-05
-8.0939 0.00034591 9.806e-05
-8.0359 0.00022281 7.2655e-05
-7.9779 0.00045868 0.00012082
-7.9199 0.00025312 7.8998e-05
-7.8619 0.00022014 7.1786e-05
-7.8038 0.00017578 6.235e-05
-7.7458 0.00034712 9.8402e-05
-7.6878 0.00025365 7.9163e-05
-7.6298 0.00033338 9.5771e-05
-7.5718 0.00033687 9.6774e-05
-7.5137 0.00028713 8.6359e-05
-7.4557 0.00026937 8.247e-05
-7.3977 0.00019189 6.5985e-05
-7.3397 0.00020937 7.0017e-05
-7.2816 0.00016094 5.9112e-05
-7.2236 0.00020332 6.7992e-05
-7.1656 0.0002759 8.4467e-05
-7.1076 0.00025916 8.0882e-05
-7.0496 0.00039538 0.00010821
-6.9915 0.00025469 7.9489e-05
-6.9335 0.00022669 7.392e-05
-6.8755 0.00031524 9.1857e-05
-6.8175 0.00025652 8.006e-05
-6.7595 0.00027029 8.2751e-05
-6.7014 0.00039693 0.00010864
-6.6434 0.00019574 6.7307e-05
-6.5854 0.00029854 8.8327e-05
-6.5274 0.00032162 9.3717e-05
-6.4694 0.00020278 6.7813e-05
-6.4113 0.00027766 8.5006e-05
-6.3533 0.00025595 7.9881e-05
-6.2953 0.00033546 9.6367e-05
-6.2373 0.0002346 7.4768e-05
-6.1792 0.00028113 8.607e-05
-6.1212 0.00036163 0.00010125
-6.0632 0.0003021 8.9381e-05
-6.0052 0.00027549 8.4342e-05
-5.9472 0.0004004 0.00010959
-5.8891 0.00038534 0.00010663
-5.8311 0.00040031 0.00010956
-5.7731 0.00045575 0.00012005
-5.7151 0.0003659 0.00010373
-5.6571 0.00023498 7.489e-05
-5.599 0.00036724 0.00010282
-5.541 0.00031051 9.1869e-05
-5.483 0.0003377 9.7011e-05
-5.425 0.00023743 7.5669e-05
-5.3669 0.00014218 5.4329e-05
-5.3089 0.00035789 0.00010145
-5.2509 0.00039016 0.00010796
-5.1929 0.00034239 9.706e-05
-5.1349 0.00027259 8.3455e-05
-5.0768 0.0003983 0.00010901
-5.0188 0.00047375 0.00012479
-4.9608 0.00035049 9.9357e-05
-4.9028 0.00047706 0.00012462
-4.8448 0.00045406 0.00012066
-4.7867 0.00045818 0.00012069
-4.7287 0.00039888 0.00010917
-4.6707 0.00042014 0.0001138
-4.6127 0.00028363 8.5306e-05
-4.5547 0.00042964 0.00011524
-4.4966 0.00032419 9.4465e-05
-4.4386 0.00046879 0.00012349
-4.3806 0.00039709 0.00010868
-4.3226 0.00041507 0.00011243
-4.2645 0.00048686 0.00012718
-4.2065 0.00053154 0.00013573
-4.1485 0.00035411 0.00010038
-4.0905 0.0004009 0.00010972
-4.0325 0.00036803 0.00010304
-3.9744 0.00032019 9.3299e-05
-3.9164 0.00048502 0.0001267
-3.8584 0.00040781 0.00011161
-3.8004 0.0004129 0.00011184
-3.7424 0.00044349 0.00011785
-3.6843 0.00046659 0.00012291
-3.6263 0.00052217 0.00013431
-3.5683 0.00040763 0.00011156
-3.5103 0.00054741 0.00013792
-3.4523 0.00040747 0.00011037
-3.3942 0.00049812 0.00013012
-3.3362 0.00053942 0.00013775
-3.2782 0.00049165 0.00012646
-3.2202 0.00062898 0.00015563
-3.1621 0.00043634 0.00011819
-3.1041 0.00047479 0.00012305
-3.0461 0.00064735 0.00015929
-2.9881 0.00059457 0.00014886
-2.9301 0.0005179 0.00013134
-2.872 0.00046097 0.00012364
-2.814 0.00050841 0.00012983
-2.756 0.00051559 0.00013469
-2.698 0.00053598 0.00013593
-2.64 0.00065277 0.00015896
-2.5819 0.00066599 0.00016217
-2.5239 0.00054462 0.00013812
-2.4659 0.00050059 0.00013077
-2.4079 0.00060376 0.00014939
-2.3499 0.00049749 0.00012796
-2.2918 0.00063359 0.00015963
-2.2338 0.00059931 0.00014522
-2.1758 0.00075639 0.00018242
-2.1178 0.00065564 0.00015812
-2.0597 0.00064977 0.00015822
-2.0017 0.00083719 0.00019844
-1.9437 0.00064013 0.00015368
-1.8857 0.00060553 0.00015161
-1.8277 0.00082414 0.00019534
-1.7696 0.00066086 0.00015543
-1.7116 0.00081517 0.00019659
-1.6536 0.00070316 0.00016881
-1.5956 0.00096177 0.00021784
-1.5376 0.0010807 0.00023735
-1.4795 0.0011662 0.00026345
-1.4215 0.0010892 0.0002426
-1.3635 0.0013506 0.00029266
-1.3055 0.0015464 0.00032406
-1.2475 0.0017439 0.00037082
-1.1894 0.0021147 0.00043364
-1.1314 0.0028087 0.0005733
-1.0734 0.0035446 0.0007035
-1.0154 0.0037622 0.00074178
-0.95735 0.0052598 0.0010242
-0.89933 0.0054256 0.0010553
-0.84131 0.006251 0.0012072
-0.78328 0.0065724 0.0012695
-0.72526 0.0086989 0.001666
-0.66724 0.0084384 0.0016195
-0.60922 0.0091257 0.0017542
-0.5512 0.0090985 0.0017467
-0.49318 0.0098589 0.0018802
-0.43516 0.010369 0.0019737
-0.37714 0.0095682 0.0018291
-0.31912 0.010472 0.0020026
-0.26109 0.010437 0.0020059
-0.20307 0.0090343 0.0017239
-0.14505 0.0088255 0.0016887
-0.087032 0.0090203 0.0017351
-0.029011 0.0082507 0.0015818
0.029011 0.0067242 0.001306
0.087032 0.0067845 0.0013071
0.14505 0.0056352 0.0010888
0.20307 0.0058575 0.0011503
0.26109 0.0041926 0.00082875
0.31912 0.0038577 0.00076122
0.37714 0.00287 0.00057145
0.43516 0.0021036 0.0004301
0.49318 0.0017181 0.00036577
0.5512 0.0011802 0.0002653
0.60922 0.0013083 0.0002844
0.66724 0.0010056 0.00022552
0.72526 0.0012344 0.00027014
0.78328 0.00059402 0.00014617
0.84131 0.00055134 0.00013891
0.89933 0.00090142 0.00020644
0.95735 0.00076651 0.00017835
1.0154 0.00076872 0.00018221
1.0734 0.00059667 0.00015347
1.1314 0.00065894 0.00015892
1.1894 0.00070303 0.00017299
1.2475 0.00066798 0.0001577
1.3055 0.00057163 0.00014402
1.3635 0.00058906 0.0001466
1.4215 0.00066152 0.00016667
1.4795 0.00058906 0.00014344
1.5376 0.00067449 0.00016344
1.5956 0.00040335 0.00011039
1.6536 0.00057404 0.00014995
1.7116 0.00058869 0.00014133
1.7696 0.00053725 0.00014034
1.8277 0.00055479 0.00014167
1.8857 0.00048876 0.00012395
1.9437 0.00047802 0.00012948
2.0017 0.00054988 0.00013854
2.0597 0.00063677 0.00015506
2.1178 0.00048908 0.00013118
2.1758 0.00052764 0.00013131
2.2338 0.00066216 0.00016578
2.2918 0.00037165 0.00010284
2.3499 0.00048975 0.00012793
2.4079 0.00047286 0.00012456
2.4659 0.00043115 0.00011678
2.5239 0.00036814 0.00010307
2.5819 0.00044301 0.00011883
2.64 0.00051789 0.00013225
2.698 0.00038444 0.00010898
2.756 0.00047607 0.00012338
2.814 0.00039522 0.00011065
2.872 0.00040129 0.0001087
2.9301 0.00052726 0.00013562
2.9881 0.00040359 0.00011168
3.0461 0.00046327 0.00012102
3.1041 0.00042389 0.00011601
3.1621 0.00040187 0.00011121
3.2202 0.0004771 0.00012365
3.2782 0.00036446 0.00010332
3.3362 0.00038594 0.00010805
3.3942 0.00022214 7.2438e-05
3.4523 0.00050668 0.00013032
3.5103 0.0002321 7.5686e-05
3.5683 0.00043108 0.00011676
3.6263 0.00040255 0.00011017
3.6843 0.00036861 0.0001032
3.7424 0.00035513 0.00010067
3.8004 0.00031501 9.3201e-05
3.8584 0.00026387 8.2354e-05
3.9164 0.00032471 9.4617e-05
3.9744 0.00040475 0.00011078
4.0325 0.00030814 9.1169e-05
4.0905 0.0002772 8.4865e-05
4.1485 0.00022721 7.4091e-05
4.2065 0.00032775 9.5502e-05
4.2645 0.00030981 9.1664e-05
4.3226 0.00036865 0.00010321
4.3806 0.00032779 9.5512e-05
4.4386 0.00024744 7.8859e-05
4.4966 0.00035678 0.00010114
4.5547 0.00022466 7.3258e-05
4.6127 0.00027984 8.5675e-05
4.6707 0.00025814 8.0565e-05
4.7287 0.00031895 9.2937e-05
4.7867 0.00023094 7.5308e-05
4.8448 0.00035459 0.00010052
4.9028 0.00045571 0.0001211
4.9608 0.00024945 7.9501e-05
5.0188 0.00033963 9.7566e-05
5.0768 0.00026199 8.1768e-05
5.1349 0.0003011 8.9085e-05
5.1929 0.00021574 7.2144e-05
5.2509 0.00016464 6.0471e-05
5.3089 0.00032402 9.4416e-05
5.3669 0.00028865 8.6816e-05
5.425 0.00021597 7.2223e-05
5.483 0.0002826 8.652e-05
5.541 0.00024167 7.7022e-05
5.599 0.00022418 7.3102e-05
5.6571 0.0002217 7.4138e-05
5.7151 0.0002394 7.6297e-05
5.7731 0.00029334 8.8229e-05
5.8311 0.00031392 9.288e-05
5.8891 0.00024404 7.7778e-05
5.9472 0.00023289 7.5942e-05
6.0052 0.00021326 7.1317e-05
6.0632 6.3894e-05 3.4104e-05
6.1212 0.00025447 8.1101e-05
6.1792 0.00024111 7.6843e-05
6.2373 0.00031183 9.226e-05
6.2953 0.00030702 9.0837e-05
6.3533 0.00015176 5.7992e-05
6.4113 0.00015991 5.8735e-05
6.4694 0.00014854 5.676e-05
6.5274 0.00016057 5.8977e-05
6.5854 0.00015146 5.7876e-05
6.6434 0.00022925 7.4758e-05
6.7014 0.00029275 8.8048e-05
6.7595 0.00021288 7.1188e-05
6.8175 0.00025701 8.0214e-05
6.8755 0.00031451 9.3054e-05
6.9335 0.00034087 9.7921e-05
6.9915 0.00014633 5.5915e-05
7.0496 0.00014963 5.7175e-05
7.1076 0.00021542 7.2039e-05
7.1656 0.00019361 6.6575e-05
7.2236 0.00022908 7.4702e-05
7.2816 0.00023156 7.5509e-05
7.3397 0.0001823 6.4664e-05
7.3977 0.00027372 8.38e-05
7.4557 0.00040877 0.00011188
7.5137 0.00019707 6.7763e-05
7.5718 0.00023025 7.5082e-05
7.6298 0.0002622 8.1833e-05
7.6878 0.00013111 5.2429e-05
7.7458 0.00026023 8.1219e-05
7.8038 0.00011424 4.8167e-05
7.8619 0.00011407 4.8093e-05
7.9199 9.7395e-05 4.3727e-05
7.9779 0.00027654 8.4665e-05
8.0359 0.00033723 9.6878e-05
8.0939 0.00024127 7.6893e-05
8.152 0.00016396 6.0222e-05
8.21 0.00022822 7.4421e-05
8.268 0.00016199 5.9499e-05
8.326 0.00011356 4.7879e-05
8.384 0.00012907 5.1611e-05
8.4421 0.00024357 7.7626e-05
8.5001 0.00024728 7.881e-05
8.5581 0.00017582 6.2366e-05
8.6161 0.00021301 7.1232e-05
8.6742 0.00026242 8.1901e-05
8.7322 0.00014558 5.5627e-05
8.7902 0.00016236 5.9633e-05
8.8482 0.00014534 5.5538e-05
8.9062 0.00014914 5.6989e-05
8.9643 0.0003242 9.4467e-05
9.0223 0.00014562 5.5646e-05
9.0803 0.00016079 5.9057e-05
9.1383 0.00016413 6.0284e-05
9.1963 0.00012891 5.1547e-05
9.2544 0.00016094 5.9114e-05
9.3124 0.00022804 7.4361e-05
9.3704 0.00021165 7.0778e-05
9.4284 0.00011295 4.7623e-05
9.4864 0.00027345 8.3718e-05
9.5445 0.00017685 6.2729e-05
9.6025 0.00022919 7.4736e-05
9.6605 0.00014508 5.5439e-05
9.7185 0.00022537 7.3492e-05
9.7766 9.8076e-05 4.4033e-05
9.8346 0.00016127 5.9232e-05
9.8926 0.00014555 5.5617e-05
9.9506 0.00035215 9.9826e-05
10.009 0.00019407 6.6734e-05
10.067 0.00013002 5.1994e-05
10.125 0.00032126 9.3612e-05
10.183 0.00019361 6.6574e-05
10.241 0.00020866 6.9779e-05
10.299 0.00016173 5.9401e-05
10.357 0.00014566 5.5661e-05
10.415 0.00023781 7.579e-05
10.473 0.00022485 7.3321e-05
10.531 0.00032463 9.4592e-05
10.589 0.00019378 6.6632e-05
10.647 0.00025556 7.9761e-05
10.705 0.000113 4.7641e-05
10.763 0.00014521 5.5488e-05
10.821 0.00020894 6.987e-05
10.879 6.3434e-05 3.3859e-05
10.937 0.00017682 6.2719e-05
10.995 0.00023999 7.6486e-05
11.053 0.00014291 5.4609e-05
11.111 0.00017543 6.2224e-05
11.169 0.00025633 8.0001e-05
11.227 0.00017663 6.2651e-05
11.285 0.0001124 4.7391e-05
11.343 0.00023877 7.6096e-05
11.401 0.00022258 7.2582e-05
11.459 0.0001289 5.1546e-05
11.517 0.00011155 4.7031e-05
11.575 0.00012749 5.0981e-05
11.633 0.00035116 9.9548e-05
11.691 0.00024006 7.6507e-05
11.749 0.00025693 8.0186e-05
11.807 0.00015843 5.8192e-05
11.865 0.00017686 6.2734e-05
11.923 0.00016096 5.9121e-05
11.981 0.00014276 5.4551e-05
12.039 0.00017544 6.2231e-05
12.097 0.0002221 7.2424e-05
12.155 0.00011281 4.7561e-05
12.213 0.0002545 7.9429e-05
12.271 0.0001738 6.1648e-05
12.329 0.00020782 6.9497e-05
12.388 0.0001596 5.8622e-05
12.446 0.00011079 4.6713e-05
12.504 0.00012573 5.0277e-05
12.562 0.0002042 6.8286e-05
12.62 0.00017464 6.1947e-05
12.678 0.00020473 6.8464e-05
12.736 0.00012484 4.9921e-05
12.794 0.0003285 9.4369e-05
12.852 0.0002205 7.1904e-05
12.91 0.00017149 6.0827e-05
12.968 9.3592e-05 4.202e-05
13.026 0.00017256 6.1209e-05
13.084 0.0001869 6.4267e-05
13.142 9.3535e-05 4.1994e-05
13.2 0.00013987 5.3447e-05
13.258 0.00017249 6.1183e-05
13.316 0.00010969 4.6249e-05
13.374 0.00029613 8.7616e-05
13.432 0.00026299 8.0514e-05
13.49 0.0001402 5.3574e-05
13.548 0.00010935 4.6104e-05
13.606 0.00010891 4.5918e-05
13.664 0.00017033 6.0418e-05
13.722 0.00014067 5.3752e-05
13.78 0.00012485 4.9926e-05
13.838 0.00010885 4.5894e-05
13.896 0.00020276 6.7803e-05
13.954 0.00013964 5.3359e-05
14.012 0.00021834 7.1197e-05
14.07 0.00015541 5.7082e-05
14.128 0.00018542 6.376e-05
14.186 6.2066e-05 3.3129e-05
14.244 0.00015507 5.6957e-05
14.302 0.00023231 7.4038e-05
14.36 0.00021523 7.0183e-05
14.418 0.00027771 8.3527e-05
14.476 0.00010742 4.5289e-05
14.534 0.00016937 6.0075e-05
14.592 0.00015381 5.6495e-05
14.65 0.00021606 7.0456e-05
14.708 0.00017155 6.0851e-05
14.766 0.00020132 6.7324e-05
14.824 0.00027431 8.2503e-05
14.882 0.00018585 6.3905e-05
14.94 0.0002005 6.7048e-05
14.998 0.000122 4.8784e-05
15.056 0.0001359 5.1929e-05
15.114 0.00016889 5.9905e-05
15.173 9.191e-05 4.1265e-05
15.231 0.00010728 4.5233e-05
15.289 0.00012067 4.8255e-05
15.347 7.6474e-05 3.7065e-05
15.405 0.00012225 4.8887e-05
15.463 0.00015167 5.5707e-05
15.521 0.00016644 5.9038e-05
15.579 0.0001066 4.4943e-05
15.637 0.00012175 4.8687e-05
15.695 0.00012093 4.8359e-05
15.753 0.00021032 6.8584e-05
15.811 9.0498e-05 4.0631e-05
15.869 0.00018247 6.2744e-05
15.927 0.00022475 7.1628e-05
15.985 0.0001504 5.5242e-05
16.043 6.0059e-05 3.2057e-05
16.101 9.075e-05 4.0744e-05
16.159 0.00021187 6.9087e-05
16.217 0.0001348 5.1509e-05
16.275 0.00019561 6.5413e-05
16.333 0.00018012 6.1937e-05
16.391 0.00019531 6.5315e-05
16.449 0.00014806 5.4381e-05
16.507 0.00019407 6.4898e-05
16.565 0.00022389 7.1354e-05
16.623 0.00011869 4.7461e-05
16.681 0.00016273 5.7721e-05
16.739 0.00019125 6.3957e-05
16.797 0.00017832 6.1318e-05
16.855 0.00011788 4.7138e-05
16.913 0.00014599 5.362e-05
16.971 0.00014731 5.4106e-05
17.029 0.0001333 5.0938e-05
17.087 5.8745e-05 3.1356e-05
17.145 0.00011653 4.6599e-05
17.203 0.00013251 5.0636e-05
17.261 0.00014758 5.4205e-05
17.319 0.00024959 7.6411e-05
17.377 0.0002179 6.9447e-05
17.435 0.00017443 5.998e-05
17.493 0.00010295 4.3405e-05
17.551 0.00018951 6.3374e-05
17.609 0.00020176 6.5793e-05
17.667 0.00018926 6.3291e-05
17.725 0.00014498 5.3252e-05
17.783 0.00018827 6.2958e-05
17.841 0.00015898 5.6392e-05
17.9 0.00020144 6.5689e-05
17.958 0.00013019 4.9747e-05
18.016 0.00011453 4.5797e-05
18.074 9.9227e-05 4.1836e-05
18.132 0.00012931 4.9413e-05
18.19 0.00015726 5.5781e-05
18.248 0.00017164 5.902e-05
18.306 9.8969e-05 4.1727e-05
18.364 0.00015731 5.5798e-05
18.422 0.00021359 6.8072e-05
18.48 0.00012772 4.8805e-05
18.538 0.00014179 5.208e-05
18.596 0.00014038 5.156e-05
18.654 0.00012799 4.8908e-05
18.712 0.00029837 8.5713e-05
18.77 0.00012654 4.8355e-05
18.828 0.00016919 5.8179e-05
18.886 0.00024114 7.3825e-05
18.944 0.00018216 6.0916e-05
19.002 0.00013927 5.1153e-05
19.06 0.00013974 5.1325e-05
19.118 6.9966e-05 3.391e-05
19.176 0.00012524 4.7856e-05
19.234 0.0001669 5.7391e-05
19.292 0.00016554 5.6922e-05
19.35 0.00019411 6.3297e-05
19.408 0.00013863 5.0917e-05
19.466 0.0001092 4.3668e-05
19.524 0.00011049 4.4182e-05
19.582 0.00016574 5.6992e-05
19.64 0.00012336 4.7138e-05
19.698 0.00017749 5.9355e-05
19.756 0.00020401 6.5017e-05
19.814 0.00012436 4.7519e-05
19.872 9.5026e-05 4.0065e-05
19.93 9.4973e-05 4.0042e-05
19.988 0.00014921 5.2924e-05
20.046 9.4738e-05 3.9944e-05
20.104 0.00012147 4.6416e-05
20.162 0.00014741 5.2287e-05
20.22 0.00018979 6.1889e-05
20.278 0.00020296 6.4685e-05
20.336 0.00010757 4.3016e-05
20.394 0.00018664 6.086e-05
20.452 0.00018619 6.0715e-05
20.51 0.00012183 4.6553e-05
20.568 0.00021373 6.6705e-05
20.626 0.00021014 6.5585e-05
20.685 0.00020924 6.5303e-05
20.743 0.00017133 5.7293e-05
20.801 0.00011857 4.531e-05
20.859 0.00026078 7.5987e-05
20.917 0.0001441 5.1113e-05
20.975 0.00015604 5.3655e-05
21.033 0.00010461 4.1831e-05
21.091 9.0255e-05 3.8053e-05
21.149 0.00010355 4.1408e-05
21.207 0.00010393 4.156e-05
21.265 0.00014205 5.0384e-05
21.323 0.00015328 5.2707e-05
21.381 0.00023186 6.9736e-05
21.439 9.0308e-05 3.8076e-05
21.497 0.00010231 4.091e-05
21.555 0.00016532 5.5285e-05
21.613 8.8874e-05 3.7471e-05
21.671 0.00010163 4.0641e-05
21.729 0.00017639 5.7521e-05
21.787 0.00015159 5.2127e-05
21.845 0.00016252 5.4348e-05
21.903 0.00018742 5.9731e-05
21.961 0.0001617 5.4074e-05
22.019 0.0001351 4.7919e-05
22.077 0.00018492 5.8936e-05
22.135 0.00012313 4.5224e-05
22.193 0.00014595 5.0188e-05
22.251 8.4735e-05 3.5726e-05
22.309 0.00015926 5.3259e-05
22.367 0.00013455 4.7725e-05
22.425 0.00014617 5.0261e-05
22.483 0.00015642 5.2307e-05
22.541 0.00018197 5.7994e-05
22.599 0.00010934 4.1782e-05
22.657 0.0001445 4.9688e-05
22.715 0.00011898 4.3701e-05
22.773 0.00015611 5.2205e-05
22.831 0.00014441 4.9658e-05
22.889 0.00028397 7.858e-05
22.947 0.00011735 4.31e-05
23.005 0.00012973 4.6017e-05
23.063 0.00012921 4.5832e-05
23.121 0.0001056 4.0351e-05
23.179 0.00017416 5.5506e-05
23.237 0.00018562 5.7933e-05
23.295 0.00016169 5.2724e-05
23.353 0.00012599 4.4689e-05
23.412 0.00013764 4.7328e-05
23.47 0.0001367 4.7006e-05
23.528 0.00012549 4.451e-05
23.586 0.00020355 6.1222e-05
23.644 0.00014658 4.9018e-05
23.702 0.00013522 4.6496e-05
23.76 0.00016779 5.3476e-05
23.818 7.7731e-05 3.2773e-05
23.876 0.00019847 5.9695e-05
23.934 0.00012124 4.3003e-05
23.992 8.7991e-05 3.5186e-05
24.05 0.00010937 4.0172e-05
24.108 0.00010815 3.9725e-05
24.166 0.00015192 4.954e-05
24.224 9.7194e-05 3.714e-05
24.282 0.00011779 4.1781e-05
24.34 0.00013802 4.6154e-05
24.398 0.00010663 3.9164e-05
24.456 0.00014883 4.8533e-05
24.514 0.00016803 5.2441e-05
24.572 0.00015639 4.9841e-05
24.63 0.00014632 4.7714e-05
24.688 0.00013533 4.5255e-05
24.746 0.00012382 4.2575e-05
24.804 0.0001117 3.9622e-05
24.862 0.00013275 4.4393e-05
24.92 0.00018295 5.5027e-05
24.978 0.00012023 4.1343e-05
25.036 7.9468e-05 3.1778e-05
25.094 0.00012946 4.3291e-05
25.152 7.9249e-05 3.169e-05
25.21 0.00012713 4.2514e-05
25.268 0.00014672 4.676e-05
25.326 0.00010696 3.7941e-05
25.384 9.6492e-05 3.5441e-05
25.442 0.0002212 6.193e-05
25.5 0.00014298 4.557e-05
25.558 0.00016018 4.904e-05
25.616 0.00024569 6.6549e-05
25.674 0.00014963 4.6701e-05
25.732 0.00013791 4.3952e-05
25.79 0.0001559 4.7728e-05
25.848 8.216e-05 3.1395e-05
25.906 0.00017188 5.0855e-05
25.964 0.00012499 4.0759e-05
26.022 0.00015273 4.6757e-05
26.08 0.00021299 5.8939e-05
26.138 0.00014189 4.4284e-05
26.197 9.6564e-05 3.4252e-05
26.255 0.00018373 5.2781e-05
26.313 0.00014864 4.5505e-05
26.371 0.00015528 4.6704e-05
26.429 0.00017089 4.9795e-05
26.487 0.00015244 4.585e-05
26.545 0.00010948 3.6612e-05
26.603 0.00018249 5.1732e-05
26.661 0.00011422 3.7247e-05
26.719 0.00014696 4.4201e-05
26.777 0.00016191 4.7178e-05
26.835 0.00011986 3.8201e-05
26.893 0.00010215 3.4159e-05
26.951 0.00016446 4.7245e-05
27.009 0.00011595 3.6954e-05
27.067 0.0001448 4.2841e-05
27.125 0.0001503 4.3795e-05
27.183 0.00014673 4.2755e-05
27.241 0.00010928 3.4828e-05
27.299 0.00015819 4.4842e-05
27.357 0.00016938 4.6869e-05
27.415 0.00011975 3.6663e-05
27.473 9.0734e-05 3.0342e-05
27.531 0.00012393 3.7275e-05
27.589 0.00010204 3.252e-05
27.647 0.00013376 3.8976e-05
27.705 0.00020376 5.2807e-05
27.763 0.00016089 4.4034e-05
27.821 0.00013231 3.801e-05
27.879 9.869e-05 3.0801e-05
27.937 0.00015184 4.1558e-05
27.995 0.00020183 5.1186e-05
28.053 0.00019735 5.005e-05
28.111 0.00015543 4.169e-05
28.169 0.00013471 3.7277e-05
28.227 0.0001158 3.3266e-05
28.285 0.00019431 4.8649e-05
28.343 0.00015228 4.0114e-05
28.401 0.00011411 3.2347e-05
28.459 0.00013488 3.6178e-05
28.517 0.00017523 4.3872e-05
28.575 0.00013675 3.6022e-05
28.633 0.00013518 3.5312e-05
28.691 0.0001113 3.0148e-05
28.749 0.00013757 3.489e-05
28.807 0.00017631 4.2142e-05
28.865 0.0001456 3.6026e-05
28.924 0.00012129 3.0974e-05
28.982 0.00012484 3.1256e-05
29.04 0.00014335 3.4414e-05
29.098 0.00011378 2.8153e-05
29.156 0.00014126 3.2867e-05
29.214 0.00013775 3.1455e-05
29.272 0.00012769 2.8702e-05
29.33 0.00016205 3.4498e-05
29.388 0.00013699 2.8125e-05
29.446 0.00016257 3.3202e-05
29.504 0 1
29.562 0 1
29.62 0 1
29.678 0 1
