-29.678 0 1
-29.62 0 1
-29.562 0 1
-29.504 0.00024534 4.7609e-05
-29.446 0.00021133 4.1099e-05
-29.388 0.00022683 4.5195e-05
-29.33 0.00019471 3.9755e-05
-29.272 0.00024692 5.0072e-05
-29.214 0.00024456 5.0226e-05
-29.156 0.00025641 5.2967e-05
-29.098 0.00022159 4.6875e-05
-29.04 0.0001736 3.8205e-05
-28.982 0.00021248 4.5794e-05
-28.924 0.00023153 4.9608e-05
-28.865 0.00020832 4.5497e-05
-28.807 0.00019146 4.2583e-05
-28.749 0.00016202 3.7321e-05
-28.691 0.00023974 5.2361e-05
-28.633 0.00017705 4.0783e-05
-28.575 0.00020465 4.6187e-05
-28.517 0.00021025 4.7451e-05
-28.459 0.00021786 4.9168e-05
-28.401 0.00022945 5.1519e-05
-28.343 0.00026934 5.9274e-05
-28.285 0.00022099 5.0436e-05
-28.227 0.00026346 5.8598e-05
-28.169 0.00019313 4.5448e-05
-28.111 0.00025491 5.7235e-05
-28.053 0.00024028 5.4678e-05
-27.995 0.00021114 4.9311e-05
-27.937 0.00022993 5.2965e-05
-27.879 0.00022173 5.1597e-05
-27.821 0.00026213 5.9483e-05
-27.763 0.00021785 5.1265e-05
-27.705 0.00022033 5.1849e-05
-27.647 0.00024395 5.657e-05
-27.589 0.00021808 5.1737e-05
-27.531 0.00018005 4.4677e-05
-27.473 0.00022916 5.4141e-05
-27.415 0.00020751 5.0126e-05
-27.357 0.00023938 5.6332e-05
-27.299 0.00018759 4.6547e-05
-27.241 0.00020331 4.961e-05
-27.183 0.0002371 5.6249e-05
-27.125 0.00021483 5.2151e-05
-27.067 0.0001914 4.7781e-05
-27.009 0.00025207 5.9553e-05
-26.951 0.00022809 5.5097e-05
-26.893 0.00020456 5.0757e-05
-26.835 0.00023564 5.6921e-05
-26.777 0.00021504 5.305e-05
-26.719 0.00022775 5.5575e-05
-26.661 0.00021343 5.2958e-05
-26.603 0.00022256 5.4905e-05
-26.545 0.00023489 5.7315e-05
-26.487 0.00019594 4.9897e-05
-26.429 0.00013794 3.8529e-05
-26.371 0.00017512 4.6009e-05
-26.313 0.0002612 6.2796e-05
-26.255 0.00020014 5.0966e-05
-26.197 0.00019511 5.0047e-05
-26.138 0.00021572 5.4194e-05
-26.08 0.00025467 6.1824e-05
-26.022 0.00021114 5.3395e-05
-25.964 0.00019441 5.0246e-05
-25.906 0.00024931 6.1163e-05
-25.848 0.00017929 4.7523e-05
-25.79 0.00022558 5.6671e-05
-25.732 0.00016219 4.4281e-05
-25.674 0.00019027 4.999e-05
-25.616 0.00017102 4.6209e-05
-25.558 0.0001716 4.6365e-05
-25.5 0.00020725 5.3564e-05
-25.442 0.00016786 4.583e-05
-25.384 0.00024217 6.0455e-05
-25.326 0.00019577 5.1433e-05
-25.268 0.00023139 5.8516e-05
-25.21 0.0002137 5.5232e-05
-25.152 0.00023464 5.9338e-05
-25.094 0.0002488 6.2111e-05
-25.036 0.00018811 5.0327e-05
-24.978 0.00019557 5.1837e-05
-24.92 0.00018972 5.0759e-05
-24.862 0.00026053 6.4646e-05
-24.804 0.00027148 6.6973e-05
-24.746 0.00022253 5.7515e-05
-24.688 0.00020073 5.3206e-05
-24.63 0.00022293 5.7619e-05
-24.572 0.00016737 4.6751e-05
-24.514 0.0002058 5.455e-05
-24.456 0.00025116 6.3516e-05
-24.398 0.00021449 5.6352e-05
-24.34 0.00023893 6.1287e-05
-24.282 0.00026207 6.5839e-05
-24.224 0.00027658 6.8629e-05
-24.166 0.00018046 4.9817e-05
-24.108 0.00019 5.1874e-05
-24.05 0.0002605 6.5879e-05
-23.992 0.00019998 5.4034e-05
-23.934 0.00027469 6.8574e-05
-23.876 0.00028522 7.0774e-05
-23.818 0.00013956 4.189e-05
-23.76 0.00020282 5.4801e-05
-23.702 0.00024143 6.24e-05
-23.644 0.00028231 7.0477e-05
-23.586 0.00014196 4.2611e-05
-23.528 0.00019655 5.3664e-05
-23.47 0.00023719 6.1794e-05
-23.412 0.00023684 6.1704e-05
-23.353 0.00018364 5.1295e-05
-23.295 0.00022314 5.9147e-05
-23.237 0.00024696 6.3829e-05
-23.179 0.00023204 6.0963e-05
-23.121 0.00020224 5.5216e-05
-23.063 0.00020111 5.4909e-05
-23.005 0.00015236 4.4985e-05
-22.947 0.00031551 7.7402e-05
-22.889 0.00027037 6.8848e-05
-22.831 0.00026174 6.7137e-05
-22.773 0.00018684 5.2189e-05
-22.715 0.00019049 5.3209e-05
-22.657 0.00013314 4.1474e-05
-22.599 0.00024835 6.4702e-05
-22.541 0.00021465 5.7996e-05
-22.483 0.0001758 5.0392e-05
-22.425 0.00023517 6.2335e-05
-22.367 0.00021856 5.9054e-05
-22.309 0.00016805 4.8864e-05
-22.251 0.00022136 5.9811e-05
-22.193 0.00016195 4.7815e-05
-22.135 0.00019587 5.471e-05
-22.077 0.00019596 5.4736e-05
-22.019 0.00017165 4.9909e-05
-21.961 0.00025964 6.7645e-05
-21.903 0.00017239 5.0125e-05
-21.845 0.00024286 6.4373e-05
-21.787 0.00012997 4.1348e-05
-21.729 0.00021915 5.9834e-05
-21.671 0.0001832 5.2512e-05
-21.613 0.00023584 6.3096e-05
-21.555 0.00024559 6.5096e-05
-21.497 0.0002484 6.5841e-05
-21.439 0.00016891 4.9872e-05
-21.381 0.0001492 4.5589e-05
-21.323 0.00021349 5.8937e-05
-21.265 0.00016071 4.824e-05
-21.207 0.00021364 5.8979e-05
-21.149 0.00023049 6.2278e-05
-21.091 0.00025036 6.6362e-05
-21.033 0.00034193 8.4354e-05
-20.975 0.00023432 6.331e-05
-20.917 0.00017063 5.0378e-05
-20.859 0.00022571 6.1625e-05
-20.801 0.00027204 7.0875e-05
-20.743 0.00018105 5.2641e-05
-20.685 0.00018114 5.2668e-05
-20.626 0.00022783 6.2203e-05
-20.568 0.00023832 6.4391e-05
-20.51 0.00021868 6.0368e-05
-20.452 0.00019202 5.5042e-05
-20.394 0.00018295 5.3196e-05
-20.336 0.0002872 7.4229e-05
-20.278 0.00019411 5.5639e-05
-20.22 0.00025733 6.8208e-05
-20.162 0.00030554 7.7805e-05
-20.104 0.00025116 6.7195e-05
-20.046 0.00022425 6.1907e-05
-19.988 0.00022336 6.1662e-05
-19.93 0.00019562 5.6073e-05
-19.872 0.00023547 6.4289e-05
-19.814 0.00017804 5.2567e-05
-19.756 0.00029947 7.6815e-05
-19.698 0.00025428 6.8032e-05
-19.64 0.00025692 6.8736e-05
-19.582 0.00025598 6.8487e-05
-19.524 0.00025367 6.7867e-05
-19.466 0.0001899 5.5216e-05
-19.408 0.00023798 6.4975e-05
-19.35 0.00014316 4.5545e-05
-19.292 0.00015202 4.7358e-05
-19.234 0.00020031 5.7416e-05
-19.176 0.00024129 6.5879e-05
-19.118 0.00025864 6.9196e-05
-19.06 0.00019975 5.7256e-05
-19.002 0.00017318 5.1983e-05
-18.944 0.00017391 5.22e-05
-18.886 0.00028062 7.3726e-05
-18.828 0.00028785 7.4993e-05
-18.77 0.00025182 6.804e-05
-18.712 0.00025248 6.8218e-05
-18.654 0.00023134 6.3863e-05
-18.596 0.0002123 6.0047e-05
-18.538 0.00025365 6.8536e-05
-18.48 0.00019552 5.6851e-05
-18.422 0.00021536 6.0911e-05
-18.364 0.00018416 5.4374e-05
-18.306 0.00020499 5.8759e-05
-18.248 0.00024623 6.7227e-05
-18.19 0.00011875 4.0771e-05
-18.132 0.00015714 4.8952e-05
-18.074 0.00018753 5.5369e-05
-18.016 0.0001701 5.1974e-05
-17.958 0.00016861 5.1519e-05
-17.9 0.00016826 5.1414e-05
-17.841 0.00019872 5.778e-05
-17.783 0.00016949 5.1791e-05
-17.725 0.00019902 5.7868e-05
-17.667 0.00012896 4.3056e-05
-17.609 0.00014081 4.5839e-05
-17.551 0.0002315 6.4664e-05
-17.493 0.00021894 6.1924e-05
-17.435 0.00018111 5.4361e-05
-17.377 0.00016017 4.9895e-05
-17.319 0.00013097 4.3725e-05
-17.261 0.00023422 6.5423e-05
-17.203 0.00016003 4.9853e-05
-17.145 0.00021246 6.0899e-05
-17.087 0.00017293 5.2839e-05
-17.029 0.0002031 5.9053e-05
-16.971 0.00024135 6.6628e-05
-16.913 0.00020313 5.9061e-05
-16.855 0.00029704 7.804e-05
-16.797 0.00019295 5.6968e-05
-16.739 0.00021247 6.0903e-05
-16.681 0.00014279 4.6484e-05
-16.623 0.00023459 6.5526e-05
-16.565 0.0002457 6.7828e-05
-16.507 0.00015351 4.8838e-05
-16.449 0.00017319 5.292e-05
-16.391 0.00032091 8.2942e-05
-16.333 0.00022458 6.3519e-05
-16.275 0.00023463 6.5537e-05
-16.217 0.00020523 5.9673e-05
-16.159 9.2991e-05 3.549e-05
-16.101 0.00023541 6.5756e-05
-16.043 0.00022662 6.4096e-05
-15.985 0.0003079 8.0217e-05
-15.927 0.00023998 6.7032e-05
-15.869 0.00018646 5.597e-05
-15.811 0.00020504 5.9618e-05
-15.753 0.0001762 5.3838e-05
-15.695 0.0002383 6.6562e-05
-15.637 0.00016551 5.1558e-05
-15.579 0.00020743 6.0312e-05
-15.521 0.00018731 5.6225e-05
-15.463 0.00022939 6.4881e-05
-15.405 0.00016773 5.225e-05
-15.347 0.00012505 4.2933e-05
-15.289 0.00018888 5.6696e-05
-15.231 0.00026432 7.2167e-05
-15.173 0.00020938 6.0879e-05
-15.114 0.00029207 7.7417e-05
-15.056 0.00023086 6.5297e-05
-14.998 0.00016956 5.2821e-05
-14.94 0.00016836 5.2447e-05
-14.882 0.00013601 4.541e-05
-14.824 0.00029538 7.8294e-05
-14.766 0.00016992 5.2931e-05
-14.708 0.0001365 4.5572e-05
-14.65 0.00026096 7.1249e-05
-14.592 0.00023212 6.5653e-05
-14.534 9.5228e-05 3.6343e-05
-14.476 0.00018028 5.5087e-05
-14.418 0.00019844 5.8589e-05
-14.36 0.00016927 5.2731e-05
-14.302 0.00017047 5.3103e-05
-14.244 0.0002532 6.9899e-05
-14.186 0.00014845 4.8324e-05
-14.128 0.00014889 4.8467e-05
-14.07 0.00021452 6.2374e-05
-14.012 0.00018115 5.5353e-05
-13.954 0.00026576 7.256e-05
-13.896 0.00018101 5.531e-05
-13.838 0.00020403 6.0241e-05
-13.78 0.00022506 6.451e-05
-13.722 0.00020237 5.9751e-05
-13.664 0.0001185 4.1973e-05
-13.606 0.00028033 7.5743e-05
-13.548 0.00023453 6.6333e-05
-13.49 0.00023527 6.6544e-05
-13.432 0.00018323 5.5987e-05
-13.374 0.00021594 6.2786e-05
-13.316 0.00018306 5.5935e-05
-13.258 0.00025685 7.0906e-05
-13.2 0.00020494 6.0508e-05
-13.142 0.00022738 6.5177e-05
-13.084 0.00010707 3.9275e-05
-13.026 0.0002903 7.7667e-05
-12.968 0.0003003 7.9597e-05
-12.91 0.0001738 5.4143e-05
-12.852 0.00025716 7.0991e-05
-12.794 0.00014034 4.6855e-05
-12.736 0.00021766 6.3287e-05
-12.678 0.00022816 6.54e-05
-12.62 0.00022735 6.5166e-05
-12.562 0.00022654 6.4936e-05
-12.504 0.00014011 4.6777e-05
-12.446 0.0001424 4.7542e-05
-12.388 0.00020596 6.081e-05
-12.329 0.00021676 6.3026e-05
-12.271 0.00016356 5.2033e-05
-12.213 0.00018663 5.7026e-05
-12.155 0.00018385 5.6178e-05
-12.097 0.00017459 5.4387e-05
-12.039 0.00019568 5.8736e-05
-11.981 0.00027413 7.4846e-05
-11.923 0.00019739 5.925e-05
-11.865 0.00016306 5.1874e-05
-11.807 0.00018745 5.7276e-05
-11.749 0.00032885 8.5674e-05
-11.691 0.00027052 7.3858e-05
-11.633 0.00030514 8.0882e-05
-11.575 0.00015318 4.9866e-05
-11.517 0.00016477 5.2418e-05
-11.459 0.00028324 7.6529e-05
-11.401 0.00019775 5.9357e-05
-11.343 0.00021901 6.3679e-05
-11.285 0.00022086 6.4217e-05
-11.227 0.00023096 6.6201e-05
-11.169 0.00017518 5.4573e-05
-11.111 0.00016549 5.265e-05
-11.053 0.00024329 6.8812e-05
-10.995 0.00015456 5.0313e-05
-10.937 0.00029489 7.8896e-05
-10.879 0.00024153 6.8315e-05
-10.821 0.00020003 6.0043e-05
-10.763 0.00019883 5.9682e-05
-10.705 0.00017554 5.4683e-05
-10.647 0.00024285 6.8688e-05
-10.589 0.00033427 8.7087e-05
-10.531 0.0002107 6.2209e-05
-10.473 0.00017499 5.4512e-05
-10.415 0.00016697 5.3118e-05
-10.357 0.00026682 7.3658e-05
-10.299 0.00021958 6.3844e-05
-10.241 0.00026758 7.3869e-05
-10.183 0.00019832 5.953e-05
-10.125 0.00024591 6.9552e-05
-10.067 0.00021174 6.2518e-05
-10.009 0.00014326 4.7828e-05
-9.9506 0.00028818 7.7864e-05
-9.8926 0.00024346 6.886e-05
-9.8346 0.00026814 7.4022e-05
-9.7766 0.00017729 5.523e-05
-9.7185 0.0002425 6.8588e-05
-9.6605 0.00023709 6.7959e-05
-9.6025 0.00021122 6.2363e-05
-9.5445 0.0001773 5.5232e-05
-9.4864 0.00024502 6.9301e-05
-9.4284 0.00019046 5.8197e-05
-9.3704 0.00017905 5.5777e-05
-9.3124 0.00029833 7.9816e-05
-9.2544 0.00025514 7.1265e-05
-9.1963 0.0002049 6.1503e-05
-9.1383 0.00029913 8.003e-05
-9.0803 0.00024633 6.9671e-05
-9.0223 0.00022388 6.5095e-05
-8.9643 0.00021599 6.377e-05
-8.9062 0.00020981 6.1947e-05
-8.8482 0.00039299 9.8728e-05
-8.7902 0.00032307 8.488e-05
-8.7322 0.00024948 7.0563e-05
-8.6742 0.00030307 8.1085e-05
-8.6161 0.00022179 6.4488e-05
-8.5581 0.00023782 6.8169e-05
-8.5001 0.00030147 8.0658e-05
-8.4421 0.00022187 6.4512e-05
-8.384 0.00030303 8.1073e-05
-8.326 0.00022291 6.4813e-05
-8.268 0.00034818 8.9989e-05
-8.21 0.00014707 4.91e-05
-8.152 0.00028916 7.8128e-05
-8.0939 0.00020059 6.0211e-05
-8.0359 0.00022518 6.5473e-05
-7.9779 0.00017989 5.6037e-05
-7.9199 0.0002587 7.2261e-05
-7.8619 0.00024586 6.9537e-05
-7.8038 0.00024966 7.0613e-05
-7.7458 0.00022433 6.5227e-05
-7.6878 0.00029263 7.9066e-05
-7.6298 0.00028283 7.7219e-05
-7.5718 0.00014848 4.9571e-05
-7.5137 0.00020308 6.0959e-05
-7.4557 0.00025787 7.203e-05
-7.3977 0.00020554 6.1697e-05
-7.3397 0.00020574 6.1757e-05
-7.2816 0.00021622 6.3839e-05
-7.2236 0.00027845 7.6025e-05
-7.1656 0.00032272 8.5541e-05
-7.1076 0.00027596 7.6183e-05
-7.0496 0.00019073 5.8279e-05
-6.9915 0.00013598 4.6686e-05
-6.9335 0.00025054 7.0863e-05
-6.8755 0.00023652 6.7795e-05
-6.8175 0.0002279 6.6266e-05
-6.7595 0.00024905 7.044e-05
-6.7014 0.00022446 6.5264e-05
-6.6434 0.00029165 7.9626e-05
-6.5854 0.00021199 6.259e-05
-6.5274 0.00014921 4.9817e-05
-6.4694 0.00019991 6.0006e-05
-6.4113 0.00024552 7.0376e-05
-6.3533 0.00024828 7.0224e-05
-6.2953 0.00034204 8.9113e-05
-6.2373 0.00015485 5.0408e-05
-6.1792 0.00032858 8.7093e-05
-6.1212 0.00027813 7.5938e-05
-6.0632 0.00025136 7.1093e-05
-6.0052 0.00029963 8.0958e-05
-5.9472 0.00015843 5.1575e-05
-5.8891 0.00026299 7.346e-05
-5.8311 0.00027377 7.5578e-05
-5.7731 0.00021133 6.2397e-05
-5.7151 0.00030677 8.2888e-05
-5.6571 0.00022116 6.4304e-05
-5.599 0.00031657 8.3911e-05
-5.541 0.00032671 8.6598e-05
-5.483 0.00023971 6.8711e-05
-5.425 0.0003251 8.5412e-05
-5.3669 0.00023696 6.7922e-05
-5.3089 0.0003568 9.2218e-05
-5.2509 0.00025353 7.1709e-05
-5.1929 0.00033237 8.6592e-05
-5.1349 0.0003535 9.1366e-05
-5.0768 0.00024828 7.0223e-05
-5.0188 0.00023392 6.8014e-05
-4.9608 0.00029566 7.9886e-05
-4.9028 0.0003253 8.5465e-05
-4.8448 0.00023054 6.7033e-05
-4.7867 0.00049299 0.00011798
-4.7287 0.00033958 8.8472e-05
-4.6707 0.00036914 9.4685e-05
-4.6127 0.00023523 6.7427e-05
-4.5547 0.00031636 8.3854e-05
-4.4966 0.00029836 8.0614e-05
-4.4386 0.00027568 7.6104e-05
-4.3806 0.00030344 8.1185e-05
-4.3226 0.00033953 8.8458e-05
-4.2645 0.000276 7.6192e-05
-4.2065 0.0003187 8.4476e-05
-4.1485 0.00036258 9.3002e-05
-4.0905 0.00035197 9.097e-05
-4.0325 0.00034128 8.8914e-05
-3.9744 0.00048866 0.00011748
-3.9164 0.0002639 7.3712e-05
-3.8584 0.00038412 9.7814e-05
-3.8004 0.00024966 7.0614e-05
-3.7424 0.00027028 7.4613e-05
-3.6843 0.00023818 6.827e-05
-3.6263 0.00037252 9.5551e-05
-3.5683 0.00020994 6.3016e-05
-3.5103 0.00034588 8.9395e-05
-3.4523 0.00045947 0.00011154
-3.3942 0.00045639 0.00011196
-3.3362 0.00038331 9.7609e-05
-3.2782 0.00034968 8.9694e-05
-3.2202 0.00035026 9.1253e-05
-3.1621 0.0004759 0.00011613
-3.1041 0.00052568 0.0001237
-3.0461 0.00041073 0.00010319
-2.9881 0.00031612 8.4576e-05
-2.9301 0.00052974 0.00012418
-2.872 0.0003876 9.9421e-05
-2.814 0.00057433 0.00013273
-2.756 0.00046668 0.00011513
-2.698 0.00059297 0.00013704
-2.64 0.00054615 0.00012852
-2.5819 0.00038162 9.7178e-05
-2.5239 0.0004953 0.00011908
-2.4659 0.0004375 0.00010856
-2.4079 0.00071094 0.00015963
-2.3499 0.00068522 0.00015425
-2.2918 0.00045084 0.00011326
-2.2338 0.00063978 0.00014365
-2.1758 0.00060282 0.00014186
-2.1178 0.00054693 0.00012773
-2.0597 0.0006301 0.00014424
-2.0017 0.0006082 0.00014312
-1.9437 0.00062204 0.00014076
-1.8857 0.00066661 0.00015259
-1.8277 0.00064539 0.00014966
-1.7696 0.0006888 0.00015159
-1.7116 0.00077184 0.00017615
-1.6536 0.001053 0.00022411
-1.5956 0.0011963 0.00025061
-1.5376 0.0011684 0.00024317
-1.4795 0.0010753 0.00023285
-1.4215 0.0015776 0.00032229
-1.3635 0.0016392 0.00033427
-1.3055 0.0019671 0.00039128
-1.2475 0.0023551 0.00047071
-1.1894 0.0028211 0.00055242
-1.1314 0.0035176 0.00068894
-1.0734 0.0044116 0.00084981
-1.0154 0.0050469 0.00096593
-0.95735 0.0065438 0.0012459
-0.89933 0.00698 0.0013273
-0.84131 0.0080692 0.0015281
-0.78328 0.0085573 0.0016203
-0.72526 0.010134 0.0019129
-0.66724 0.011165 0.002106
-0.60922 0.011571 0.0021857
-0.5512 0.012361 0.0023311
-0.49318 0.012841 0.0024138
-0.43516 0.013298 0.0024976
-0.37714 0.013649 0.0025665
-0.31912 0.012883 0.0024275
-0.26109 0.013659 0.0025787
-0.20307 0.012167 0.002287
-0.14505 0.012581 0.0023669
-0.087032 0.012305 0.0023227
-0.029011 0.011251 0.0021197
0.029011 0.01034 0.0019576
0.087032 0.0095926 0.0018113
0.14505 0.0074635 0.0014129
0.20307 0.0073695 0.00141
0.26109 0.0066035 0.0012601
0.31912 0.0054294 0.0010385
0.37714 0.0043521 0.00083459
0.43516 0.0031954 0.00062082
0.49318 0.0024809 0.00049413
0.5512 0.001821 0.00037226
0.60922 0.0018073 0.00036555
0.66724 0.001333 0.00027557
0.72526 0.0013957 0.00028831
0.78328 0.0010758 0.00022705
0.84131 0.00081419 0.00017883
0.89933 0.0008142 0.00017918
0.95735 0.00079378 0.00017337
1.0154 0.00071912 0.00016188
1.0734 0.0006893 0.00015984
1.1314 0.00081312 0.00017791
1.1894 0.00073721 0.00016776
1.2475 0.00062556 0.00014011
1.3055 0.00054994 0.00012993
1.3635 0.00056885 0.00013285
1.4215 0.00061835 0.0001467
1.4795 0.00052882 0.00012263
1.5376 0.00059072 0.00013698
1.5956 0.00057715 0.0001343
1.6536 0.00034035 9.2924e-05
1.7116 0.00043009 0.00010247
1.7696 0.00058964 0.00013988
1.8277 0.00049133 0.00011928
1.8857 0.00038839 9.5814e-05
1.9437 0.00044287 0.000112
2.0017 0.00051252 0.00012159
2.0597 0.0003294 8.5818e-05
2.1178 0.0004108 0.00010537
2.1758 0.00046671 0.00011072
2.2338 0.00036753 9.7418e-05
2.2918 0.00035243 9.0398e-05
2.3499 0.00047379 0.00011502
2.4079 0.00040631 0.00010208
2.4659 0.00034126 8.9659e-05
2.5239 0.00037445 9.5354e-05
2.5819 0.00037273 9.5605e-05
2.64 0.00018839 5.7565e-05
2.698 0.00044719 0.00011164
2.756 0.00030793 8.162e-05
2.814 0.00027053 7.6515e-05
2.872 0.00041655 0.00010276
2.9301 0.00032734 8.6765e-05
2.9881 0.00021426 6.4313e-05
3.0461 0.0004178 0.00010307
3.1041 0.00041966 0.00010543
3.1621 0.00032998 8.7466e-05
3.2202 0.00026354 7.2754e-05
3.2782 0.00023493 6.8309e-05
3.3362 0.00037934 9.7301e-05
3.3942 0.00028506 7.7828e-05
3.4523 0.0003246 8.5281e-05
3.5103 0.00011762 4.3143e-05
3.5683 0.00035147 9.1568e-05
3.6263 0.00027568 7.6104e-05
3.6843 0.00030689 8.2106e-05
3.7424 0.00023045 6.7007e-05
3.8004 0.00027265 7.6157e-05
3.8584 0.00030227 8.1671e-05
3.9164 0.00027699 7.6465e-05
3.9744 0.00027616 7.6236e-05
4.0325 0.0001954 5.9708e-05
4.0905 0.00026685 7.4536e-05
4.1485 0.00034843 9.0776e-05
4.2065 0.0002575 7.2831e-05
4.2645 0.00032297 8.5605e-05
4.3226 0.0002965 8.0113e-05
4.3806 0.00032714 8.6712e-05
4.4386 0.00022233 6.5645e-05
4.4966 0.00026613 7.4335e-05
4.5547 0.00024952 7.0572e-05
4.6127 0.00029412 8.0301e-05
4.6707 0.00023048 6.7014e-05
4.7287 0.00035036 9.0553e-05
4.7867 0.00028037 7.74e-05
4.8448 0.00023963 6.8687e-05
4.9028 0.00031035 8.3031e-05
4.9608 0.00031839 8.5184e-05
5.0188 0.00027505 7.593e-05
5.0768 0.00025333 7.1651e-05
5.1349 0.00016793 5.3423e-05
5.1929 0.00028202 7.7854e-05
5.2509 0.00024559 7.0396e-05
5.3089 0.00025226 7.1348e-05
5.3669 0.00014802 4.9418e-05
5.425 0.00029278 7.9936e-05
5.483 0.00013022 4.6121e-05
5.541 0.00029977 8.0996e-05
5.599 0.0002703 7.462e-05
5.6571 0.00019386 6.0391e-05
5.7151 0.00019337 5.9087e-05
5.7731 0.00018556 5.7806e-05
5.8311 0.00015318 5.1142e-05
5.8891 0.00012663 4.4851e-05
5.9472 0.00026044 7.3664e-05
6.0052 0.00016274 5.2978e-05
6.0632 0.00018114 5.6429e-05
6.1212 0.00022797 6.7308e-05
6.1792 0.00021684 6.4021e-05
6.2373 0.00016347 5.3215e-05
6.2953 0.00022933 6.6681e-05
6.3533 0.00022745 6.7155e-05
6.4113 0.00026091 7.2878e-05
6.4694 0.00018859 5.8748e-05
6.5274 0.00020426 6.1311e-05
6.5854 0.00014373 4.9346e-05
6.6434 0.00018591 5.7915e-05
6.7014 0.00016131 5.2511e-05
6.7595 0.00019976 6.104e-05
6.8175 0.00016114 5.2455e-05
6.8755 0.00024564 7.041e-05
6.9335 0.00016294 5.3043e-05
6.9915 0.00019519 5.9641e-05
7.0496 0.00017725 5.639e-05
7.1076 0.00027128 7.5775e-05
7.1656 0.00012598 4.462e-05
7.2236 0.00022035 6.506e-05
7.2816 0.00025822 7.3035e-05
7.3397 0.00030401 8.2142e-05
7.3977 0.00018339 5.7128e-05
7.4557 0.00019658 6.0066e-05
7.5137 0.00028125 7.7643e-05
7.5718 0.00022066 6.5151e-05
7.6298 0.00016214 5.2781e-05
7.6878 0.00016119 5.2472e-05
7.7458 0.00023238 6.7568e-05
7.8038 0.00014941 4.9883e-05
7.8619 0.0002312 6.7224e-05
7.9199 0.00010377 3.9602e-05
7.9779 0.00020891 6.2708e-05
8.0359 0.00019539 5.9704e-05
8.0939 0.0002176 6.4247e-05
8.152 0.00015052 5.0254e-05
8.21 0.0002071 6.2163e-05
8.268 0.00021576 6.3703e-05
8.326 0.00024129 6.9163e-05
8.384 0.00019492 5.9559e-05
8.4421 0.00013799 4.7376e-05
8.5001 0.00016342 5.3198e-05
8.5581 0.00021681 6.4014e-05
8.6161 0.00026644 7.4423e-05
8.6742 0.00022158 6.5422e-05
8.7322 0.00014911 4.9782e-05
8.7902 0.00025441 7.1958e-05
8.8482 0.00014886 4.97e-05
8.9062 0.00018782 5.8508e-05
8.9643 0.00015072 5.0319e-05
9.0223 0.00017252 5.4886e-05
9.0803 0.00016066 5.2302e-05
9.1383 0.00024744 7.0926e-05
9.1963 0.00021835 6.4468e-05
9.2544 0.00019455 5.9445e-05
9.3124 0.00011494 4.2161e-05
9.3704 0.00021989 6.4922e-05
9.4284 0.00021708 6.4095e-05
9.4864 0.00014845 4.9561e-05
9.5445 0.0001616 5.2605e-05
9.6025 0.0002204 6.5074e-05
9.6605 0.00021693 6.4048e-05
9.7185 0.00019423 5.935e-05
9.7766 0.00024318 6.9705e-05
9.8346 0.00018258 5.6876e-05
9.8926 0.0002514 7.1106e-05
9.9506 0.00013582 4.6631e-05
10.009 0.00013824 4.7463e-05
10.067 0.00017358 5.5223e-05
10.125 0.00020393 6.1212e-05
10.183 0.00019462 5.9468e-05
10.241 0.0001824 5.6821e-05
10.299 0.00019599 5.9888e-05
10.357 0.00019639 6.0009e-05
10.415 0.00017079 5.4335e-05
10.473 0.00021734 6.4171e-05
10.531 0.0001723 5.4814e-05
10.589 0.00020618 6.1888e-05
10.647 0.00024815 7.0185e-05
10.705 0.00020594 6.1815e-05
10.763 0.00014934 4.9859e-05
10.821 0.00021614 6.3817e-05
10.879 0.00016868 5.3664e-05
10.937 0.00014811 4.9448e-05
10.995 0.0002073 6.2223e-05
11.053 0.00017024 5.4161e-05
11.111 0.00018198 5.6691e-05
11.169 0.00014779 4.9343e-05
11.227 0.00029635 8.0071e-05
11.285 0.00022779 6.6234e-05
11.343 0.0001693 5.3861e-05
11.401 0.0002268 6.5945e-05
11.459 0.00020493 6.1513e-05
11.517 0.00019394 5.9259e-05
11.575 0.00020323 6.1002e-05
11.633 0.0001127 4.1337e-05
11.691 0.0001935 5.9125e-05
11.749 0.00020498 6.1529e-05
11.807 0.00021433 6.3283e-05
11.865 0.00012526 4.4367e-05
11.923 0.00022775 6.6221e-05
11.981 0.00023849 6.8362e-05
12.039 0.00011297 4.1437e-05
12.097 0.00019255 5.8834e-05
12.155 0.00019487 5.9543e-05
12.213 0.00018202 5.6704e-05
12.271 0.00012377 4.3839e-05
12.329 0.00025783 7.2018e-05
12.388 0.00019308 5.8999e-05
12.446 0.00020265 6.0827e-05
12.504 0.00013489 4.6312e-05
12.562 0.00020066 6.0232e-05
12.62 0.00015779 5.1365e-05
12.678 0.00022315 6.4885e-05
12.736 0.00023428 6.7154e-05
12.794 0.00010073 3.8442e-05
12.852 0.00026766 7.3891e-05
12.91 0.00013282 4.5603e-05
12.968 0.00012234 4.3332e-05
13.026 0.00020969 6.1913e-05
13.084 0.00022325 6.4912e-05
13.142 0.00023282 6.6734e-05
13.2 0.00018793 5.7425e-05
13.258 0.00013264 4.5541e-05
13.316 8.9462e-05 3.5734e-05
13.374 0.00010018 3.8235e-05
13.432 0.00014455 4.8259e-05
13.49 0.00018729 5.7229e-05
13.548 0.00022146 6.4392e-05
13.606 0.00014506 4.8431e-05
13.664 7.6955e-05 3.2413e-05
13.722 0.0001661 5.2843e-05
13.78 0.00019952 5.989e-05
13.838 7.7702e-05 3.2727e-05
13.896 0.00012095 4.2839e-05
13.954 0.00015403 5.014e-05
14.012 0.00016582 5.2753e-05
14.07 0.00015389 5.0097e-05
14.128 0.00021901 6.3681e-05
14.186 0.00014343 4.7885e-05
14.244 0.00012148 4.3028e-05
14.302 0.00017519 5.4575e-05
14.36 0.00017474 5.4433e-05
14.418 0.00018702 5.7145e-05
14.476 0.00017569 5.4731e-05
14.534 0.00014268 4.7635e-05
14.592 0.00018649 5.6982e-05
14.65 0.00013107 4.4999e-05
14.708 0.00014344 4.789e-05
14.766 0.00020883 6.1658e-05
14.824 0.00020562 6.071e-05
14.882 0.000164 5.2175e-05
14.94 0.00013111 4.5013e-05
14.998 0.00010916 4.0042e-05
15.056 0.0001309 4.4942e-05
15.114 0.0001638 5.211e-05
15.173 0.00017527 5.4598e-05
15.231 8.7261e-05 3.4854e-05
15.289 0.00017234 5.3687e-05
15.347 0.0001414 4.7207e-05
15.405 0.00015197 4.947e-05
15.463 0.00015025 4.8912e-05
15.521 0.00018268 5.5819e-05
15.579 0.00020544 6.0656e-05
15.637 0.00014112 4.7114e-05
15.695 0.0002468 6.8938e-05
15.753 6.4176e-05 2.8787e-05
15.811 0.00011791 4.1764e-05
15.869 0.00011906 4.217e-05
15.927 0.00019231 5.7725e-05
15.985 0.00019255 5.7798e-05
16.043 0.0001814 5.5428e-05
16.101 0.00018281 5.5859e-05
16.159 0.00018127 5.539e-05
16.217 0.0002132 6.1991e-05
16.275 8.5455e-05 3.4133e-05
16.333 0.00019222 5.7696e-05
16.391 0.00017955 5.4864e-05
16.449 0.00023243 6.5739e-05
16.507 0.00019114 5.7372e-05
16.565 0.00021209 6.1668e-05
16.623 0.0002232 6.3977e-05
16.681 0.00019844 5.859e-05
16.739 0.00015748 5.0101e-05
16.797 0.00020237 5.9751e-05
16.855 0.00015636 4.9745e-05
16.913 0.00022891 6.4744e-05
16.971 0.0001989 5.8727e-05
17.029 0.00019906 5.8772e-05
17.087 0.00030365 7.9778e-05
17.145 0.00012406 4.2594e-05
17.203 0.00024933 6.8831e-05
17.261 0.00016864 5.2534e-05
17.319 0.00013498 4.5066e-05
17.377 0.0002384 6.6589e-05
17.435 0.00014488 4.7163e-05
17.493 0.00013543 4.5214e-05
17.551 0.00021732 6.2292e-05
17.609 0.00024548 6.7767e-05
17.667 0.00017648 5.3924e-05
17.725 0.00019595 5.7855e-05
17.783 0.00015459 4.9181e-05
17.841 0.00015312 4.8713e-05
17.9 0.00012199 4.1882e-05
17.958 0.00012319 4.2294e-05
18.016 0.00021409 6.1366e-05
18.074 0.00021236 6.0869e-05
18.132 0.00023335 6.518e-05
18.19 0.00014147 4.6053e-05
18.248 0.00017305 5.2877e-05
18.306 0.00013087 4.3692e-05
18.364 0.00022156 6.2666e-05
18.422 0.00017268 5.2764e-05
18.48 0.00016144 5.0292e-05
18.538 0.00021994 6.2208e-05
18.596 0.00013988 4.5535e-05
18.654 0.00019167 5.6591e-05
18.712 0.00018151 5.4482e-05
18.77 0.00016906 5.1658e-05
18.828 0.00017961 5.3912e-05
18.886 0.0001199 4.1165e-05
18.944 9.9266e-05 3.6411e-05
19.002 0.00018701 5.5216e-05
19.06 0.00012907 4.3093e-05
19.118 0.00017934 5.3831e-05
19.176 0.00019707 5.73e-05
19.234 0.00017733 5.3227e-05
19.292 7.9155e-05 3.1617e-05
19.35 0.00017682 5.3074e-05
19.408 0.00025506 6.8915e-05
19.466 0.0002434 6.6456e-05
19.524 0.00016595 5.0709e-05
19.582 0.00021682 6.1324e-05
19.64 0.00017424 5.2299e-05
19.698 0.00015508 4.8311e-05
19.756 8.718e-05 3.3272e-05
19.814 0.00017516 5.2578e-05
19.872 0.00017284 5.188e-05
19.93 0.00014392 4.5786e-05
19.988 0.0001929 5.6088e-05
20.046 0.00012479 4.1664e-05
20.104 0.00017228 5.1714e-05
20.162 0.00018156 5.3605e-05
20.22 0.000153 4.7663e-05
20.278 0.00024971 6.747e-05
20.336 0.00015202 4.7356e-05
20.394 0.00017005 5.1042e-05
20.452 0.0001811 5.3469e-05
20.51 0.0001905 5.5391e-05
20.568 0.00016067 4.9094e-05
20.626 0.00018691 5.4347e-05
20.685 0.00029023 7.5011e-05
20.743 0.00013052 4.2488e-05
20.801 0.00012206 4.075e-05
20.859 0.00014865 4.6308e-05
20.917 0.00017689 5.2228e-05
20.975 0.00022252 6.1429e-05
21.033 0.00022181 6.1232e-05
21.091 0.00014649 4.5635e-05
21.149 0.00012043 4.0208e-05
21.207 0.00013835 4.4012e-05
21.265 0.00014647 4.5627e-05
21.323 0.00015487 4.7323e-05
21.381 0.00020222 5.7196e-05
21.439 0.00016474 4.9449e-05
21.497 0.00020916 5.8422e-05
21.555 0.00013514 4.2993e-05
21.613 0.00014474 4.5088e-05
21.671 0.00021744 6.0025e-05
21.729 0.00017073 5.0409e-05
21.787 0.00025891 6.8022e-05
21.845 0.00013316 4.2364e-05
21.903 0.00016967 5.0095e-05
21.961 0.00017724 5.1535e-05
22.019 0.00014022 4.368e-05
22.077 0.0001655 4.8863e-05
22.135 0.00016595 4.8996e-05
22.193 0.00023508 6.2894e-05
22.251 0.00012975 4.1278e-05
22.309 0.00012158 3.9579e-05
22.367 0.00017347 5.0437e-05
22.425 0.00015565 4.6721e-05
22.483 0.00011149 3.7224e-05
22.541 0.00013747 4.2824e-05
22.599 0.00018939 5.3567e-05
22.657 0.0001889 5.3428e-05
22.715 0.00019408 5.4212e-05
22.773 0.00017893 5.1288e-05
22.831 0.00017877 5.1242e-05
22.889 0.00016852 4.8998e-05
22.947 0.00015825 4.6722e-05
23.005 0.00023337 6.1858e-05
23.063 0.00013359 4.1615e-05
23.121 0.00019905 5.495e-05
23.179 0.00013185 4.1074e-05
23.237 0.00018844 5.2635e-05
23.295 0.00019741 5.4496e-05
23.353 0.00015536 4.5869e-05
23.412 0.00016985 4.8686e-05
23.47 0.00016154 4.6969e-05
23.528 0.00019415 5.3598e-05
23.586 0.00016955 4.8598e-05
23.644 0.00017506 4.9513e-05
23.702 0.00015943 4.6355e-05
23.76 0.00011137 3.6256e-05
23.818 0.00015852 4.609e-05
23.876 0.00020341 5.4959e-05
23.934 0.00014918 4.4045e-05
23.992 0.00017977 5.0212e-05
24.05 0.00012399 3.8626e-05
24.108 0.00021563 5.7156e-05
24.166 0.00023777 6.1454e-05
24.224 0.00017569 4.9074e-05
24.282 0.00011416 3.6319e-05
24.34 0.00024777 6.3095e-05
24.398 0.00020423 5.464e-05
24.456 0.00012865 3.9311e-05
24.514 0.00016524 4.6737e-05
24.572 0.00020076 5.3713e-05
24.63 0.00020842 5.5245e-05
24.688 0.00020731 5.4949e-05
24.746 0.00019782 5.2926e-05
24.804 0.00017451 4.8174e-05
24.862 0.00018853 5.0938e-05
24.92 0.00023709 6.0374e-05
24.978 0.0001927 5.1555e-05
25.036 0.00020523 5.392e-05
25.094 0.00014838 4.2532e-05
25.152 0.00015519 4.3893e-05
25.21 0.00013919 4.0472e-05
25.268 0.00014461 4.1452e-05
25.326 0.00014491 4.1537e-05
25.384 0.0001309 3.865e-05
25.442 0.00018416 4.9272e-05
25.5 0.00019552 5.137e-05
25.558 0.00018795 4.9818e-05
25.616 0.00014686 4.1539e-05
25.674 0.00017911 4.7921e-05
25.732 0.0001442 4.0786e-05
25.79 0.00029271 6.9739e-05
25.848 0.00019435 5.0635e-05
25.906 0.00017965 4.7619e-05
25.964 0.00022853 5.7051e-05
26.022 0.00023633 5.8642e-05
26.08 0.00016501 4.4584e-05
26.138 0.00022015 5.5308e-05
26.197 0.00023662 5.8373e-05
26.255 0.00020029 5.1374e-05
26.313 0.00018043 4.7403e-05
26.371 0.00021496 5.4004e-05
26.429 0.0001816 4.7311e-05
26.487 0.00022284 5.5294e-05
26.545 0.00011962 3.4782e-05
26.603 0.00015911 4.257e-05
26.661 0.00019724 4.9881e-05
26.719 0.00016689 4.3846e-05
26.777 0.00012543 3.5477e-05
26.835 0.00018739 4.7718e-05
26.893 0.00016731 4.359e-05
26.951 0.00010517 3.1051e-05
27.009 0.00018098 4.6086e-05
27.067 0.0001679 4.3396e-05
27.125 0.00025541 6.0102e-05
27.183 0.00016708 4.2857e-05
27.241 0.00014526 3.8502e-05
27.299 0.00018797 4.6641e-05
27.357 0.00016564 4.2179e-05
27.415 0.00018468 4.5824e-05
27.473 0.00017368 4.3632e-05
27.531 0.00018068 4.4832e-05
27.589 0.00018731 4.5953e-05
27.647 0.00017615 4.3709e-05
27.705 0.00022908 5.37e-05
27.763 0.00020551 4.8964e-05
27.821 0.00017883 4.3636e-05
27.879 0.00027141 6.1096e-05
27.937 0.00016849 4.1335e-05
27.995 0.00016077 3.9662e-05
28.053 0.00019801 4.6596e-05
28.111 0.00017169 4.1475e-05
28.169 0.00019109 4.4968e-05
28.227 0.00020366 4.7227e-05
28.285 0.00017962 4.2436e-05
28.343 0.00017582 4.1539e-05
28.401 0.0002011 4.6176e-05
28.459 0.00017025 4.0062e-05
28.517 0.0001623 3.8346e-05
28.575 0.00017356 4.0248e-05
28.633 0.00020802 4.6481e-05
28.691 0.0002074 4.6026e-05
28.749 0.00022212 4.8425e-05
28.807 0.00015611 3.5734e-05
28.865 0.00018705 4.1421e-05
28.924 0.00016659 3.7313e-05
28.982 0.00022948 4.8839e-05
29.04 0.00019419 4.1851e-05
29.098 0.00023684 4.9427e-05
29.156 0.00016408 3.5309e-05
29.214 0.00018373 3.8416e-05
29.272 0.00021572 4.3745e-05
29.33 0.00016993 3.4652e-05
29.388 0.00020145 3.9291e-05
29.446 0.00019265 3.7854e-05
29.504 0 1
29.562 0 1
29.62 0 1
29.678 0 1
