-29.678 0 1
-29.62 0 1
-29.562 0 1
-29.504 0.00020684 3.9922e-05
-29.446 0.00023381 4.483e-05
-29.388 0.00020624 4.0499e-05
-29.33 0.00021773 4.3021e-05
-29.272 0.00021254 4.2429e-05
-29.214 0.00025054 4.9938e-05
-29.156 0.00021787 4.4187e-05
-29.098 0.00026903 5.4046e-05
-29.04 0.0002277 4.6551e-05
-28.982 0.0002057 4.2621e-05
-28.924 0.00022387 4.6215e-05
-28.865 0.00020145 4.2166e-05
-28.807 0.00023839 4.9284e-05
-28.749 0.00022678 4.7339e-05
-28.691 0.00025759 5.3373e-05
-28.633 0.00021263 4.5109e-05
-28.575 0.00021174 4.5082e-05
-28.517 0.00018992 4.1108e-05
-28.459 0.00023195 4.9208e-05
-28.401 0.00020788 4.4793e-05
-28.343 0.0002103 4.5383e-05
-28.285 0.00018671 4.1118e-05
-28.227 0.0001871 4.1287e-05
-28.169 0.00022298 4.8191e-05
-28.111 0.00022229 4.8115e-05
-28.053 0.00020497 4.4971e-05
-27.995 0.00023388 5.0546e-05
-27.937 0.00018667 4.1723e-05
-27.879 0.00021111 4.6494e-05
-27.821 0.00020587 4.5612e-05
-27.763 0.00021093 4.6735e-05
-27.705 0.0001862 4.213e-05
-27.647 0.00019822 4.4513e-05
-27.589 0.00022044 4.884e-05
-27.531 0.00019955 4.5035e-05
-27.473 0.00021447 4.7935e-05
-27.415 0.00021583 4.8239e-05
-27.357 0.00020806 4.6838e-05
-27.299 0.00024277 5.357e-05
-27.241 0.00017575 4.0852e-05
-27.183 0.00021917 4.9217e-05
-27.125 0.0002424 5.3706e-05
-27.067 0.00019683 4.5167e-05
-27.009 0.00022458 5.0556e-05
-26.951 0.00022948 5.1532e-05
-26.893 0.00019284 4.4676e-05
-26.835 0.00015234 3.7065e-05
-26.777 0.00020926 4.8022e-05
-26.719 0.00018138 4.2783e-05
-26.661 0.00020201 4.68e-05
-26.603 0.00020583 4.7685e-05
-26.545 0.00017921 4.2614e-05
-26.487 0.00023596 5.3532e-05
-26.429 0.00020309 4.7373e-05
-26.371 0.00020705 4.8128e-05
-26.313 0.00024536 5.5516e-05
-26.255 0.00017758 4.2594e-05
-26.197 0.00025095 5.6635e-05
-26.138 0.00024501 5.5586e-05
-26.08 0.00020522 4.8042e-05
-26.022 0.00021764 5.0421e-05
-25.964 0.00021146 4.9326e-05
-25.906 0.0002106 4.9302e-05
-25.848 0.00018531 4.4448e-05
-25.79 0.00020445 4.8225e-05
-25.732 0.00030566 6.7583e-05
-25.674 0.00022146 5.1659e-05
-25.616 0.00024474 5.6163e-05
-25.558 0.00028184 6.3139e-05
-25.5 0.00019774 4.7221e-05
-25.442 0.00017334 4.2617e-05
-25.384 0.00015594 3.9257e-05
-25.326 0.00025479 5.8294e-05
-25.268 0.00021721 5.1234e-05
-25.21 0.00024059 5.5737e-05
-25.152 0.00025573 5.8683e-05
-25.094 0.00023822 5.5375e-05
-25.036 0.00020822 4.9722e-05
-24.978 0.00023208 5.4329e-05
-24.92 0.00022292 5.2582e-05
-24.862 0.00023889 5.5724e-05
-24.804 0.00022583 5.3268e-05
-24.746 0.00023347 5.4858e-05
-24.688 0.00020057 4.8559e-05
-24.63 0.00019181 4.6906e-05
-24.572 0.00019307 4.7216e-05
-24.514 0.00016162 4.1239e-05
-24.456 0.00027287 6.2618e-05
-24.398 0.00020578 4.9819e-05
-24.34 0.00023627 5.573e-05
-24.282 0.00022923 5.4507e-05
-24.224 0.00024844 5.816e-05
-24.166 0.0001792 4.4828e-05
-24.108 0.00019064 4.7132e-05
-24.05 0.00022221 5.3298e-05
-23.992 0.00018295 4.5767e-05
-23.934 0.00025374 5.94e-05
-23.876 0.00022901 5.4688e-05
-23.818 0.00018068 4.5485e-05
-23.76 0.00021568 5.2216e-05
-23.702 0.00022098 5.3247e-05
-23.644 0.00024336 5.7631e-05
-23.586 0.00020882 5.1067e-05
-23.528 0.0002028 4.986e-05
-23.47 0.00020232 4.9742e-05
-23.412 0.00022563 5.4366e-05
-23.353 0.00017524 4.4714e-05
-23.295 0.00019473 4.842e-05
-23.237 0.00019078 4.7726e-05
-23.179 0.00023942 5.7173e-05
-23.121 0.0001981 4.9259e-05
-23.063 0.00018153 4.6001e-05
-23.005 0.00019133 4.7865e-05
-22.947 0.00022016 5.3564e-05
-22.889 0.00018988 4.7801e-05
-22.831 0.00016823 4.3566e-05
-22.773 0.00024402 5.8271e-05
-22.715 0.00023479 5.6574e-05
-22.657 0.00024831 5.9296e-05
-22.599 0.00021405 5.2624e-05
-22.541 0.00022922 5.5494e-05
-22.483 0.00023869 5.7514e-05
-22.425 0.00023399 5.6648e-05
-22.367 0.00025686 6.1077e-05
-22.309 0.00023943 5.7693e-05
-22.251 0.00020187 5.0501e-05
-22.193 0.00022058 5.423e-05
-22.135 0.00016927 4.4185e-05
-22.077 0.00028791 6.7158e-05
-22.019 0.00023891 5.784e-05
-21.961 0.00020573 5.1465e-05
-21.903 0.00018792 4.7948e-05
-21.845 0.00020517 5.1325e-05
-21.787 0.00023482 5.713e-05
-21.729 0.00024375 5.9011e-05
-21.671 0.00015019 4.0652e-05
-21.613 0.00026624 6.3309e-05
-21.555 0.00022596 5.5552e-05
-21.497 0.00018773 4.8249e-05
-21.439 0.00024014 5.8425e-05
-21.381 0.00025139 6.0573e-05
-21.323 0.00019919 5.0477e-05
-21.265 0.00029544 6.9162e-05
-21.207 0.00024248 5.8995e-05
-21.149 0.00020669 5.2032e-05
-21.091 0.00024952 6.0408e-05
-21.033 0.00023267 5.7204e-05
-20.975 0.00022061 5.4857e-05
-20.917 0.00029816 6.9799e-05
-20.859 0.00026965 6.4392e-05
-20.801 0.00019818 5.0568e-05
-20.743 0.00019139 4.9188e-05
-20.685 0.00022235 5.5289e-05
-20.626 0.00025959 6.2549e-05
-20.568 0.00021239 5.3467e-05
-20.51 0.00026582 6.3758e-05
-20.452 0.00020478 5.1892e-05
-20.394 0.00029078 6.8588e-05
-20.336 0.00014684 4.0605e-05
-20.278 0.00023197 5.7348e-05
-20.22 0.0002729 6.5168e-05
-20.162 0.00020254 5.168e-05
-20.104 0.00023989 5.8977e-05
-20.046 0.00032082 7.4575e-05
-19.988 0.00015387 4.2083e-05
-19.93 0.00022961 5.7094e-05
-19.872 0.00016222 4.3909e-05
-19.814 0.00024215 5.9533e-05
-19.756 0.00019156 4.9606e-05
-19.698 0.00023684 5.8553e-05
-19.64 0.00028725 6.8305e-05
-19.582 0.00025023 6.1192e-05
-19.524 0.00023715 5.863e-05
-19.466 0.00031437 7.3593e-05
-19.408 0.00024099 5.9577e-05
-19.35 0.00024001 5.9335e-05
-19.292 0.00027041 6.5156e-05
-19.234 0.00024619 6.0526e-05
-19.176 0.0002623 6.3817e-05
-19.118 0.00026091 6.348e-05
-19.06 0.00021631 5.4816e-05
-19.002 0.00022219 5.5934e-05
-18.944 0.00021789 5.5215e-05
-18.886 0.00019859 5.1427e-05
-18.828 0.00024854 6.1105e-05
-18.77 0.00026278 6.3935e-05
-18.712 0.00021354 5.4486e-05
-18.654 0.00019149 4.9985e-05
-18.596 0.00023767 5.9099e-05
-18.538 0.00022548 5.6764e-05
-18.48 0.00021396 5.4595e-05
-18.422 0.00020685 5.3162e-05
-18.364 0.000168 4.5472e-05
-18.306 0.00030492 7.2209e-05
-18.248 0.00018859 4.9641e-05
-18.19 0.00021534 5.4946e-05
-18.132 0.00030525 7.2287e-05
-18.074 0.00015063 4.2144e-05
-18.016 0.00022507 5.7035e-05
-17.958 0.0001839 4.8835e-05
-17.9 0.00022944 5.776e-05
-17.841 0.00021032 5.4053e-05
-17.783 0.00028498 6.8667e-05
-17.725 0.00021772 5.5553e-05
-17.667 0.00019621 5.1216e-05
-17.609 0.0003185 7.5126e-05
-17.551 0.00028587 6.8881e-05
-17.493 0.00023197 5.8397e-05
-17.435 0.00027115 6.5971e-05
-17.377 0.00017996 4.8234e-05
-17.319 0.00019462 5.123e-05
-17.261 0.00018013 4.8279e-05
-17.203 0.00025172 6.2231e-05
-17.145 0.00014099 4.0477e-05
-17.087 0.00018798 4.9917e-05
-17.029 0.00022055 5.6274e-05
-16.971 0.00021383 5.4957e-05
-16.913 0.00022817 5.7819e-05
-16.855 0.00031691 7.5048e-05
-16.797 0.00024943 6.2023e-05
-16.739 0.00022139 5.649e-05
-16.681 0.00020384 5.3209e-05
-16.623 0.00025709 6.3557e-05
-16.565 0.00026333 6.4741e-05
-16.507 0.00018843 5.0037e-05
-16.449 0.00028242 6.8374e-05
-16.391 0.00022537 5.7504e-05
-16.333 0.00022398 5.7151e-05
-16.275 0.00029625 7.1057e-05
-16.217 0.00025867 6.395e-05
-16.159 0.0002599 6.4254e-05
-16.101 0.00019759 5.2009e-05
-16.043 0.00019751 5.1989e-05
-15.985 0.0002514 6.2512e-05
-15.927 0.00015761 4.4099e-05
-15.869 0.00023337 5.9137e-05
-15.811 0.00019717 5.1899e-05
-15.753 0.00019996 5.2634e-05
-15.695 0.00021413 5.5451e-05
-15.637 0.00022675 5.7858e-05
-15.579 0.00024612 6.1571e-05
-15.521 0.00024101 6.0674e-05
-15.463 0.00032538 7.7053e-05
-15.405 0.00027616 6.7534e-05
-15.347 0.00023391 5.9275e-05
-15.289 0.00021518 5.5722e-05
-15.231 0.00030625 7.3455e-05
-15.173 0.00026286 6.4985e-05
-15.114 0.00026247 6.4889e-05
-15.056 0.0002771 6.7765e-05
-14.998 0.00026535 6.5601e-05
-14.94 0.00029973 7.2221e-05
-14.882 0.00024219 6.097e-05
-14.824 0.0003281 7.7697e-05
-14.766 0.00020347 5.3559e-05
-14.708 0.0002442 6.1476e-05
-14.65 0.000209 5.4556e-05
-14.592 0.00026486 6.548e-05
-14.534 0.00025888 6.4373e-05
-14.476 0.00023079 5.8889e-05
-14.418 0.00022971 5.8613e-05
-14.36 0.00025252 6.317e-05
-14.302 0.00025353 6.3424e-05
-14.244 0.00028763 6.9981e-05
-14.186 0.00023188 5.9165e-05
-14.128 0.00028976 7.0497e-05
-14.07 0.00028364 6.9364e-05
-14.012 0.00026652 6.5889e-05
-13.954 0.00019675 5.2248e-05
-13.896 0.00027493 6.7592e-05
-13.838 0.0002836 6.9354e-05
-13.78 0.00031127 7.466e-05
-13.722 0.00022515 5.7865e-05
-13.664 0.00025719 6.4338e-05
-13.606 0.0002853 6.9769e-05
-13.548 0.00029152 7.0926e-05
-13.49 0.00021907 5.6731e-05
-13.432 0.00027121 6.7048e-05
-13.374 0.00030746 7.4085e-05
-13.316 0.00030063 7.2782e-05
-13.258 0.00033373 7.9031e-05
-13.2 0.00021453 5.5998e-05
-13.142 0.00024439 6.1929e-05
-13.084 0.0001927 5.1649e-05
-13.026 0.00025645 6.4154e-05
-12.968 0.00029113 7.0831e-05
-12.91 0.00029433 7.161e-05
-12.852 0.00019348 5.1857e-05
-12.794 0.00028562 6.9848e-05
-12.736 0.00033116 7.8746e-05
-12.678 0.00036873 8.601e-05
-12.62 0.00027958 6.8735e-05
-12.562 0.00030707 7.3989e-05
-12.504 0.00021534 5.621e-05
-12.446 0.00029702 7.2264e-05
-12.388 0.00022257 5.7637e-05
-12.329 0.00027268 6.7412e-05
-12.271 0.00032362 7.7282e-05
-12.213 0.00029702 7.2264e-05
-12.155 0.00035338 8.3034e-05
-12.097 0.00028638 7.0033e-05
-12.039 0.00029503 7.1779e-05
-11.981 0.00034259 8.1129e-05
-11.923 0.00031195 7.5167e-05
-11.865 0.00026597 6.6136e-05
-11.807 0.00034673 8.1784e-05
-11.749 0.00019624 5.2598e-05
-11.691 0.00033987 8.0485e-05
-11.633 0.00032531 7.7683e-05
-11.575 0.00027431 6.7815e-05
-11.517 0.00034119 8.0799e-05
-11.459 0.00026743 6.6498e-05
-11.401 0.00023126 5.9435e-05
-11.343 0.00026113 6.5324e-05
-11.285 0.00027809 6.875e-05
-11.227 0.0002481 6.287e-05
-11.169 0.00026772 6.657e-05
-11.111 0.00023259 5.9776e-05
-11.053 0.00028583 7.0272e-05
-10.995 0.00028392 6.9802e-05
-10.937 0.00027478 6.7931e-05
-10.879 0.00022656 5.8671e-05
-10.821 0.00029257 7.1546e-05
-10.763 0.00026468 6.6213e-05
-10.705 0.00035613 8.368e-05
-10.647 0.00029186 7.1374e-05
-10.589 0.00027236 6.7725e-05
-10.531 0.00031441 7.5758e-05
-10.473 0.00026095 6.5279e-05
-10.415 0.00027158 6.753e-05
-10.357 0.00023517 6.0441e-05
-10.299 0.00024889 6.3071e-05
-10.241 0.00033694 8.0119e-05
-10.183 0.00023401 6.0144e-05
-10.125 0.00020068 5.3789e-05
-10.067 0.00031652 7.6268e-05
-10.009 0.00041449 9.4832e-05
-9.9506 0.00031648 7.6257e-05
-9.8926 0.00034692 8.2156e-05
-9.8346 0.00023682 6.0866e-05
-9.7766 0.00032166 7.7151e-05
-9.7185 0.00033916 8.0648e-05
-9.6605 0.00030372 7.3894e-05
-9.6025 0.00022069 5.7606e-05
-9.5445 0.00031514 7.5934e-05
-9.4864 0.00033323 7.9575e-05
-9.4284 0.00028156 6.9609e-05
-9.3704 0.00034648 8.205e-05
-9.3124 0.00036891 8.6361e-05
-9.2544 0.00033088 7.9014e-05
-9.1963 0.00038281 8.9294e-05
-9.1383 0.00030193 7.3459e-05
-9.0803 0.00032555 7.8084e-05
-9.0223 0.00038672 8.9893e-05
-8.9643 0.00043287 9.8752e-05
-8.9062 0.0003821 8.8821e-05
-8.8482 0.00025889 6.5174e-05
-8.7902 0.00039793 9.1887e-05
-8.7322 0.00026158 6.5851e-05
-8.6742 0.00037984 8.8603e-05
-8.6161 0.00033782 8.0328e-05
-8.5581 0.00036563 8.5913e-05
-8.5001 0.00029876 7.3061e-05
-8.4421 0.00025914 6.5238e-05
-8.384 0.00030904 7.482e-05
-8.326 0.00030366 7.3881e-05
-8.268 0.00026185 6.592e-05
-8.21 0.00028162 6.9622e-05
-8.152 0.00025881 6.5154e-05
-8.0939 0.00033486 7.9964e-05
-8.0359 0.00032865 7.8828e-05
-7.9779 0.00034948 8.2761e-05
-7.9199 0.00035751 8.4326e-05
-7.8619 0.00034932 8.2723e-05
-7.8038 0.00041192 9.4819e-05
-7.7458 0.00030488 7.4177e-05
-7.6878 0.00037187 8.7054e-05
-7.6298 0.00039677 9.1921e-05
-7.5718 0.00040825 9.4272e-05
-7.5137 0.00030057 7.3503e-05
-7.4557 0.00040317 9.3099e-05
-7.3977 0.00037519 8.7832e-05
-7.3397 0.00035496 8.4059e-05
-7.2816 0.00037685 8.822e-05
-7.2236 0.00038064 8.8788e-05
-7.1656 0.00040472 9.3456e-05
-7.1076 0.00038025 8.9016e-05
-7.0496 0.000405 9.352e-05
-6.9915 0.00047479 0.00010662
-6.9335 0.00042342 9.7165e-05
-6.8755 0.000452 0.00010254
-6.8175 0.0004036 9.3198e-05
-6.7595 0.00032121 7.7396e-05
-6.7014 0.00035147 8.3232e-05
-6.6434 0.00031787 7.6956e-05
-6.5854 0.00034471 8.1968e-05
-6.5274 0.00032355 7.796e-05
-6.4694 0.00049079 0.00010969
-6.4113 0.00041072 9.4842e-05
-6.3533 0.00039306 9.1368e-05
-6.2953 0.00031449 7.6138e-05
-6.2373 0.00052809 0.00011676
-6.1792 0.00040461 9.3735e-05
-6.1212 0.00047706 0.00010713
-6.0632 0.00050985 0.00011344
-6.0052 0.00035511 8.4094e-05
-5.9472 0.00040698 9.3979e-05
-5.8891 0.00043187 9.8809e-05
-5.8311 0.00056197 0.0001233
-5.7731 0.00044882 0.00010182
-5.7151 0.00046517 0.00010525
-5.6571 0.0004674 0.00010522
-5.599 0.00052361 0.00011601
-5.541 0.00038002 8.8963e-05
-5.483 0.00048408 0.00010871
-5.425 0.00038908 9.0442e-05
-5.3669 0.00040414 9.3321e-05
-5.3089 0.00042371 9.7232e-05
-5.2509 0.0005139 0.00011435
-5.1929 0.00036432 8.5605e-05
-5.1349 0.00046714 0.00010542
-5.0768 0.00044253 0.00010067
-5.0188 0.00043308 9.9087e-05
-4.9608 0.000511 0.0001137
-4.9028 0.00049945 0.00011138
-4.8448 0.00051547 0.00011469
-4.7867 0.00047881 0.00010752
-4.7287 0.00045248 0.00010265
-4.6707 0.00048514 0.00010894
-4.6127 0.00050681 0.00011277
-4.5547 0.00049877 0.00011148
-4.4966 0.00050759 0.00011319
-4.4386 0.00044934 0.00010222
-4.3806 0.00043785 9.9607e-05
-4.3226 0.00041659 9.5892e-05
-4.2645 0.00054399 0.00012004
-4.2065 0.00065315 0.00014054
-4.1485 0.00061299 0.0001331
-4.0905 0.00049822 0.00011135
-4.0325 0.00049054 0.00010989
-3.9744 0.00051866 0.00011516
-3.9164 0.00064898 0.00013984
-3.8584 0.00051109 0.00011397
-3.8004 0.00058608 0.0001279
-3.7424 0.00053958 0.00011906
-3.6843 0.00066338 0.00014254
-3.6263 0.00056573 0.00012435
-3.5683 0.00059616 0.0001301
-3.5103 0.00059759 0.00012997
-3.4523 0.00056105 0.00012309
-3.3942 0.0005612 0.00012359
-3.3362 0.00058744 0.00012842
-3.2782 0.00071109 0.00015121
-3.2202 0.00064791 0.00013982
-3.1621 0.00060945 0.00013277
-3.1041 0.00060096 0.00013049
-3.0461 0.00051609 0.00011483
-2.9881 0.00046879 0.00010607
-2.9301 0.00067095 0.00014377
-2.872 0.00052334 0.00011645
-2.814 0.00074293 0.00015725
-2.756 0.00063436 0.00013752
-2.698 0.00064774 0.00013957
-2.64 0.00083226 0.00017437
-2.5819 0.0006835 0.00014666
-2.5239 0.00065766 0.00014131
-2.4659 0.00067093 0.00014457
-2.4079 0.00077805 0.00016398
-2.3499 0.00071677 0.00015242
-2.2918 0.00077858 0.00016499
-2.2338 0.00067973 0.00014508
-2.1758 0.00068898 0.00014783
-2.1178 0.00076658 0.00016173
-2.0597 0.00085331 0.00017845
-2.0017 0.00071061 0.00015206
-1.9437 0.00073625 0.00015584
-1.8857 0.00066924 0.0001438
-1.8277 0.00078247 0.00016544
-1.7696 0.00073579 0.00015523
-1.7116 0.00087972 0.00018449
-1.6536 0.00086734 0.00018074
-1.5956 0.0010541 0.00021603
-1.5376 0.0010292 0.00021054
-1.4795 0.00089512 0.00018702
-1.4215 0.0010497 0.00021511
-1.3635 0.0012136 0.00024577
-1.3055 0.0013468 0.00027016
-1.2475 0.0015592 0.00031108
-1.1894 0.0016862 0.00033348
-1.1314 0.0023608 0.00046173
-1.0734 0.0027217 0.00052735
-1.0154 0.00355 0.00068145
-0.95735 0.0040518 0.00077578
-0.89933 0.0046294 0.00088395
-0.84131 0.0052728 0.0010029
-0.78328 0.0066551 0.0012608
-0.72526 0.0071589 0.0013555
-0.66724 0.0077215 0.0014614
-0.60922 0.0081326 0.0015389
-0.5512 0.0095182 0.0017967
-0.49318 0.0095092 0.001793
-0.43516 0.0092455 0.0017432
-0.37714 0.009925 0.0018712
-0.31912 0.0096622 0.0018228
-0.26109 0.0099347 0.0018772
-0.20307 0.0097481 0.0018371
-0.14505 0.0091568 0.0017277
-0.087032 0.0096588 0.0018232
-0.029011 0.012811 0.0023901
0.029011 0.0092678 0.0017501
0.087032 0.0073946 0.0013988
0.14505 0.0071544 0.0013533
0.20307 0.0066518 0.0012645
0.26109 0.0056421 0.0010726
0.31912 0.0049093 0.00093535
0.37714 0.0042606 0.00081314
0.43516 0.0033055 0.0006355
0.49318 0.0024386 0.00047568
0.5512 0.0024255 0.00047386
0.60922 0.0016617 0.00033026
0.66724 0.0011928 0.00024167
0.72526 0.0010967 0.00022321
0.78328 0.0010917 0.00022256
0.84131 0.00091019 0.00018919
0.89933 0.001037 0.00021265
0.95735 0.00090491 0.0001875
1.0154 0.0009719 0.00020035
1.0734 0.00085855 0.00018076
1.1314 0.00082444 0.00017241
1.1894 0.0007504 0.00015957
1.2475 0.00090231 0.00018682
1.3055 0.00068101 0.00014592
1.3635 0.00066352 0.00014257
1.4215 0.00095046 0.00019773
1.4795 0.00082095 0.00017137
1.5376 0.00072209 0.00015374
1.5956 0.00071458 0.00015214
1.6536 0.00058123 0.00012826
1.7116 0.00076476 0.00016053
1.7696 0.0007886 0.00016674
1.8277 0.00066593 0.00014349
1.8857 0.00063623 0.0001369
1.9437 0.00053163 0.00011855
2.0017 0.00068649 0.0001469
2.0597 0.00060708 0.00013182
2.1178 0.00062665 0.00013652
2.1758 0.00073149 0.00015466
2.2338 0.00072126 0.00015455
2.2918 0.00061272 0.00013283
2.3499 0.0006007 0.00013087
2.4079 0.00061298 0.00013354
2.4659 0.00058419 0.00012794
2.5239 0.000542 0.00011984
2.5819 0.00052022 0.00011575
2.64 0.00046782 0.00010558
2.698 0.00051367 0.00011508
2.756 0.00056163 0.00012322
2.814 0.00053293 0.00011858
2.872 0.00051592 0.00011455
2.9301 0.00061864 0.00013455
2.9881 0.00056863 0.00012499
3.0461 0.00060314 0.00013118
3.1041 0.00044434 0.00010166
3.1621 0.00051275 0.0001146
3.2202 0.00056476 0.00012368
3.2782 0.00047486 0.00010745
3.3362 0.00048697 0.00010962
3.3942 0.00052274 0.00011606
3.4523 0.00047942 0.00010766
3.5103 0.0005642 0.00012426
3.5683 0.00050986 0.00011396
3.6263 0.00045912 0.00010416
3.6843 0.00044086 0.00010057
3.7424 0.00040271 9.3296e-05
3.8004 0.00046555 0.00010562
3.8584 0.00045381 0.00010324
3.9164 0.00037249 8.7523e-05
3.9744 0.00055843 0.00012298
4.0325 0.00045934 0.00010421
4.0905 0.00053156 0.00011802
4.1485 0.00043495 9.9513e-05
4.2065 0.00047005 0.00010636
4.2645 0.00039172 9.1372e-05
4.3226 0.0003711 8.7199e-05
4.3806 0.00042853 9.8337e-05
4.4386 0.00043253 9.9257e-05
4.4966 0.00052814 0.00011726
4.5547 0.00050762 0.0001132
4.6127 0.00039233 9.1514e-05
4.6707 0.00049841 0.00011166
4.7287 0.00046338 0.00010485
4.7867 0.00043738 0.00010007
4.8448 0.00037885 8.8689e-05
4.9028 0.00047341 0.00010684
4.9608 0.00042357 9.75e-05
5.0188 0.00033532 8.0427e-05
5.0768 0.00037297 8.7637e-05
5.1349 0.00041533 9.5603e-05
5.1929 0.0003627 8.5891e-05
5.2509 0.00029951 7.3635e-05
5.3089 0.0002675 6.7342e-05
5.3669 0.00034816 8.2788e-05
5.425 0.00031649 7.7001e-05
5.483 0.00038692 9.0578e-05
5.541 0.00036502 8.6099e-05
5.599 0.00041746 9.6094e-05
5.6571 0.00033557 8.0857e-05
5.7151 0.00036469 8.602e-05
5.7731 0.00033757 8.0968e-05
5.8311 0.00035569 8.4578e-05
5.8891 0.00033859 8.1212e-05
5.9472 0.00030886 7.5531e-05
6.0052 0.00036769 8.6728e-05
6.0632 0.00040494 9.3812e-05
6.1212 0.00033572 8.0892e-05
6.1792 0.00029739 7.3114e-05
6.2373 0.00036135 8.5573e-05
6.2953 0.00031276 7.6094e-05
6.3533 0.00035224 8.4114e-05
6.4113 0.00029674 7.2954e-05
6.4694 0.00031647 7.6997e-05
6.5274 0.00035032 8.3301e-05
6.5854 0.00036749 8.7026e-05
6.6434 0.00037071 8.744e-05
6.7014 0.00035833 8.4856e-05
6.7595 0.00029144 7.205e-05
6.8175 0.00033124 7.9815e-05
6.8755 0.00034931 8.3416e-05
6.9335 0.00036859 8.6941e-05
6.9915 0.00021372 5.6755e-05
7.0496 0.00038242 8.9858e-05
7.1076 0.00027784 6.9506e-05
7.1656 0.00035868 8.4938e-05
7.2236 0.00023136 6.0392e-05
7.2816 0.00033408 8.0497e-05
7.3397 0.0002696 6.787e-05
7.3977 0.00025195 6.4287e-05
7.4557 0.0003862 9.0409e-05
7.5137 0.00026349 6.677e-05
7.5718 0.00031603 7.6888e-05
7.6298 0.00025293 6.4537e-05
7.6878 0.00030719 7.5122e-05
7.7458 0.00027835 6.9632e-05
7.8038 0.00035259 8.384e-05
7.8619 0.00025157 6.419e-05
7.9199 0.00022934 5.9865e-05
7.9779 0.00030895 7.5552e-05
8.0359 0.00025872 6.5562e-05
8.0939 0.00026545 6.6826e-05
8.152 0.0003202 7.752e-05
8.21 0.00026897 6.7711e-05
8.268 0.00025166 6.4212e-05
8.326 0.00033471 8.0281e-05
8.384 0.00020546 5.5069e-05
8.4421 0.00024462 6.287e-05
8.5001 0.00026811 6.7495e-05
8.5581 0.00024957 6.368e-05
8.6161 0.00029865 7.3424e-05
8.6742 0.00033795 8.106e-05
8.7322 0.00030523 7.4642e-05
8.7902 0.00027292 6.8273e-05
8.8482 0.00029886 7.3477e-05
8.9062 0.00026891 6.7695e-05
8.9643 0.00022915 5.9815e-05
9.0223 0.00020657 5.5367e-05
9.0803 0.00027393 6.8527e-05
9.1383 0.00020798 5.5745e-05
9.1963 0.00029815 7.3302e-05
9.2544 0.00030124 7.3668e-05
9.3124 0.00022171 5.8359e-05
9.3704 0.00031378 7.6341e-05
9.4284 0.00029544 7.2635e-05
9.4864 0.0002041 5.4706e-05
9.5445 0.00023669 6.1292e-05
9.6025 0.00026147 6.6257e-05
9.6605 0.00020533 5.5035e-05
9.7185 0.00024763 6.3184e-05
9.7766 0.00028207 7.014e-05
9.8346 0.00019897 5.3857e-05
9.8926 0.00020549 5.5077e-05
9.9506 0.00025024 6.3851e-05
10.009 0.00019747 5.345e-05
10.067 0.00016758 4.7475e-05
10.125 0.00025697 6.5118e-05
10.183 0.00021142 5.6143e-05
10.241 0.00018909 5.1715e-05
10.299 0.00019756 5.3474e-05
10.357 0.00021295 5.655e-05
10.415 0.00025657 6.5017e-05
10.473 0.00029591 7.2751e-05
10.531 0.0002656 6.6863e-05
10.589 0.0002033 5.449e-05
10.647 0.00029374 7.2216e-05
10.705 0.00021092 5.6011e-05
10.763 0.00021968 5.7824e-05
10.821 0.00019524 5.2845e-05
10.879 0.00024683 6.2982e-05
10.937 0.00023375 6.0532e-05
10.995 0.00022756 5.94e-05
11.053 0.00022617 5.9037e-05
11.111 0.00023119 5.9869e-05
11.169 0.00021784 5.7341e-05
11.227 0.00029426 7.2344e-05
11.285 0.00026351 6.6337e-05
11.343 0.00030753 7.4821e-05
11.401 0.00031525 7.6323e-05
11.459 0.00025659 6.5022e-05
11.517 0.00024082 6.1892e-05
11.575 0.00020221 5.4198e-05
11.633 0.00018817 5.1466e-05
11.691 0.000263 6.6208e-05
11.749 0.00026276 6.6148e-05
11.807 0.00026883 6.7252e-05
11.865 0.00023285 6.0299e-05
11.923 0.00020466 5.4855e-05
11.981 0.00023246 6.0199e-05
12.039 0.00017979 4.9719e-05
12.097 0.00027686 6.8842e-05
12.155 0.00023273 6.0268e-05
12.213 0.0002553 6.4694e-05
12.271 0.00029727 7.2695e-05
12.329 0.00019411 5.254e-05
12.388 0.00018109 5.0076e-05
12.446 0.00024527 6.2584e-05
12.504 0.00025173 6.3791e-05
12.562 0.00023782 6.1123e-05
12.62 0.00020929 5.5577e-05
12.678 0.00016265 4.6079e-05
12.736 0.00022134 5.7778e-05
12.794 0.00024482 6.2467e-05
12.852 0.00024405 6.2272e-05
12.91 0.00022017 5.747e-05
12.968 0.00016235 4.5993e-05
13.026 0.00033836 8.0457e-05
13.084 0.00019253 5.2112e-05
13.142 0.00022096 5.7678e-05
13.2 0.00022008 5.7447e-05
13.258 0.00022871 5.9227e-05
13.316 0.00022141 5.7796e-05
13.374 0.0001697 4.7479e-05
13.432 0.0001684 4.7115e-05
13.49 0.00016867 4.7192e-05
13.548 0.00016941 4.7399e-05
13.606 0.00018362 5.022e-05
13.664 0.00023459 6.0292e-05
13.722 0.00019117 5.1745e-05
13.78 0.00024948 6.322e-05
13.838 0.00024948 6.322e-05
13.896 0.00021707 5.6662e-05
13.954 0.00019738 5.2904e-05
14.012 0.00023442 6.0248e-05
14.07 0.00020466 5.4347e-05
14.128 0.00018836 5.0984e-05
14.186 0.00023359 6.0034e-05
14.244 0.00021843 5.7016e-05
14.302 0.00024662 6.2496e-05
14.36 0.00015184 4.3591e-05
14.418 0.00016757 4.6885e-05
14.476 0.00023256 5.9771e-05
14.534 0.00016761 4.6894e-05
14.592 0.00016668 4.6635e-05
14.65 0.00025155 6.3326e-05
14.708 0.00027735 6.8568e-05
14.766 0.00021975 5.736e-05
14.824 0.00013681 4.0454e-05
14.882 0.00018198 4.9773e-05
14.94 0.00026771 6.6569e-05
14.998 0.00025165 6.3351e-05
15.056 0.00023078 5.9313e-05
15.114 0.00022297 5.7741e-05
15.173 0.00024494 6.207e-05
15.231 0.00019469 5.2182e-05
15.289 0.00025748 6.4411e-05
15.347 0.00012205 3.7345e-05
15.405 0.00015099 4.3348e-05
15.463 0.00019217 5.1507e-05
15.521 0.00017026 4.7083e-05
15.579 0.00020049 5.3241e-05
15.637 0.00015639 4.4306e-05
15.695 0.00019179 5.1404e-05
15.753 0.00015533 4.4005e-05
15.811 0.00017033 4.7102e-05
15.869 0.00017111 4.7319e-05
15.927 0.00019813 5.2614e-05
15.985 0.00018322 4.9594e-05
16.043 0.00020569 5.4141e-05
16.101 0.00016255 4.5479e-05
16.159 0.00019831 5.2662e-05
16.217 0.00016214 4.5364e-05
16.275 0.00017656 4.829e-05
16.333 0.00021982 5.6926e-05
16.391 0.00016873 4.6658e-05
16.449 0.00022467 5.7743e-05
16.507 0.00015474 4.3838e-05
16.565 0.00022497 5.7818e-05
16.623 0.0001828 4.948e-05
16.681 0.00019388 5.1485e-05
16.739 0.0001946 5.1677e-05
16.797 0.00023167 5.9114e-05
16.855 0.00021376 5.5355e-05
16.913 0.00014482 4.1575e-05
16.971 0.00022806 5.8192e-05
17.029 0.00011068 3.4524e-05
17.087 0.00019404 5.1529e-05
17.145 0.00021928 5.6356e-05
17.203 0.00018671 5.0044e-05
17.261 0.0001383 4.0274e-05
17.319 0.00019894 5.2365e-05
17.377 0.0001437 4.1256e-05
17.435 0.00017827 4.8254e-05
17.493 0.00018587 4.9819e-05
17.551 0.00018474 4.9515e-05
17.609 0.00020403 5.3258e-05
17.667 0.00019813 5.2152e-05
17.725 0.0002248 5.7359e-05
17.783 0.00021021 5.4437e-05
17.841 0.00019588 5.156e-05
17.9 0.00018907 5.0209e-05
17.958 0.00017679 4.7853e-05
18.016 0.00024912 6.1945e-05
18.074 0.00020811 5.3894e-05
18.132 0.00019587 5.1556e-05
18.19 0.0001932 5.0855e-05
18.248 0.00019457 5.1214e-05
18.306 0.00019931 5.2027e-05
18.364 0.00014028 4.0273e-05
18.422 0.00020139 5.2569e-05
18.48 0.00014025 4.0264e-05
18.538 0.00012608 3.728e-05
18.596 0.0001594 4.4079e-05
18.654 0.00017965 4.8151e-05
18.712 0.00012687 3.7515e-05
18.77 0.00018505 4.9139e-05
18.828 0.00018526 4.9196e-05
18.886 0.00013959 4.0075e-05
18.944 0.00013186 3.84e-05
19.002 0.00020293 5.2552e-05
19.06 0.00019077 5.0214e-05
19.118 0.00022475 5.6952e-05
19.176 0.00018304 4.8607e-05
19.234 0.00014944 4.1811e-05
19.292 0.00022828 5.7468e-05
19.35 0.00015658 4.3298e-05
19.408 0.00021516 5.49e-05
19.466 0.00016776 4.5409e-05
19.524 0.00020655 5.3084e-05
19.582 0.00016834 4.5565e-05
19.64 0.00021227 5.4162e-05
19.698 0.00023028 5.7608e-05
19.756 0.00016634 4.5024e-05
19.814 0.00015504 4.2875e-05
19.872 0.00017896 4.7523e-05
19.93 0.00019732 5.1099e-05
19.988 0.00023598 5.8677e-05
20.046 0.00015269 4.2224e-05
20.104 0.00017794 4.7253e-05
20.162 0.00020188 5.1885e-05
20.22 0.00017769 4.7186e-05
20.278 0.00020218 5.1961e-05
20.336 0.00021376 5.4167e-05
20.394 0.00016369 4.4307e-05
20.452 0.00020063 5.1564e-05
20.51 0.00023274 5.7872e-05
20.568 9.9781e-05 3.1125e-05
20.626 0.00022976 5.7131e-05
20.685 0.00019156 4.9607e-05
20.743 0.00016115 4.3618e-05
20.801 0.00018491 4.8267e-05
20.859 0.00018439 4.8131e-05
20.917 0.00016015 4.3348e-05
20.975 0.0001719 4.5649e-05
21.033 0.00023301 5.7605e-05
21.091 0.00018188 4.7475e-05
21.149 0.00015222 4.1632e-05
21.207 0.00015198 4.1568e-05
21.265 0.00015117 4.1345e-05
21.323 0.00017432 4.5886e-05
21.381 0.00019384 4.9818e-05
21.439 0.00023087 5.7077e-05
21.497 0.00018043 4.7098e-05
21.555 0.00016018 4.2933e-05
21.613 0.00022727 5.6186e-05
21.671 0.00019757 5.0412e-05
21.729 0.00020171 5.1116e-05
21.787 0.00025216 6.0759e-05
21.845 0.00020655 5.1998e-05
21.903 0.00018863 4.848e-05
21.961 0.00016873 4.4413e-05
22.019 0.00021391 5.3189e-05
22.077 0.00012158 3.4905e-05
22.135 0.00020312 5.1134e-05
22.193 0.00016751 4.4093e-05
22.251 0.00018238 4.6873e-05
22.309 0.00017234 4.4985e-05
22.367 0.00013165 3.6833e-05
22.425 0.0001545 4.1411e-05
22.483 0.00014763 3.996e-05
22.541 0.00018189 4.6748e-05
22.599 0.00018843 4.8078e-05
22.657 0.00020339 5.0881e-05
22.715 0.0001972 4.9643e-05
22.773 0.00018594 4.7444e-05
22.831 0.00020897 5.1962e-05
22.889 0.00018437 4.7044e-05
22.947 0.00014369 3.8892e-05
23.005 0.00013849 3.7879e-05
23.063 0.00021663 5.326e-05
23.121 0.00019251 4.8462e-05
23.179 0.00022958 5.5581e-05
23.237 0.00017945 4.5787e-05
23.295 0.00014132 3.8253e-05
23.353 0.00016658 4.3138e-05
23.412 0.00016075 4.1962e-05
23.47 0.00016091 4.2003e-05
23.528 0.00015552 4.0936e-05
23.586 0.00015962 4.1666e-05
23.644 0.00018994 4.7517e-05
23.702 0.00018375 4.6257e-05
23.76 0.00016311 4.224e-05
23.818 0.00012525 3.4636e-05
23.876 0.00023783 5.6552e-05
23.934 0.00018632 4.661e-05
23.992 0.00015476 4.0396e-05
24.05 0.00015391 4.0176e-05
24.108 0.00012686 3.4695e-05
24.166 0.00019801 4.868e-05
24.224 0.00016213 4.1669e-05
24.282 0.00013097 3.545e-05
24.34 0.00015463 4.0044e-05
24.398 0.00017028 4.3151e-05
24.456 0.00019902 4.8669e-05
24.514 0.00020776 5.0299e-05
24.572 0.00012757 3.4529e-05
24.63 0.00019193 4.7187e-05
24.688 0.00023038 5.4557e-05
24.746 0.00014123 3.7175e-05
24.804 0.00018753 4.6106e-05
24.862 0.0001719 4.3004e-05
24.92 0.00017141 4.2879e-05
24.978 0.00015091 3.8786e-05
25.036 0.00019192 4.6693e-05
25.094 0.00012122 3.2812e-05
25.152 0.00015786 4.0004e-05
25.21 0.00013367 3.5184e-05
25.268 0.00017444 4.3126e-05
25.326 0.00018766 4.5658e-05
25.384 0.00010436 2.9198e-05
25.442 0.00017245 4.2633e-05
25.5 0.00015204 3.8528e-05
25.558 0.0001249 3.3168e-05
25.616 0.00016786 4.1499e-05
25.674 0.0001274 3.3535e-05
25.732 0.00018588 4.4788e-05
25.79 0.00016781 4.1256e-05
25.848 0.00019766 4.7001e-05
25.906 0.00017513 4.261e-05
25.964 0.00018979 4.5322e-05
26.022 0.00014333 3.632e-05
26.08 0.00017169 4.1771e-05
26.138 0.00015012 3.7554e-05
26.197 0.00018943 4.5044e-05
26.255 0.00016554 4.0481e-05
26.313 0.00019642 4.633e-05
26.371 0.00017089 4.1372e-05
26.429 0.00015681 3.8553e-05
26.487 0.00018768 4.4444e-05
26.545 0.00019846 4.646e-05
26.603 0.00014869 3.6761e-05
26.661 0.0001382 3.4572e-05
26.719 0.00012937 3.2782e-05
26.777 0.00019261 4.4928e-05
26.835 0.00022153 5.0397e-05
26.893 0.00015164 3.6893e-05
26.951 0.00014683 3.5906e-05
27.009 0.00015612 3.7619e-05
27.067 0.0001579 3.7873e-05
27.125 0.00014057 3.4376e-05
27.183 0.00019039 4.3824e-05
27.241 0.0001685 3.9592e-05
27.299 0.00015152 3.6183e-05
27.357 0.00021278 4.7782e-05
27.415 0.00016835 3.927e-05
27.473 0.00016745 3.9059e-05
27.531 0.00019387 4.3984e-05
27.589 0.00011177 2.8138e-05
27.647 0.00014178 3.3857e-05
27.705 0.00013959 3.3335e-05
27.763 0.0001391 3.3077e-05
27.821 0.00013939 3.301e-05
27.879 0.00016846 3.843e-05
27.937 0.00015717 3.6179e-05
27.995 0.00014786 3.4255e-05
28.053 0.00017199 3.8716e-05
28.111 0.00020072 4.4121e-05
28.169 0.00020651 4.5067e-05
28.227 0.00016659 3.741e-05
28.285 0.00013649 3.1518e-05
28.343 0.00019043 4.163e-05
28.401 0.00015778 3.5347e-05
28.459 0.00018822 4.0936e-05
28.517 0.00015077 3.3698e-05
28.575 0.000157 3.4713e-05
28.633 0.00017142 3.7222e-05
28.691 0.00016716 3.6183e-05
28.749 0.00018741 3.9759e-05
28.807 0.00018235 3.8642e-05
28.865 0.00018676 3.9362e-05
28.924 0.00017438 3.687e-05
28.982 0.0001542 3.287e-05
29.04 0.00017153 3.587e-05
29.098 0.00020666 4.2153e-05
29.156 0.00016191 3.3449e-05
29.214 0.00015258 3.1308e-05
29.272 0.00016403 3.3018e-05
29.33 0.0001738 3.4486e-05
29.388 0.00017131 3.3186e-05
29.446 0.00014515 2.8439e-05
29.504 0 1
29.562 0 1
29.62 0 1
29.678 0 1
