-29.678 0 1
-29.62 0 1
-29.562 0 1
-29.504 0.00019673 3.9718e-05
-29.446 0.00021906 4.3569e-05
-29.388 0.00020556 4.2969e-05
-29.33 0.00016237 3.5735e-05
-29.272 0.00018488 4.086e-05
-29.214 0.0001872 4.217e-05
-29.156 0.00019576 4.4595e-05
-29.098 0.00024495 5.4499e-05
-29.04 0.00024875 5.5748e-05
-28.982 0.00022934 5.2565e-05
-28.924 0.00024808 5.6514e-05
-28.865 0.00017166 4.2282e-05
-28.807 0.0001969 4.7486e-05
-28.749 0.00027349 6.2685e-05
-28.691 0.00020767 5.0593e-05
-28.633 0.00031117 7.0679e-05
-28.575 0.00019352 4.8543e-05
-28.517 0.00023268 5.6394e-05
-28.459 0.00023541 5.7351e-05
-28.401 0.00022243 5.5107e-05
-28.343 0.00020348 5.1739e-05
-28.285 0.00022888 5.705e-05
-28.227 0.00020034 5.1706e-05
-28.169 0.00017804 4.7571e-05
-28.111 0.00028578 6.8592e-05
-28.053 0.00026489 6.4881e-05
-27.995 0.00022924 5.8289e-05
-27.937 0.00016879 4.6539e-05
-27.879 0.00023703 6.0269e-05
-27.821 0.0002184 5.682e-05
-27.763 0.00021725 5.6998e-05
-27.705 0.0001898 5.1754e-05
-27.647 0.00024731 6.3344e-05
-27.589 0.00027319 6.8528e-05
-27.531 0.00020011 5.4565e-05
-27.473 0.00020888 5.6363e-05
-27.415 0.00021947 5.8639e-05
-27.357 0.00024576 6.3937e-05
-27.299 0.00021794 5.8808e-05
-27.241 0.00020852 5.6859e-05
-27.183 0.00028069 7.1371e-05
-27.125 0.00017356 5.0408e-05
-27.067 0.00021032 5.7989e-05
-27.009 0.00023822 6.3649e-05
-26.951 0.00017847 5.1834e-05
-26.893 0.00019076 5.4615e-05
-26.835 0.00011104 3.8094e-05
-26.777 0.000204 5.763e-05
-26.719 0.00017945 5.2926e-05
-26.661 0.00022782 6.2812e-05
-26.603 0.00019362 5.6235e-05
-26.545 0.00021283 6.0126e-05
-26.487 0.00016587 5.063e-05
-26.429 0.00014773 4.6953e-05
-26.371 0.00013912 4.5248e-05
-26.313 0.00016014 4.9836e-05
-26.255 0.0001099 3.8896e-05
-26.197 0.00020155 5.8538e-05
-26.138 0.00020333 5.9053e-05
-26.08 0.00032639 8.3597e-05
-26.022 0.0002448 6.7496e-05
-25.964 0.00023807 6.6415e-05
-25.906 0.00016782 5.2226e-05
-25.848 0.00021129 6.1364e-05
-25.79 0.00023218 6.559e-05
-25.732 0.00024621 6.8687e-05
-25.674 0.00014011 4.6739e-05
-25.616 0.00021681 6.2969e-05
-25.558 0.00019527 5.8552e-05
-25.5 0.00015398 5.008e-05
-25.442 0.00029837 7.9721e-05
-25.384 0.00025478 7.1078e-05
-25.326 0.00021169 6.2432e-05
-25.268 0.00025724 7.1764e-05
-25.21 0.00018129 5.6418e-05
-25.152 0.00015892 5.1688e-05
-25.094 0.00017047 5.4181e-05
-25.036 0.00022868 6.6416e-05
-24.978 0.00025405 7.1769e-05
-24.92 0.00024333 6.9667e-05
-24.862 0.00025334 7.1567e-05
-24.804 0.00016575 5.391e-05
-24.746 0.00028382 7.8254e-05
-24.688 0.00011892 4.359e-05
-24.63 0.0001791 5.6924e-05
-24.572 0.00022794 6.7227e-05
-24.514 0.00018247 5.7996e-05
-24.456 0.00021863 6.5554e-05
-24.398 0.00021863 6.5556e-05
-24.34 0.00020864 6.3685e-05
-24.282 0.00022289 6.6831e-05
-24.224 0.00024681 7.1682e-05
-24.166 0.00022245 6.6702e-05
-24.108 0.00017559 5.7109e-05
-24.05 0.00022668 6.7968e-05
-23.992 0.00030169 8.3179e-05
-23.934 0.00015238 5.2273e-05
-23.876 0.00025518 7.4112e-05
-23.818 0.0001283 4.7026e-05
-23.76 0.00014012 4.959e-05
-23.702 0.00019267 6.1237e-05
-23.644 0.00011628 4.4347e-05
-23.586 0.00030052 8.3838e-05
-23.528 0.00028519 8.0565e-05
-23.47 0.00020772 6.4644e-05
-23.412 0.00024782 7.3089e-05
-23.353 0.0001834 5.9649e-05
-23.295 0.00013097 4.8005e-05
-23.237 0.00023788 7.1327e-05
-23.179 0.00013214 4.8435e-05
-23.121 0.00021277 6.6217e-05
-23.063 0.00021369 6.6504e-05
-23.005 0.00017202 5.7381e-05
-22.947 0.00020005 6.3582e-05
-22.889 0.00025644 7.5632e-05
-22.831 0.00020241 6.4334e-05
-22.773 0.00017485 5.8326e-05
-22.715 0.00024411 7.3196e-05
-22.657 0.00021815 6.7891e-05
-22.599 4.0909e-05 2.4806e-05
-22.541 0.00025963 7.6572e-05
-22.483 0.0001793 5.9811e-05
-22.425 0.00024893 7.4641e-05
-22.367 0.00013951 5.1137e-05
-22.309 0.00025094 7.5243e-05
-22.251 0.00014018 5.1381e-05
-22.193 0.00023943 7.3086e-05
-22.135 0.00026622 7.8517e-05
-22.077 0.00019575 6.3664e-05
-22.019 0.00027993 8.1301e-05
-21.961 0.00021411 6.8051e-05
-21.903 0.0001416 5.1901e-05
-21.845 0.0001428 5.234e-05
-21.787 0.00031502 8.8992e-05
-21.729 0.00014388 5.2739e-05
-21.671 0.00011469 4.5784e-05
-21.613 0.00021416 6.8067e-05
-21.555 0.00030488 8.7289e-05
-21.497 0.00017484 5.998e-05
-21.439 0.00020481 6.6614e-05
-21.381 0.00020372 6.6257e-05
-21.323 0.00014645 5.3678e-05
-21.265 0.00023701 7.3761e-05
-21.207 0.00018967 6.3271e-05
-21.149 0.00029183 8.4757e-05
-21.091 0.00017642 6.052e-05
-21.033 0.00029614 8.6009e-05
-20.975 0.00022179 7.0493e-05
-20.917 0.00023696 7.3746e-05
-20.859 0.00020954 6.815e-05
-20.801 0.00031317 8.9663e-05
-20.743 0.00014857 5.4457e-05
-20.685 0.00017946 6.1562e-05
-20.626 0.00025392 7.7507e-05
-20.568 0.00013564 5.1731e-05
-20.51 0.00015067 5.5225e-05
-20.452 0.00014963 5.4845e-05
-20.394 0.00019508 6.5074e-05
-20.336 0.00022737 7.2266e-05
-20.278 0.00031899 9.1329e-05
-20.22 0.00022733 7.2254e-05
-20.162 0.00019892 6.6354e-05
-20.104 0.0001528 5.6007e-05
-20.046 0.00036905 0.00010175
-19.988 0.00016866 5.9693e-05
-19.93 0.00021589 7.0217e-05
-19.872 0.00017188 6.0831e-05
-19.814 0.00020135 6.7167e-05
-19.756 0.00016983 6.0107e-05
-19.698 0.00029294 8.6398e-05
-19.64 0.00020367 6.794e-05
-19.582 0.00023274 7.3972e-05
-19.524 0.00018715 6.4201e-05
-19.466 0.00025077 7.8041e-05
-19.408 0.00021905 7.1244e-05
-19.35 0.00026901 8.2113e-05
-19.292 0.00018845 6.4647e-05
-19.234 0.00020519 6.8446e-05
-19.176 0.00020725 6.9133e-05
-19.118 0.00025394 7.9029e-05
-19.06 0.00015802 5.7922e-05
-19.002 0.00014264 5.4402e-05
-18.944 0.00017398 6.1576e-05
-18.886 0.00030054 8.8639e-05
-18.828 0.00012633 5.0429e-05
-18.77 0.00024179 7.6848e-05
-18.712 0.00023905 7.5978e-05
-18.654 0.00017499 6.1933e-05
-18.596 0.00017501 6.194e-05
-18.538 0.00011202 4.7156e-05
-18.48 0.00017759 6.2851e-05
-18.422 0.00030616 9.0296e-05
-18.364 0.00028799 8.6353e-05
-18.306 0.00017793 6.2974e-05
-18.248 0.0001785 6.3177e-05
-18.19 0.0002432 7.7297e-05
-18.132 0.00014533 5.5428e-05
-18.074 0.00025971 8.0825e-05
-18.016 0.00031114 9.1763e-05
-17.958 0.00029201 8.7557e-05
-17.9 0.00034156 9.7791e-05
-17.841 0.00019635 6.7358e-05
-17.783 0.00016515 6.0535e-05
-17.725 0.00023012 7.4845e-05
-17.667 0.00027622 8.4315e-05
-17.609 0.00023214 7.5502e-05
-17.551 0.00023113 7.5171e-05
-17.493 0.0001654 6.0624e-05
-17.435 0.00023068 7.5025e-05
-17.377 0.00021496 7.1706e-05
-17.319 0.00018339 6.4905e-05
-17.261 0.00016621 6.0924e-05
-17.203 0.00018225 6.4503e-05
-17.145 0.00015118 5.766e-05
-17.087 0.00018291 6.4736e-05
-17.029 0.00025019 7.9517e-05
-16.971 0.00026502 8.2477e-05
-16.913 0.00026866 8.3611e-05
-16.855 0.00015178 5.7887e-05
-16.797 0.00018344 6.4925e-05
-16.739 0.00028211 8.6111e-05
-16.681 0.0002021 6.9331e-05
-16.623 0.00020071 6.8854e-05
-16.565 0.00025144 7.9916e-05
-16.507 0.00011778 4.958e-05
-16.449 0.00026854 8.3571e-05
-16.391 0.00033925 9.8529e-05
-16.333 0.00028482 8.6939e-05
-16.275 0.00020328 6.9735e-05
-16.217 0.00022045 7.3538e-05
-16.159 0.00022002 7.3392e-05
-16.101 0.00023595 7.6739e-05
-16.043 0.00025436 8.0845e-05
-15.985 0.00022002 7.3395e-05
-15.927 0.00010241 4.5915e-05
-15.869 0.00020446 7.014e-05
-15.811 0.00025264 8.0296e-05
-15.753 0.00020332 6.975e-05
-15.695 0.00018889 6.6851e-05
-15.637 0.00017067 6.2557e-05
-15.579 0.0001201 5.0559e-05
-15.521 0.00015301 5.8357e-05
-15.463 0.00031026 9.3031e-05
-15.405 0.0002232 7.4454e-05
-15.347 0.00027343 8.5093e-05
-15.289 0.00022347 7.4545e-05
-15.231 0.00027841 8.6645e-05
-15.173 0.00029392 8.9717e-05
-15.114 0.00017273 6.3313e-05
-15.056 0.00025809 8.2028e-05
-14.998 0.00020766 7.1239e-05
-14.94 0.00020909 7.1728e-05
-14.882 0.00025905 8.2334e-05
-14.824 0.0001731 6.3447e-05
-14.766 0.0002621 8.3303e-05
-14.708 0.0001903 6.7353e-05
-14.65 0.00027614 8.5937e-05
-14.592 0.0001395 5.5685e-05
-14.534 0.00013945 5.5667e-05
-14.476 0.00020996 7.2028e-05
-14.418 0.00031364 9.4043e-05
-14.36 0.00026078 8.2884e-05
-14.302 0.00038557 0.00010892
-14.244 0.00024391 7.9328e-05
-14.186 0.00020752 7.1191e-05
-14.128 0.00020999 7.2036e-05
-14.07 0.00021005 7.2056e-05
-14.012 0.00024652 8.0177e-05
-13.954 0.00020869 7.1593e-05
-13.896 0.00022635 7.5505e-05
-13.838 0.00024809 8.0689e-05
-13.78 0.00021284 7.3015e-05
-13.722 0.00022792 7.6029e-05
-13.664 0.00017764 6.5111e-05
-13.606 0.0003018 9.2125e-05
-13.548 0.00026417 8.3962e-05
-13.49 0.00014027 5.5995e-05
-13.432 0.00030126 9.1958e-05
-13.374 0.00016036 6.1159e-05
-13.316 0.00014168 5.6556e-05
-13.258 0.00022993 7.6701e-05
-13.2 0.00019537 6.9144e-05
-13.142 0.00016069 6.1287e-05
-13.084 0.00012346 5.1971e-05
-13.026 0.00022884 7.6336e-05
-12.968 0.00017742 6.503e-05
-12.91 0.00019691 6.9691e-05
-12.852 0.00030222 9.2251e-05
-12.794 0.00033717 9.9442e-05
-12.736 0.00026831 8.5278e-05
-12.678 0.00010745 4.8173e-05
-12.62 0.00021408 7.344e-05
-12.562 0.00021301 7.3075e-05
-12.504 0.00037492 0.00010734
-12.446 0.00032532 9.7545e-05
-12.388 0.00017932 6.5726e-05
-12.329 0.00037324 0.00010686
-12.271 0.00023396 7.8044e-05
-12.213 0.00016207 6.1812e-05
-12.155 0.0002333 7.7824e-05
-12.097 0.00035906 0.00010428
-12.039 0.00016119 6.1477e-05
-11.981 0.00018066 6.6217e-05
-11.923 0.00019929 7.0532e-05
-11.865 0.00014243 5.6857e-05
-11.807 0.00028901 8.9942e-05
-11.749 0.00010879 4.8774e-05
-11.691 0.00025031 8.141e-05
-11.633 0.00028808 8.9653e-05
-11.575 0.00023283 7.7666e-05
-11.517 0.00020037 7.0916e-05
-11.459 0.00030497 9.309e-05
-11.401 0.0003066 9.3588e-05
-11.343 9.0942e-05 4.4025e-05
-11.285 0.00027259 8.6638e-05
-11.227 0.00012575 5.2936e-05
-11.169 0.00025201 8.1963e-05
-11.111 0.0001269 5.342e-05
-11.053 0.00023595 7.8709e-05
-10.995 0.00023716 7.9112e-05
-10.937 0.00034226 0.00010094
-10.879 0.00023675 7.8975e-05
-10.821 0.00012748 5.3662e-05
-10.763 0.00030918 9.4377e-05
-10.705 0.00016202 6.1794e-05
-10.647 0.00021935 7.5249e-05
-10.589 0.00022081 7.5748e-05
-10.531 0.00023656 7.8911e-05
-10.473 0.00038058 0.00010896
-10.415 0.00023813 7.9436e-05
-10.357 0.00034692 0.00010232
-10.299 0.00025443 8.275e-05
-10.241 0.00018288 6.7032e-05
-10.183 0.00027307 8.6792e-05
-10.125 0.00022031 7.5577e-05
-10.067 0.00025724 8.3664e-05
-10.009 0.00036181 0.00010508
-9.9506 0.00023784 7.9338e-05
-9.8926 0.00047794 0.00012897
-9.8346 0.00031401 9.585e-05
-9.7766 0.00025531 8.3036e-05
-9.7185 0.00021801 7.479e-05
-9.6605 0.00035095 0.00010351
-9.6025 0.0001649 6.2891e-05
-9.5445 0.00029081 9.0503e-05
-9.4864 0.00031063 9.4819e-05
-9.4284 0.00025937 8.4358e-05
-9.3704 0.00020422 7.2278e-05
-9.3124 0.00029186 9.0831e-05
-9.2544 0.00023705 7.9074e-05
-9.1963 0.00030205 9.4002e-05
-9.1383 0.00038153 0.00010923
-9.0803 0.00025582 8.3203e-05
-9.0223 0.00018484 6.7751e-05
-8.9643 0.00026328 8.5628e-05
-8.9062 0.00025552 8.3105e-05
-8.8482 0.00025906 8.4256e-05
-8.7902 0.00042242 0.00011785
-8.7322 0.00027931 8.8774e-05
-8.6742 0.00029752 9.2592e-05
-8.6161 0.00023925 7.981e-05
-8.5581 0.00029908 9.3075e-05
-8.5001 0.00024052 8.0233e-05
-8.4421 0.00021972 7.5374e-05
-8.384 0.00029644 9.2256e-05
-8.326 0.00031127 9.5012e-05
-8.268 0.00020328 7.1947e-05
-8.21 0.00018499 6.7806e-05
-8.152 0.0003871 0.00011083
-8.0939 0.00031254 9.54e-05
-8.0359 0.00033495 0.00010043
-7.9779 0.00029589 9.2084e-05
-7.9199 0.00036995 0.00010744
-7.8619 0.00031255 9.5406e-05
-7.8038 0.00016816 6.4136e-05
-7.7458 0.00035052 0.00010338
-7.6878 0.00031511 9.6187e-05
-7.6298 0.00025987 8.4519e-05
-7.5718 0.0003001 9.3395e-05
-7.5137 0.00020516 7.2612e-05
-7.4557 0.00044465 0.0001226
-7.3977 0.00031786 9.7025e-05
-7.3397 0.0003578 0.00010552
-7.2816 0.00026345 8.5683e-05
-7.2236 0.00029259 9.1056e-05
-7.1656 0.00036054 0.00010633
-7.1076 0.00030302 9.4301e-05
-7.0496 0.00029586 9.2076e-05
-6.9915 0.00026057 8.4748e-05
-6.9335 0.00030291 9.427e-05
-6.8755 0.00062661 0.00015823
-6.8175 0.00046865 0.00012779
-6.7595 0.00031604 9.647e-05
-6.7014 0.00035272 0.00010403
-6.6434 0.00026701 8.6843e-05
-6.5854 0.00042255 0.00011788
-6.5274 0.00022563 7.7404e-05
-6.4694 0.00018239 6.6852e-05
-6.4113 0.00036284 0.00010701
-6.3533 0.00033667 0.00010095
-6.2953 0.0001681 6.4112e-05
-6.2373 0.0004206 0.00011734
-6.1792 0.00027071 8.8044e-05
-6.1212 0.00022061 7.568e-05
-6.0632 0.00048336 0.00013043
-6.0052 0.00037896 0.00011006
-5.9472 0.00039326 0.00011259
-5.8891 0.00024405 8.1409e-05
-5.8311 0.00039317 0.00011257
-5.7731 0.00040425 0.0001142
-5.7151 0.00025281 8.4331e-05
-5.6571 0.00038465 0.00011013
-5.599 0.00056007 0.00014571
-5.541 0.00028662 9.1099e-05
-5.483 0.00041365 0.00011686
-5.425 0.00040716 0.00011502
-5.3669 0.00042483 0.00011852
-5.3089 0.00028531 9.0682e-05
-5.2509 0.00045619 0.00012578
-5.1929 0.00047312 0.00012767
-5.1349 0.00028123 8.9384e-05
-5.0768 0.00024217 8.0782e-05
-5.0188 0.00043932 0.00012256
-4.9608 0.00031667 9.6663e-05
-4.9028 0.00035327 0.00010419
-4.8448 0.00024649 8.2223e-05
-4.7867 0.00012931 5.4436e-05
-4.7287 0.0003358 0.00010069
-4.6707 0.00039677 0.0001136
-4.6127 0.0003869 0.00011077
-4.5547 0.0003349 0.00010042
-4.4966 0.00045487 0.00012541
-4.4386 0.00037802 0.00010979
-4.3806 0.00042715 0.00011917
-4.3226 0.00026133 8.4993e-05
-4.2645 0.0003036 9.4483e-05
-4.2065 0.00041433 0.00011705
-4.1485 0.00030112 9.3711e-05
-4.0905 0.000675 0.00016825
-4.0325 0.00054257 0.00014235
-3.9744 0.00041182 0.00011634
-3.9164 0.00034026 0.00010203
-3.8584 0.00038146 0.00011079
-3.8004 0.00046421 0.00012658
-3.7424 0.00031483 9.61e-05
-3.6843 0.00041387 0.00011692
-3.6263 0.00047699 0.00013006
-3.5683 0.00041943 0.00011849
-3.5103 0.0004389 0.00012101
-3.4523 0.00042146 0.00011758
-3.3942 0.00031062 9.6669e-05
-3.3362 0.00049692 0.00013409
-3.2782 0.00059282 0.00015074
-3.2202 0.00056125 0.00014725
-3.1621 0.00047094 0.00012984
-3.1041 0.00035816 0.00010402
-3.0461 0.00048519 0.0001323
-2.9881 0.00050208 0.00013548
-2.9301 0.00048088 0.00012848
-2.872 0.00039925 0.00011596
-2.814 0.00057644 0.00014764
-2.756 0.00046219 0.00012894
-2.698 0.00057139 0.00014747
-2.64 0.00050263 0.0001343
-2.5819 0.00055079 0.00014451
-2.5239 0.00059934 0.00015351
-2.4659 0.00037069 0.00010933
-2.4079 0.0005759 0.00014863
-2.3499 0.00047262 0.00012753
-2.2918 0.00057149 0.00015269
-2.2338 0.00045048 0.00012036
-2.1758 0.00067873 0.00017258
-2.1178 0.00071312 0.00017373
-2.0597 0.00088945 0.00020894
-2.0017 0.00056233 0.00015025
-1.9437 0.00069743 0.00016903
-1.8857 0.00084568 0.00020298
-1.8277 0.0008406 0.00020373
-1.7696 0.00072539 0.0001718
-1.7116 0.00062065 0.00016428
-1.6536 0.0010651 0.00024263
-1.5956 0.0010139 0.00023239
-1.5376 0.0010614 0.00023787
-1.4795 0.0012536 0.00028557
-1.4215 0.0013484 0.00029616
-1.3635 0.0013319 0.00029372
-1.3055 0.0015638 0.00033087
-1.2475 0.0014294 0.0003166
-1.1894 0.0023313 0.00047737
-1.1314 0.0027515 0.00056668
-1.0734 0.0035684 0.00070974
-1.0154 0.0041895 0.00082222
-0.95735 0.0050385 0.00098255
-0.89933 0.0058986 0.0011422
-0.84131 0.006592 0.0012681
-0.78328 0.0074261 0.0014253
-0.72526 0.007448 0.0014282
-0.66724 0.0091061 0.0017383
-0.60922 0.0085754 0.0016472
-0.5512 0.010369 0.0019769
-0.49318 0.0096371 0.0018311
-0.43516 0.010084 0.0019119
-0.37714 0.010126 0.0019254
-0.31912 0.0093461 0.0017864
-0.26109 0.010669 0.0020431
-0.20307 0.0091813 0.001744
-0.14505 0.0092626 0.0017636
-0.087032 0.0089328 0.0017142
-0.029011 0.0080243 0.0015346
0.029011 0.0079287 0.0015281
0.087032 0.0072658 0.0013932
0.14505 0.0060452 0.0011628
0.20307 0.004616 0.00092073
0.26109 0.0043711 0.00086349
0.31912 0.0040922 0.00080603
0.37714 0.0028309 0.00056596
0.43516 0.0024766 0.0005027
0.49318 0.0019252 0.0004094
0.5512 0.0017249 0.00037336
0.60922 0.0010954 0.0002488
0.66724 0.00090447 0.00021086
0.72526 0.00073103 0.00017905
0.78328 0.00087264 0.00020421
0.84131 0.00069991 0.00017239
0.89933 0.00081359 0.00019438
0.95735 0.00062047 0.00015466
1.0154 0.00068845 0.0001716
1.0734 0.00065404 0.00017016
1.1314 0.00059128 0.00015035
1.1894 0.00059016 0.00015622
1.2475 0.00040678 0.00011092
1.3055 0.00063018 0.00016024
1.3635 0.00046538 0.0001269
1.4215 0.00048618 0.00013735
1.4795 0.00050397 0.00013111
1.5376 0.00058209 0.00015023
1.5956 0.00045275 0.00012483
1.6536 0.00060407 0.0001614
1.7116 0.00048495 0.00012516
1.7696 0.00067006 0.00017162
1.8277 0.00057005 0.00014956
1.8857 0.00050424 0.00013119
1.9437 0.00038694 0.00011602
2.0017 0.00056946 0.00014697
2.0597 0.00039951 0.00011286
2.1178 0.00040242 0.00011868
2.1758 0.00046687 0.00012358
2.2338 0.00040862 0.00012051
2.2918 0.00043455 0.00011981
2.3499 0.00053446 0.00014147
2.4079 0.00041943 0.00011849
2.4659 0.00040717 0.00011658
2.5239 0.00046787 0.00012758
2.5819 0.00059473 0.00015349
2.64 0.00055049 0.00014322
2.698 0.00036777 0.00011027
2.756 0.00066438 0.0001646
2.814 0.00040184 0.00011671
2.872 0.0005053 0.00013375
2.9301 0.00042384 0.00011974
2.9881 0.00053088 0.00014184
3.0461 0.00055973 0.00014446
3.1041 0.00041632 0.0001192
3.1621 0.00037199 0.00010971
3.2202 0.0003599 0.00010453
3.2782 0.00036803 0.00010854
3.3362 0.00045126 0.00012589
3.3942 0.00040816 0.0001153
3.4523 0.00048135 0.00012989
3.5103 0.00029077 9.2415e-05
3.5683 0.0004071 0.00011656
3.6263 0.00052715 0.00013954
3.6843 0.00029983 9.3309e-05
3.7424 0.00037749 0.00010964
3.8004 0.00040709 0.00011655
3.8584 0.00030853 9.6017e-05
3.9164 0.00032272 9.8508e-05
3.9744 0.00024609 8.209e-05
4.0325 0.00028444 9.0405e-05
4.0905 0.0004385 0.00012233
4.1485 0.00041747 0.00011793
4.2065 0.00038322 0.0001113
4.2645 0.00028599 9.0896e-05
4.3226 0.00026237 8.5334e-05
4.3806 0.00028745 9.136e-05
4.4386 0.00021216 7.5089e-05
4.4966 0.00028443 9.0402e-05
4.5547 0.00054412 0.00014276
4.6127 0.00026946 8.7639e-05
4.6707 0.00039615 0.00011342
4.7287 0.00031699 9.6759e-05
4.7867 0.00027003 8.7824e-05
4.8448 0.00032037 9.7792e-05
4.9028 0.00028544 9.0724e-05
4.9608 0.00025278 8.4321e-05
5.0188 0.00022692 7.7845e-05
5.0768 0.00026804 8.7177e-05
5.1349 0.00018529 6.7917e-05
5.1929 0.00023284 7.9877e-05
5.2509 0.000308 9.5854e-05
5.3089 0.00034097 0.00010224
5.3669 0.000375 0.00010891
5.425 0.00033022 0.0001008
5.483 0.00021381 7.5672e-05
5.541 0.0002449 8.1692e-05
5.599 0.00022467 7.7074e-05
5.6571 0.0002991 9.5064e-05
5.7151 0.00022393 7.682e-05
5.7731 0.00028583 9.0845e-05
5.8311 0.00028978 9.2101e-05
5.8891 0.00026632 8.6618e-05
5.9472 0.0002334 8.0069e-05
6.0052 0.00036444 0.00010748
6.0632 0.00042957 0.00011984
6.1212 0.00045623 0.00012728
6.1792 0.00028191 8.9602e-05
6.2373 0.00026866 8.7377e-05
6.2953 0.00034009 0.00010197
6.3533 0.0002366 8.1165e-05
6.4113 0.00016828 6.4181e-05
6.4694 0.00028946 9.2001e-05
6.5274 0.00028162 8.9508e-05
6.5854 0.00031483 9.7978e-05
6.6434 0.00026805 8.7181e-05
6.7014 0.00030426 9.4688e-05
6.7595 0.00030634 9.5337e-05
6.8175 0.00022538 7.7318e-05
6.8755 0.00019355 7.0943e-05
6.9335 0.00018979 6.9565e-05
6.9915 0.00020911 7.401e-05
7.0496 0.00027214 8.8511e-05
7.1076 0.00013563 5.7094e-05
7.1656 0.00035843 0.00010571
7.2236 7.653e-05 4.0809e-05
7.2816 0.00013537 5.6987e-05
7.3397 0.00021316 7.5441e-05
7.3977 0.00022591 7.75e-05
7.4557 0.00026765 8.705e-05
7.5137 0.00019201 7.0381e-05
7.5718 0.00030768 9.5752e-05
7.6298 0.00032574 9.943e-05
7.6878 0.00024911 8.3098e-05
7.7458 0.00026624 8.6592e-05
7.8038 0.00017174 6.5502e-05
7.8619 0.00020959 7.4177e-05
7.9199 0.00028469 9.0485e-05
7.9779 0.00034237 0.00010266
8.0359 0.0002441 8.1425e-05
8.0939 0.00022568 7.742e-05
8.152 0.00028756 9.1398e-05
8.21 0.00028591 9.0871e-05
8.268 0.00034093 0.00010223
8.326 0.00017072 6.511e-05
8.384 0.00026409 8.5893e-05
8.4421 0.00017087 6.517e-05
8.5001 0.00028913 9.1896e-05
8.5581 0.00020558 7.276e-05
8.6161 0.00021074 7.4586e-05
8.6742 0.0002493 8.3162e-05
8.7322 0.00022695 7.7856e-05
8.7902 0.00017085 6.5161e-05
8.8482 0.00016994 6.4814e-05
8.9062 0.00019375 7.1019e-05
8.9643 0.00015163 6.0527e-05
9.0223 0.00020811 7.3653e-05
9.0803 0.000188 6.8909e-05
9.1383 0.0002111 7.4711e-05
9.1963 0.00022608 7.7558e-05
9.2544 0.000207 7.3262e-05
9.3124 0.00019045 6.9808e-05
9.3704 0.00015229 6.0792e-05
9.4284 0.000283 8.9947e-05
9.4864 0.00018808 6.8938e-05
9.5445 0.00022558 7.7384e-05
9.6025 0.00017227 6.5703e-05
9.6605 0.00018848 6.9087e-05
9.7185 0.00011293 5.0634e-05
9.7766 5.7337e-05 3.4768e-05
9.8346 0.00013199 5.5563e-05
9.8926 0.00028363 9.0148e-05
9.9506 0.00016844 6.4243e-05
10.009 0.00022692 7.7845e-05
10.067 0.00019004 6.9656e-05
10.125 0.00030051 9.352e-05
10.183 0.00022637 7.7658e-05
10.241 0.00024398 8.1386e-05
10.299 0.00020801 7.3618e-05
10.357 0.00030278 9.4229e-05
10.415 0.00033366 0.00010005
10.473 0.00018779 6.8832e-05
10.531 0.00017081 6.5145e-05
10.589 0.00018881 6.9206e-05
10.647 0.00024279 8.0988e-05
10.705 0.00024536 8.1848e-05
10.763 0.00011319 5.0749e-05
10.821 0.00028188 8.9591e-05
10.879 0.00027813 8.84e-05
10.937 0.00016916 6.4515e-05
10.995 0.00028061 8.9186e-05
11.053 0.00018566 6.8052e-05
11.111 0.00013053 5.4947e-05
11.169 0.00018732 6.8661e-05
11.227 0.0001502 5.9957e-05
11.285 0.00018775 6.8819e-05
11.343 0.00014889 5.9437e-05
11.401 0.00022307 7.6526e-05
11.459 9.42e-05 4.5602e-05
11.517 0.00020496 7.2539e-05
11.575 0.00013043 5.4907e-05
11.633 0.00027995 8.8978e-05
11.691 0.00020584 7.285e-05
11.749 0.00028163 8.9512e-05
11.807 0.0002223 7.626e-05
11.865 0.0001316 5.5397e-05
11.923 0.00028231 8.9727e-05
11.981 0.00011128 4.9892e-05
12.039 0.00027973 8.8908e-05
12.097 0.00024114 8.0439e-05
12.155 0.00011305 5.0688e-05
12.213 0.00016738 6.384e-05
12.271 0.00014779 5.8997e-05
12.329 0.00016823 6.416e-05
12.388 0.00027992 8.8969e-05
12.446 0.0002961 9.2149e-05
12.504 0.00027564 8.7607e-05
12.562 0.00018366 6.7318e-05
12.62 0.00037127 0.00010783
12.678 0.00018414 6.7494e-05
12.736 0.00020071 7.1034e-05
12.794 0.00021948 7.5294e-05
12.852 0.00033149 9.9395e-05
12.91 0.00025519 8.2998e-05
12.968 0.00012767 5.3744e-05
13.026 0.00016508 6.2962e-05
13.084 0.00018211 6.675e-05
13.142 0.00025518 8.2996e-05
13.2 0.00019988 7.0742e-05
13.258 0.00022002 7.5478e-05
13.316 0.00021987 7.5427e-05
13.374 0.00025513 8.2979e-05
13.432 0.00012662 5.33e-05
13.49 0.00021857 7.4981e-05
13.548 0.00032877 9.858e-05
13.606 0.00032745 9.8183e-05
13.664 0.00019916 7.0488e-05
13.722 0.0002193 7.5231e-05
13.78 0.00021897 7.5118e-05
13.838 0.00018182 6.6644e-05
13.896 0.00016413 6.2597e-05
13.954 0.00018141 6.6494e-05
14.012 0.00027352 8.6934e-05
14.07 0.00010903 4.8883e-05
14.128 0.00021681 7.4375e-05
14.186 0.00027214 8.6494e-05
14.244 0.00027197 8.6442e-05
14.302 0.00018108 6.6375e-05
14.36 0.0002157 7.3997e-05
14.418 0.00016236 6.1922e-05
14.476 0.00014354 5.7299e-05
14.534 0.00023403 7.8069e-05
14.592 0.00012589 5.2996e-05
14.65 0.00021654 7.4285e-05
14.708 0.00012765 5.3735e-05
14.766 0.00019918 7.0494e-05
14.824 0.00024946 8.1133e-05
14.882 0.00010865 4.8713e-05
14.94 0.0002164 7.4236e-05
14.998 0.00024962 8.1187e-05
15.056 0.00030014 9.1616e-05
15.114 0.00014361 5.7329e-05
15.173 0.00012538 5.2778e-05
15.231 0.00021504 7.3771e-05
15.289 0.00017637 6.4646e-05
15.347 0.00014307 5.711e-05
15.405 0.00021441 7.3555e-05
15.463 0.00012414 5.2256e-05
15.521 0.00017692 6.4848e-05
15.579 0.00016025 6.1118e-05
15.637 0.00030251 9.2341e-05
15.695 0.00015908 6.0671e-05
15.753 0.00021079 7.2311e-05
15.811 0.00015872 6.0535e-05
15.869 0.00021335 7.3191e-05
15.927 0.00021023 7.2119e-05
15.985 0.00017586 6.4458e-05
16.043 0.00022823 7.6131e-05
16.101 0.00010611 4.7574e-05
16.159 0.00014156 5.6507e-05
16.217 0.00012259 5.1604e-05
16.275 0.00019353 6.8494e-05
16.333 0.00024571 7.9914e-05
16.391 0.00029864 9.1158e-05
16.449 0.00012118 5.1013e-05
16.507 0.00022691 7.5693e-05
16.565 0.00024433 7.9465e-05
16.623 0.00015612 5.9544e-05
16.681 0.00012108 5.0971e-05
16.739 0.00022362 7.4595e-05
16.797 0.00010425 4.6741e-05
16.855 0.00015506 5.9139e-05
16.913 0.00018776 6.6453e-05
16.971 0.00018946 6.7055e-05
17.029 0.00012123 5.1032e-05
17.087 0.00018889 6.6852e-05
17.145 0.00018735 6.6307e-05
17.203 0.00015494 5.9094e-05
17.261 0.00010353 4.6419e-05
17.319 0.00017166 6.2921e-05
17.377 0.00015287 5.8304e-05
17.435 0.00023795 7.7389e-05
17.493 0.00010317 4.6259e-05
17.551 0.00018749 6.6358e-05
17.609 0.00020221 6.9368e-05
17.667 0.00018725 6.6271e-05
17.725 0.00022038 7.3513e-05
17.783 0.0003048 9.1392e-05
17.841 0.00028728 8.7692e-05
17.9 0.00023554 7.6606e-05
17.958 0.00011839 4.9839e-05
18.016 0.00026782 8.3348e-05
18.074 0.00016574 6.0751e-05
18.132 0.000168 6.1577e-05
18.19 0.00016716 6.1271e-05
18.248 0.00018396 6.5109e-05
18.306 0.00021491 7.1688e-05
18.364 0.00021737 7.2511e-05
18.422 9.9895e-05 4.4788e-05
18.48 0.00011615 4.8895e-05
18.538 0.00013263 5.2945e-05
18.596 0.00019696 6.7568e-05
18.654 0.00013302 5.3101e-05
18.712 0.00023258 7.5643e-05
18.77 0.0002466 7.8377e-05
18.828 0.00021431 7.149e-05
18.886 0.00026536 8.2584e-05
18.944 0.00026214 8.1581e-05
19.002 6.5136e-05 3.4734e-05
19.06 0.00013071 5.2178e-05
19.118 0.00019634 6.7354e-05
19.176 0.00019524 6.6979e-05
19.234 0.00017889 6.3311e-05
19.292 9.6778e-05 4.339e-05
19.35 0.00012969 5.1772e-05
19.408 0.00011346 4.7763e-05
19.466 0.0001596 5.8501e-05
19.524 0.00016148 5.919e-05
19.582 0.00025839 8.0414e-05
19.64 0.00012821 5.118e-05
19.698 0.0001756 6.215e-05
19.756 0.00017492 6.1909e-05
19.814 0.0001454 5.5455e-05
19.872 0.00011111 4.6772e-05
19.93 0.00019036 6.5305e-05
19.988 0.0002379 7.5612e-05
20.046 0.0001899 6.5144e-05
20.104 0.00023671 7.5235e-05
20.162 0.00015669 5.7433e-05
20.22 0.00015851 5.8099e-05
20.278 0.00020567 6.8607e-05
20.336 0.00017294 6.1208e-05
20.394 0.00023381 7.4313e-05
20.452 0.0002799 8.3927e-05
20.51 0.00022158 7.2067e-05
20.568 0.00026552 8.1049e-05
20.626 0.00021499 6.9923e-05
20.685 0.00013762 5.2486e-05
20.743 0.00015409 5.6482e-05
20.801 0.00020026 6.6803e-05
20.859 0.00012196 4.8687e-05
20.917 0.0001838 6.3055e-05
20.975 0.00027367 8.2057e-05
21.033 0.00015289 5.6041e-05
21.091 0.00012061 4.8144e-05
21.149 0.00021188 6.8911e-05
21.207 0.0001519 5.5678e-05
21.265 0.00012079 4.8218e-05
21.323 0.00028377 8.3691e-05
21.381 0.00018073 6.2001e-05
21.439 0.00016593 5.8726e-05
21.497 0.00013457 5.1325e-05
21.555 0.00010409 4.3816e-05
21.613 0.00011876 4.7408e-05
21.671 0.00017825 6.1149e-05
21.729 0.00016205 5.7354e-05
21.787 0.00017725 6.0806e-05
21.845 0.00023388 7.2785e-05
21.903 0.00011687 4.6654e-05
21.961 0.00021815 6.9336e-05
22.019 0.00022976 7.1504e-05
22.077 0.00014415 5.2836e-05
22.135 0.00023034 7.1685e-05
22.193 0.00012799 4.8815e-05
22.251 7.0769e-05 3.4259e-05
22.309 0.00015757 5.5767e-05
22.367 0.00014302 5.2421e-05
22.425 0.00018515 6.1761e-05
22.483 0.00021102 6.7071e-05
22.541 0.00012766 4.8688e-05
22.599 0.00014205 5.2068e-05
22.657 0.00015488 5.4815e-05
22.715 0.00020868 6.6324e-05
22.773 0.0002387 7.2861e-05
22.831 0.00014071 5.1576e-05
22.889 0.00022135 6.8888e-05
22.947 0.00015093 5.3416e-05
23.005 0.00019306 6.2791e-05
23.063 0.00020602 6.548e-05
23.121 0.0002195 6.831e-05
23.179 0.00019006 6.1815e-05
23.237 0.00017634 5.8824e-05
23.295 0.00017555 5.8558e-05
23.353 0.00014731 5.2136e-05
23.412 0.00021457 6.6778e-05
23.47 0.00018648 6.065e-05
23.528 0.00024009 7.199e-05
23.586 0.00019833 6.3037e-05
23.644 0.00011865 4.5254e-05
23.702 0.00014493 5.1293e-05
23.76 0.00020927 6.5127e-05
23.818 0.00023371 7.0076e-05
23.876 0.00015471 5.3073e-05
23.934 0.00021908 6.6872e-05
23.992 0.00018005 5.8558e-05
24.05 0.00011509 4.3897e-05
24.108 0.00018969 6.0289e-05
24.166 0.00019032 6.049e-05
24.224 0.00012627 4.6283e-05
24.282 0.00015025 5.1542e-05
24.34 0.00013655 4.8327e-05
24.398 0.00013714 4.8537e-05
24.456 0.00022374 6.7087e-05
24.514 0.00013507 4.7804e-05
24.572 0.00018285 5.8117e-05
24.63 0.00020775 6.3414e-05
24.688 0.00020692 6.3161e-05
24.746 0.00014477 4.9664e-05
24.804 0.00018998 5.9123e-05
24.862 0.00021491 6.4441e-05
24.92 8.319e-05 3.502e-05
24.978 0.0002343 6.8048e-05
25.036 0.00022068 6.5084e-05
25.094 0.00017465 5.551e-05
25.152 0.00010424 3.9758e-05
25.21 0.00017151 5.4513e-05
25.268 0.00014868 4.9595e-05
25.326 0.00018192 5.6614e-05
25.384 0.00013539 4.6445e-05
25.442 0.0001237 4.3779e-05
25.5 0.00015604 5.0749e-05
25.558 0.00016526 5.2524e-05
25.616 0.00011049 4.0499e-05
25.674 0.00015309 4.979e-05
25.732 0.00018275 5.5783e-05
25.79 0.00017156 5.339e-05
25.848 0.0002028 5.9812e-05
25.906 0.00015866 5.0428e-05
25.964 0.0001879 5.6342e-05
26.022 0.0002521 6.9508e-05
26.08 0.00016603 5.1669e-05
26.138 7.2584e-05 3.0555e-05
26.197 0.00022581 6.3792e-05
26.255 0.0002046 5.9422e-05
26.313 0.00019424 5.7286e-05
26.371 0.00014121 4.5928e-05
26.429 0.00011989 4.1127e-05
26.487 0.00016834 5.1385e-05
26.545 0.00019694 5.7198e-05
26.603 0.00014548 4.6239e-05
26.661 0.00013355 4.3437e-05
26.719 0.00019093 5.5451e-05
26.777 0.00017984 5.3041e-05
26.835 0.00018686 5.4272e-05
26.893 0.00019293 5.5238e-05
26.951 0.00021061 5.8756e-05
27.009 0.00023499 6.341e-05
27.067 9.8017e-05 3.469e-05
27.125 0.00017574 5.104e-05
27.183 0.00022303 6.0182e-05
27.241 0.00020444 5.6366e-05
27.299 0.00017655 5.0547e-05
27.357 0.00012378 3.934e-05
27.415 0.00021415 5.7786e-05
27.473 0.00016321 4.7403e-05
27.531 0.00017711 5.0033e-05
27.589 0.0002068 5.5802e-05
27.647 0.00013294 4.0579e-05
27.705 0.00022288 5.8474e-05
27.763 0.00021069 5.5771e-05
27.821 0.00016944 4.727e-05
27.879 0.00017309 4.7723e-05
27.937 0.00022725 5.8206e-05
27.995 0.00018046 4.8695e-05
28.053 0.00012895 3.8031e-05
28.111 0.00015481 4.3189e-05
28.169 0.00013782 3.9459e-05
28.227 0.00014829 4.1371e-05
28.285 0.00019564 5.0492e-05
28.343 0.00012894 3.6915e-05
28.401 0.00024258 5.9097e-05
28.459 0.00015771 4.2138e-05
28.517 0.00018781 4.7756e-05
28.575 0.00021503 5.2667e-05
28.633 0.00011591 3.2744e-05
28.691 0.00021023 5.07e-05
28.749 0.00019397 4.7013e-05
28.807 0.00015118 3.8441e-05
28.865 0.0001344 3.4966e-05
28.924 0.00013752 3.5224e-05
28.982 0.00021895 5.0344e-05
29.04 0.00016761 4.0044e-05
29.098 0.00016455 3.8809e-05
29.156 0.00018105 4.1243e-05
29.214 0.00021104 4.6e-05
29.272 0.00017495 3.8205e-05
29.33 0.00019934 4.1934e-05
29.388 0.00016946 3.4396e-05
29.446 0.0001875 3.808e-05
29.504 0 1
29.562 0 1
29.62 0 1
29.678 0 1
