-29.678 0 1
-29.62 0 1
-29.562 0 1
-29.504 0.00031805 6.0889e-05
-29.446 0.00031204 5.9618e-05
-29.388 0.00032469 6.2983e-05
-29.33 0.00029448 5.7812e-05
-29.272 0.00029369 5.8147e-05
-29.214 0.00031015 6.1716e-05
-29.156 0.00030727 6.1622e-05
-29.098 0.0003425 6.8561e-05
-29.04 0.00030434 6.1735e-05
-28.982 0.00029457 6.0145e-05
-28.924 0.00025711 5.3334e-05
-28.865 0.00030804 6.3085e-05
-28.807 0.00025132 5.2691e-05
-28.749 0.00033229 6.8139e-05
-28.691 0.00029286 6.1057e-05
-28.633 0.00032574 6.7461e-05
-28.575 0.00033878 7.0054e-05
-28.517 0.00031998 6.6712e-05
-28.459 0.0003112 6.5308e-05
-28.401 0.00034701 7.216e-05
-28.343 0.00025589 5.524e-05
-28.285 0.00037572 7.8e-05
-28.227 0.00032983 6.9503e-05
-28.169 0.0002523 5.5093e-05
-28.111 0.00027348 5.9128e-05
-28.053 0.00030363 6.4983e-05
-27.995 0.00036452 7.6575e-05
-27.937 0.00030861 6.6141e-05
-27.879 0.00033989 7.2191e-05
-27.821 0.00033287 7.1053e-05
-27.763 0.0002772 6.075e-05
-27.705 0.0002841 6.2147e-05
-27.647 0.00030181 6.5677e-05
-27.589 0.00029728 6.4914e-05
-27.531 0.00034477 7.4097e-05
-27.473 0.00025809 5.7756e-05
-27.415 0.00029773 6.5372e-05
-27.357 0.0003249 7.0584e-05
-27.299 0.00035094 7.5644e-05
-27.241 0.00032285 7.0375e-05
-27.183 0.00030641 6.7407e-05
-27.125 0.00024321 5.5589e-05
-27.067 0.0003074 6.7894e-05
-27.009 0.00031009 6.8487e-05
-26.951 0.00037591 8.1026e-05
-26.893 0.00028814 6.4636e-05
-26.835 0.00028327 6.3861e-05
-26.777 0.0003272 7.2266e-05
-26.719 0.00029675 6.6569e-05
-26.661 0.00027715 6.2983e-05
-26.603 0.00034818 7.6595e-05
-26.545 0.0002391 5.5919e-05
-26.487 0.00036749 8.0389e-05
-26.429 0.00031746 7.1042e-05
-26.371 0.00026555 6.1257e-05
-26.313 0.00032649 7.2893e-05
-26.255 0.00026177 6.0582e-05
-26.197 0.0002582 5.9959e-05
-26.138 0.00035134 7.7758e-05
-26.08 0.00025798 6.0116e-05
-26.022 0.00025791 6.0101e-05
-25.964 0.00027578 6.3617e-05
-25.906 0.00031756 7.1778e-05
-25.848 0.00024508 5.7983e-05
-25.79 0.00031491 7.137e-05
-25.732 0.00033284 7.4846e-05
-25.674 0.00026715 6.2479e-05
-25.616 0.00030533 6.9785e-05
-25.558 0.00035473 7.9199e-05
-25.5 0.00022321 5.4258e-05
-25.442 0.00035542 7.9537e-05
-25.384 0.00036155 8.0722e-05
-25.326 0.00030785 7.0573e-05
-25.268 0.00027156 6.3746e-05
-25.21 0.00028069 6.5645e-05
-25.152 0.00029224 6.7863e-05
-25.094 0.00028704 6.6888e-05
-25.036 0.00026098 6.1999e-05
-24.978 0.00036971 8.2736e-05
-24.92 0.000309 7.1281e-05
-24.862 0.00029818 6.9243e-05
-24.804 0.00033162 7.5796e-05
-24.746 0.00025721 6.1636e-05
-24.688 0.00030942 7.1611e-05
-24.63 0.00032796 7.5182e-05
-24.572 0.00027853 6.5895e-05
-24.514 0.00032322 7.456e-05
-24.456 0.00032485 7.4936e-05
-24.398 0.00025297 6.1188e-05
-24.34 0.00031619 7.3425e-05
-24.282 0.00034147 7.828e-05
-24.224 0.00036525 8.2777e-05
-24.166 0.00033065 7.6276e-05
-24.108 0.00030326 7.1188e-05
-24.05 0.00029949 7.0574e-05
-23.992 0.00031945 7.4441e-05
-23.934 0.00034797 7.977e-05
-23.876 0.00032016 7.4607e-05
-23.818 0.00032832 7.6242e-05
-23.76 0.00026046 6.3311e-05
-23.702 0.00027906 6.6872e-05
-23.644 0.00024268 5.9942e-05
-23.586 0.0003404 7.878e-05
-23.528 0.00028812 6.8737e-05
-23.47 0.00034124 7.8975e-05
-23.412 0.00027645 6.6549e-05
-23.353 0.00042264 9.4581e-05
-23.295 0.00029205 6.9675e-05
-23.237 0.00024004 5.9635e-05
-23.179 0.0003258 7.6194e-05
-23.121 0.00032939 7.7033e-05
-23.063 0.00044547 9.9013e-05
-23.005 0.00034611 8.0102e-05
-22.947 0.00025035 6.1837e-05
-22.889 0.00023352 5.8737e-05
-22.831 0.0002731 6.6383e-05
-22.773 0.00027785 6.7205e-05
-22.715 0.00023606 5.9377e-05
-22.657 0.00029138 7.0143e-05
-22.599 0.00024269 6.066e-05
-22.541 0.00030926 7.3468e-05
-22.483 0.0003136 7.4499e-05
-22.425 0.00025307 6.2873e-05
-22.367 0.00030806 7.3494e-05
-22.309 0.00030108 7.2149e-05
-22.251 0.0002496 6.2387e-05
-22.193 0.00027765 6.7836e-05
-22.135 0.00027047 6.6436e-05
-22.077 0.00033998 7.9806e-05
-22.019 0.00025161 6.2889e-05
-21.961 0.00029602 7.16e-05
-21.903 0.00028077 6.8601e-05
-21.845 0.00024016 6.0806e-05
-21.787 0.00031753 7.5754e-05
-21.729 0.00029982 7.2521e-05
-21.671 0.00031969 7.627e-05
-21.613 0.00029875 7.2261e-05
-21.555 0.00030714 7.3938e-05
-21.497 0.00025286 6.3601e-05
-21.439 0.00034751 8.1888e-05
-21.381 0.00032162 7.673e-05
-21.323 0.0003115 7.4988e-05
-21.265 0.00028356 6.9653e-05
-21.207 0.00024647 6.2406e-05
-21.149 0.000296 7.1949e-05
-21.091 0.00029126 7.1163e-05
-21.033 0.00029311 7.1615e-05
-20.975 0.00030824 7.4557e-05
-20.917 0.00019014 5.1429e-05
-20.859 0.00026468 6.6157e-05
-20.801 0.00025846 6.501e-05
-20.743 0.00036122 8.4793e-05
-20.685 0.00021389 5.6257e-05
-20.626 0.00029685 7.2529e-05
-20.568 0.00039561 9.1559e-05
-20.51 0.00020776 5.5129e-05
-20.452 0.00032764 7.8513e-05
-20.394 0.00033522 7.9976e-05
-20.336 0.00024143 6.1998e-05
-20.278 0.00027098 6.7731e-05
-20.22 0.00022453 5.8561e-05
-20.162 0.00027898 6.9309e-05
-20.104 0.00027271 6.8162e-05
-20.046 0.00028154 6.9945e-05
-19.988 0.00023495 6.0795e-05
-19.93 0.00031102 7.5602e-05
-19.872 0.00026079 6.6029e-05
-19.814 0.00026709 6.718e-05
-19.756 0.00022864 5.9634e-05
-19.698 0.00039115 9.1149e-05
-19.64 0.0003487 8.3191e-05
-19.582 0.00028567 7.0972e-05
-19.524 0.00026013 6.5864e-05
-19.466 0.00031703 7.7061e-05
-19.408 0.00031783 7.7258e-05
-19.35 0.00030312 7.4458e-05
-19.292 0.00028629 7.1125e-05
-19.234 0.00034178 8.1901e-05
-19.176 0.0002751 6.9195e-05
-19.118 0.00035884 8.5245e-05
-19.06 0.00027886 6.9699e-05
-19.002 0.00032907 7.9595e-05
-18.944 0.00028324 7.0796e-05
-18.886 0.00040188 9.3651e-05
-18.828 0.00031255 7.6364e-05
-18.77 0.00026028 6.6359e-05
-18.712 0.00031632 7.7284e-05
-18.654 0.00029044 7.2156e-05
-18.596 0.00035363 8.4368e-05
-18.538 0.00031779 7.7645e-05
-18.48 0.00028661 7.1636e-05
-18.422 0.00025509 6.5508e-05
-18.364 0.00028416 7.1024e-05
-18.306 0.00033387 8.0756e-05
-18.248 0.00024864 6.4337e-05
-18.19 0.00029012 7.2513e-05
-18.132 0.00022395 5.9424e-05
-18.074 0.0002974 7.3885e-05
-18.016 0.00025259 6.5359e-05
-17.958 0.00030692 7.5809e-05
-17.9 0.00025793 6.6235e-05
-17.841 0.00025892 6.6491e-05
-17.783 0.00030854 7.621e-05
-17.725 0.00034846 8.3885e-05
-17.667 0.00032314 7.8953e-05
-17.609 0.00029487 7.3702e-05
-17.551 0.00023771 6.2521e-05
-17.493 0.00028365 7.1346e-05
-17.435 0.00033594 8.1658e-05
-17.377 0.00036685 8.752e-05
-17.319 0.00031176 7.7005e-05
-17.261 0.00031513 7.7839e-05
-17.203 0.00021992 5.8902e-05
-17.145 0.00023069 6.1213e-05
-17.087 0.00031478 7.7752e-05
-17.029 0.00029771 7.4411e-05
-16.971 0.00030301 7.5279e-05
-16.913 0.00026467 6.7966e-05
-16.855 0.00027526 7.0176e-05
-16.797 0.00031426 7.7623e-05
-16.739 0.00029662 7.4139e-05
-16.681 0.00030732 7.6351e-05
-16.623 0.00021596 5.8411e-05
-16.565 0.00027512 7.0141e-05
-16.507 0.0002417 6.357e-05
-16.449 0.00024889 6.4917e-05
-16.391 0.00032878 8.0759e-05
-16.333 0.00033252 8.1243e-05
-16.275 0.00036553 8.7591e-05
-16.217 0.00033426 8.1668e-05
-16.159 0.00027767 7.0791e-05
-16.101 0.00035008 8.4676e-05
-16.043 0.00026004 6.7287e-05
-15.985 0.00039283 9.2936e-05
-15.927 0.00033988 8.3042e-05
-15.869 0.00029526 7.4267e-05
-15.811 0.00025881 6.6968e-05
-15.753 0.00037982 9.0615e-05
-15.695 0.00039655 9.3818e-05
-15.637 0.00022744 6.0916e-05
-15.579 0.00037163 8.9053e-05
-15.521 0.00027966 7.1297e-05
-15.463 0.00022926 6.1404e-05
-15.405 0.00027318 7.0152e-05
-15.347 0.00036491 8.7844e-05
-15.289 0.00033327 8.1864e-05
-15.231 0.00031857 7.9147e-05
-15.173 0.00019608 5.4824e-05
-15.114 0.00022086 5.9738e-05
-15.056 0.00029055 7.3566e-05
-14.998 0.0002589 6.7528e-05
-14.94 0.00021422 5.8549e-05
-14.882 0.00031525 7.8321e-05
-14.824 0.00029209 7.3956e-05
-14.766 0.00027674 7.1067e-05
-14.708 0.00038478 9.1798e-05
-14.65 0.00026352 6.8187e-05
-14.592 0.00040384 9.5542e-05
-14.534 0.00033605 8.2545e-05
-14.476 0.00028499 7.2659e-05
-14.418 0.00031469 7.8181e-05
-14.36 0.00037046 8.9181e-05
-14.302 0.00022558 6.1015e-05
-14.244 0.00030929 7.7307e-05
-14.186 0.00025041 6.5862e-05
-14.128 0.00029445 7.4554e-05
-14.07 0.00027078 7.0064e-05
-14.012 0.00037315 8.9828e-05
-13.954 0.00027702 7.1139e-05
-13.896 0.00034684 8.4743e-05
-13.838 0.00032356 8.0386e-05
-13.78 0.00041892 9.8716e-05
-13.722 0.0001995 5.5779e-05
-13.664 0.00028951 7.381e-05
-13.606 0.00035999 8.7505e-05
-13.548 0.00029516 7.4733e-05
-13.49 0.00038319 9.1824e-05
-13.432 0.00021943 5.9972e-05
-13.374 0.00029015 7.3973e-05
-13.316 0.00040337 9.5825e-05
-13.258 0.0002876 7.3324e-05
-13.2 0.00034256 8.4146e-05
-13.142 0.00030862 7.7626e-05
-13.084 0.00026159 6.8229e-05
-13.026 0.00029769 7.5374e-05
-12.968 0.00036682 8.8727e-05
-12.91 0.00040692 9.6668e-05
-12.852 0.0002705 6.9992e-05
-12.794 0.00028132 7.2244e-05
-12.736 0.00031905 7.9747e-05
-12.678 0.00037161 8.9884e-05
-12.62 0.0002733 7.0718e-05
-12.562 0.00025477 6.7008e-05
-12.504 0.00044761 0.00010431
-12.446 0.00024085 6.4506e-05
-12.388 0.00034428 8.4566e-05
-12.329 0.00036187 8.7961e-05
-12.271 0.00024863 6.5972e-05
-12.213 0.00035761 8.7372e-05
-12.155 0.00029064 7.4097e-05
-12.097 0.00026658 6.953e-05
-12.039 0.00035412 8.652e-05
-11.981 0.00034826 8.5545e-05
-11.923 0.00039294 9.4159e-05
-11.865 0.0003541 8.6516e-05
-11.807 0.00028734 7.3788e-05
-11.749 0.00035706 8.724e-05
-11.691 0.00021149 5.8441e-05
-11.633 0.000284 7.293e-05
-11.575 0.00027622 7.1474e-05
-11.517 0.00033098 8.2228e-05
-11.459 0.00026614 6.9416e-05
-11.401 0.00031313 7.8762e-05
-11.343 0.00034778 8.5427e-05
-11.285 0.00021583 5.9641e-05
-11.227 0.00046572 0.00010815
-11.169 0.00029424 7.5016e-05
-11.111 0.00031447 7.9097e-05
-11.053 0.00027017 7.0467e-05
-10.995 0.00033264 8.2641e-05
-10.937 0.00033798 8.3483e-05
-10.879 0.00035763 8.7377e-05
-10.821 0.0003077 7.7907e-05
-10.763 0.00031484 7.9192e-05
-10.705 0.00033057 8.2127e-05
-10.647 0.0003416 8.4377e-05
-10.589 0.0003811 9.2179e-05
-10.531 0.00028898 7.421e-05
-10.473 0.00031173 7.8408e-05
-10.415 0.0003354 8.3326e-05
-10.357 0.00036214 8.848e-05
-10.299 0.00032186 8.0448e-05
-10.241 0.00034502 8.5222e-05
-10.183 0.00031404 7.899e-05
-10.125 0.00030949 7.836e-05
-10.067 0.00040839 9.7432e-05
-10.009 0.0004128 9.8064e-05
-9.9506 0.00029786 7.594e-05
-9.8926 0.00033344 8.2841e-05
-9.8346 0.00030024 7.6546e-05
-9.7766 0.00027071 7.0608e-05
-9.7185 0.00032315 8.077e-05
-9.6605 0.00026663 7.0127e-05
-9.6025 0.00026254 6.9052e-05
-9.5445 0.00038804 9.3412e-05
-9.4864 0.00027209 7.0968e-05
-9.4284 0.00036495 8.9166e-05
-9.3704 0.00032807 8.2001e-05
-9.3124 0.00036892 8.9675e-05
-9.2544 0.00025294 6.7117e-05
-9.1963 0.00038007 9.2385e-05
-9.1383 0.00041502 9.8592e-05
-9.0803 0.00047414 0.0001101
-9.0223 0.00030994 7.8474e-05
-8.9643 0.00039806 9.5826e-05
-8.9062 0.00041366 9.8269e-05
-8.8482 0.00038404 9.289e-05
-8.7902 0.00039918 9.5655e-05
-8.7322 0.00040633 9.737e-05
-8.6742 0.00032908 8.2252e-05
-8.6161 0.00033414 8.3013e-05
-8.5581 0.00038734 9.369e-05
-8.5001 0.00043646 0.00010285
-8.4421 0.00030716 7.7771e-05
-8.384 0.00041129 9.8122e-05
-8.326 0.00033582 8.3432e-05
-8.268 0.00041159 9.8194e-05
-8.21 0.00026717 7.0269e-05
-8.152 0.00032605 8.1494e-05
-8.0939 0.00033578 8.3422e-05
-8.0359 0.00048594 0.00011246
-7.9779 0.0003296 8.2383e-05
-7.9199 0.00028395 7.3474e-05
-7.8619 0.00047323 0.00010989
-7.8038 0.00030497 7.7751e-05
-7.7458 0.0003471 8.5736e-05
-7.6878 0.00033912 8.4252e-05
-7.6298 0.00025796 6.8449e-05
-7.5718 0.00029763 7.643e-05
-7.5137 0.00036752 8.9794e-05
-7.4557 0.00039261 9.4513e-05
-7.3977 0.00033477 8.3675e-05
-7.3397 0.0004561 0.00010707
-7.2816 0.00027802 7.2514e-05
-7.2236 0.00038096 9.2145e-05
-7.1656 0.00043176 0.00010257
-7.1076 0.00042137 0.00010053
-7.0496 0.00040201 9.6333e-05
-6.9915 0.00050754 0.00011671
-6.9335 0.00037097 9.0637e-05
-6.8755 0.00044942 0.0001055
-6.8175 0.00037119 9.0691e-05
-6.7595 0.00051625 0.00011835
-6.7014 0.00028332 7.3311e-05
-6.6434 0.00047501 0.00011109
-6.5854 0.00046338 0.00010798
-6.5274 0.00052344 0.00011999
-6.4694 0.00036177 8.8391e-05
-6.4113 0.00041892 0.00010039
-6.3533 0.00044115 0.00010395
-6.2953 0.00037139 9.0741e-05
-6.2373 0.00033327 8.2798e-05
-6.1792 0.00038226 9.3395e-05
-6.1212 0.00038052 9.2039e-05
-6.0632 0.00053034 0.00012121
-6.0052 0.00038478 9.3529e-05
-5.9472 0.00057138 0.00012881
-5.8891 0.00054008 0.00012308
-5.8311 0.00042732 0.00010151
-5.7731 0.00038043 9.2018e-05
-5.7151 0.00041317 9.9462e-05
-5.6571 0.00037821 9.1481e-05
-5.599 0.00046957 0.00010942
-5.541 0.00052262 0.00012018
-5.483 0.00036253 8.9051e-05
-5.425 0.00031952 8.0368e-05
-5.3669 0.00052377 0.00011971
-5.3089 0.00040304 9.7024e-05
-5.2509 0.00045986 0.00010795
-5.1929 0.00036991 8.9916e-05
-5.1349 0.00049218 0.00011391
-5.0768 0.00051466 0.00011798
-5.0188 0.00051432 0.00011864
-4.9608 0.00042598 0.0001012
-4.9028 0.00043847 0.00010332
-4.8448 0.00046936 0.00010977
-4.7867 0.00050183 0.0001154
-4.7287 0.00048856 0.00011307
-4.6707 0.00064819 0.00014376
-4.6127 0.00041962 9.9684e-05
-4.5547 0.00058886 0.00013209
-4.4966 0.00046725 0.00010928
-4.4386 0.00045835 0.00010759
-4.3806 0.00057659 0.00012966
-4.3226 0.00058986 0.00013232
-4.2645 0.0005619 0.00012734
-4.2065 0.00039857 9.5949e-05
-4.1485 0.0005444 0.00012372
-4.0905 0.00063798 0.00014149
-4.0325 0.00069481 0.00015227
-3.9744 0.00056453 0.0001276
-3.9164 0.00053259 0.00012173
-3.8584 0.00060665 0.00013609
-3.8004 0.00065615 0.00014492
-3.7424 0.00064196 0.00014208
-3.6843 0.00060959 0.0001361
-3.6263 0.00065412 0.00014507
-3.5683 0.00060788 0.00013636
-3.5103 0.00073597 0.00015962
-3.4523 0.00071184 0.00015517
-3.3942 0.00082909 0.00017819
-3.3362 0.00082294 0.00017686
-3.2782 0.00077421 0.00016639
-3.2202 0.00077964 0.00016883
-3.1621 0.00074603 0.00016291
-3.1041 0.00080266 0.00017179
-3.0461 0.0007932 0.00017149
-2.9881 0.00093439 0.00019799
-2.9301 0.00084518 0.00017951
-2.872 0.00094694 0.00020113
-2.814 0.0011825 0.0002428
-2.756 0.00089009 0.00019076
-2.698 0.00096577 0.00020288
-2.64 0.0010285 0.00021501
-2.5819 0.00096057 0.00020263
-2.5239 0.00084422 0.00018068
-2.4659 0.0010207 0.00021442
-2.4079 0.0011671 0.0002408
-2.3499 0.001242 0.00025436
-2.2918 0.0011014 0.00023161
-2.2338 0.0012157 0.00024765
-2.1758 0.0012989 0.00026799
-2.1178 0.0013273 0.00027008
-2.0597 0.001182 0.00024353
-2.0017 0.0012589 0.00026071
-1.9437 0.0013846 0.00027965
-1.8857 0.0015607 0.00031566
-1.8277 0.0016576 0.00033479
-1.7696 0.0015426 0.00030753
-1.7116 0.0018967 0.00038175
-1.6536 0.0017704 0.00035365
-1.5956 0.0023126 0.00045454
-1.5376 0.0024789 0.00048362
-1.4795 0.0024757 0.00048931
-1.4215 0.0025694 0.00050279
-1.3635 0.0032902 0.00063759
-1.3055 0.0035821 0.0006885
-1.2475 0.0043126 0.00083066
-1.1894 0.005215 0.00099455
-1.1314 0.0054886 0.0010513
-1.0734 0.0069365 0.0013165
-1.0154 0.0081341 0.001538
-0.95735 0.010257 0.0019349
-0.89933 0.011341 0.0021369
-0.84131 0.012978 0.0024405
-0.78328 0.014367 0.0027004
-0.72526 0.015793 0.0029658
-0.66724 0.017292 0.003246
-0.60922 0.018104 0.0034009
-0.5512 0.019514 0.0036623
-0.49318 0.019388 0.0036336
-0.43516 0.020355 0.0038128
-0.37714 0.021065 0.0039479
-0.31912 0.021034 0.0039448
-0.26109 0.020095 0.0037757
-0.20307 0.019424 0.003639
-0.14505 0.019099 0.003581
-0.087032 0.017757 0.0033366
-0.029011 0.017415 0.0032672
0.029011 0.015125 0.0028464
0.087032 0.0142 0.0026682
0.14505 0.011707 0.0022016
0.20307 0.010951 0.0020728
0.26109 0.0091842 0.0017375
0.31912 0.0081751 0.0015468
0.37714 0.0061231 0.0011616
0.43516 0.0053211 0.0010133
0.49318 0.0041131 0.00079346
0.5512 0.0035247 0.00068478
0.60922 0.0029623 0.00057639
0.66724 0.002696 0.00052552
0.72526 0.0025134 0.00049234
0.78328 0.0020939 0.00041287
0.84131 0.0019619 0.00038905
0.89933 0.0021181 0.00041852
0.95735 0.0018882 0.00037385
1.0154 0.0017946 0.00035874
1.0734 0.0015653 0.00031922
1.1314 0.0014656 0.00029574
1.1894 0.001356 0.00027898
1.2475 0.0013213 0.00026663
1.3055 0.0014102 0.00028712
1.3635 0.0012878 0.00026358
1.4215 0.0012151 0.00025402
1.4795 0.0011015 0.00022631
1.5376 0.00097137 0.00020426
1.5956 0.0010045 0.0002104
1.6536 0.0011863 0.00024895
1.7116 0.0010507 0.0002156
1.7696 0.00083509 0.00018142
1.8277 0.00098565 0.00020815
1.8857 0.00080737 0.00017128
1.9437 0.00097588 0.00020831
2.0017 0.00075309 0.00016282
2.0597 0.00085838 0.00018232
2.1178 0.00078408 0.00017183
2.1758 0.00066099 0.0001436
2.2338 0.00079101 0.00017368
2.2918 0.00085204 0.00018119
2.3499 0.00063051 0.00014045
2.4079 0.00063341 0.0001411
2.4659 0.00078581 0.00017016
2.5239 0.0006376 0.00014141
2.5819 0.00061655 0.00013798
2.64 0.00068587 0.00015004
2.698 0.00073846 0.00016245
2.756 0.00051944 0.00011838
2.814 0.00066091 0.00014756
2.872 0.00044634 0.00010439
2.9301 0.00058074 0.00013126
2.9881 0.00069794 0.00015384
3.0461 0.00060884 0.00013532
3.1041 0.00049798 0.00011605
3.1621 0.00057584 0.0001305
3.2202 0.00055443 0.00012499
3.2782 0.00037307 9.1638e-05
3.3362 0.00043441 0.00010364
3.3942 0.00045499 0.0001068
3.4523 0.00049222 0.00011355
3.5103 0.00046934 0.00011017
3.5683 0.00048657 0.00011339
3.6263 0.00052383 0.00012009
3.6843 0.00062016 0.00013815
3.7424 0.00049733 0.0001151
3.8004 0.00057922 0.00013127
3.8584 0.00042603 0.00010164
3.9164 0.00036654 9.0036e-05
3.9744 0.00054348 0.00012386
4.0325 0.00046803 0.00010946
4.0905 0.00043461 0.00010325
4.1485 0.00033103 8.3264e-05
4.2065 0.00040033 9.6831e-05
4.2645 0.00042269 0.00010084
4.3226 0.00037147 9.0761e-05
4.3806 0.00039961 9.6657e-05
4.4386 0.00035259 8.7597e-05
4.4966 0.00028268 7.373e-05
4.5547 0.00032326 8.131e-05
4.6127 0.00033532 8.4343e-05
4.6707 0.00039415 9.5336e-05
4.7287 0.00037735 9.1726e-05
4.7867 0.00044713 0.00010578
4.8448 0.00042746 0.00010155
4.9028 0.00034634 8.6044e-05
4.9608 0.00035532 8.8274e-05
5.0188 0.00034531 8.579e-05
5.0768 0.00033758 8.4377e-05
5.1349 0.00048319 0.00011183
5.1929 0.0003732 9.1672e-05
5.2509 0.00035238 8.7544e-05
5.3089 0.00038284 9.306e-05
5.3669 0.00029671 7.6195e-05
5.425 0.00030519 7.8371e-05
5.483 0.00031812 8.1105e-05
5.541 0.00035679 8.8129e-05
5.599 0.00037604 9.1407e-05
5.6571 0.00036508 9.07e-05
5.7151 0.00036126 8.8739e-05
5.7731 0.00031167 7.946e-05
5.8311 0.00027827 7.3191e-05
5.8891 0.00021562 6.0285e-05
5.9472 0.00023138 6.3938e-05
6.0052 0.00039759 9.6168e-05
6.0632 0.00024893 6.6671e-05
6.1212 0.00028336 7.4527e-05
6.1792 0.00026952 7.0888e-05
6.2373 0.00028527 7.4404e-05
6.2953 0.00038285 9.3061e-05
6.3533 0.00033146 8.3923e-05
6.4113 0.00040647 9.7403e-05
6.4694 0.00028796 7.5106e-05
6.5274 0.00037888 9.2097e-05
6.5854 0.00034138 8.5868e-05
6.6434 0.00031226 7.9609e-05
6.7014 0.00024396 6.5984e-05
6.7595 0.00032536 8.2378e-05
6.8175 0.00019683 5.6473e-05
6.8755 0.00025719 6.8883e-05
6.9335 0.00032225 8.1593e-05
6.9915 0.00021505 6.0127e-05
7.0496 0.00026945 7.1497e-05
7.1076 0.00024973 6.7547e-05
7.1656 0.00034508 8.5731e-05
7.2236 0.00026445 7.017e-05
7.2816 0.00038234 9.3415e-05
7.3397 0.00031423 8.0112e-05
7.3977 0.00031735 8.0352e-05
7.4557 0.00026367 6.9964e-05
7.5137 0.0002863 7.4673e-05
7.5718 0.00026482 7.0268e-05
7.6298 0.00033953 8.4864e-05
7.6878 0.00030003 7.7048e-05
7.7458 0.00031225 7.9607e-05
7.8038 0.00026206 6.9538e-05
7.8619 0.00026359 6.9943e-05
7.9199 0.00033801 8.4485e-05
7.9779 0.00026465 7.0224e-05
8.0359 0.0003276 8.2401e-05
8.0939 0.0001772 5.2366e-05
8.152 0.00028287 7.378e-05
8.21 0.00028109 7.3314e-05
8.268 0.0001942 5.5716e-05
8.326 0.00032749 8.2374e-05
8.384 0.00027078 7.1219e-05
8.4421 0.00036521 8.9708e-05
8.5001 0.00030418 7.8114e-05
8.5581 0.00024161 6.5349e-05
8.6161 0.00026415 7.0091e-05
8.6742 0.00024692 6.6786e-05
8.7322 0.0002989 7.6756e-05
8.7902 0.0002166 6.0561e-05
8.8482 0.0001865 5.4277e-05
8.9062 0.00021031 5.9539e-05
8.9643 0.00039654 9.5913e-05
9.0223 0.00041212 9.8756e-05
9.0803 0.00034579 8.5907e-05
9.1383 0.00026867 7.1292e-05
9.1963 0.00042113 0.00010047
9.2544 0.00029822 7.6582e-05
9.3124 0.00032761 8.2404e-05
9.3704 0.00029216 7.5597e-05
9.4284 0.00015817 4.8371e-05
9.4864 0.00031617 8.0051e-05
9.5445 0.00022559 6.234e-05
9.6025 0.00018893 5.4983e-05
9.6605 0.00025104 6.7235e-05
9.7185 0.00027913 7.2805e-05
9.7766 0.00028291 7.3788e-05
9.8346 0.0002509 6.7199e-05
9.8926 0.00027918 7.2816e-05
9.9506 0.00030416 7.7545e-05
10.009 0.0003565 8.8056e-05
10.067 0.00028272 7.374e-05
10.125 0.00035059 8.6598e-05
10.183 0.00020511 5.8067e-05
10.241 0.00020424 5.7822e-05
10.299 0.00023472 6.415e-05
10.357 0.00022578 6.2393e-05
10.415 0.0002689 7.0725e-05
10.473 0.00021426 5.9905e-05
10.531 0.0003461 8.5985e-05
10.589 0.00022387 6.1864e-05
10.647 0.00024801 6.6423e-05
10.705 0.00024224 6.5521e-05
10.763 0.00031807 8.0533e-05
10.821 0.00025013 6.6992e-05
10.879 0.00021063 5.8891e-05
10.937 0.00024122 6.5245e-05
10.995 0.00023446 6.408e-05
11.053 0.00022182 6.1298e-05
11.111 0.0002223 6.1429e-05
11.169 0.00030552 7.7891e-05
11.227 0.00022277 6.1559e-05
11.285 0.00038029 9.2438e-05
11.343 0.0002114 5.9107e-05
11.401 0.00025857 6.8612e-05
11.459 0.00030596 7.8003e-05
11.517 0.00029729 7.6342e-05
11.575 0.0001563 4.7799e-05
11.633 0.00031203 7.9005e-05
11.691 0.00025954 6.8868e-05
11.749 0.00030604 7.8024e-05
11.807 0.00019292 5.5349e-05
11.865 0.00029675 7.6205e-05
11.923 0.00033384 8.3443e-05
11.981 0.00017572 5.1928e-05
12.039 0.00022079 6.1013e-05
12.097 0.00026748 7.0353e-05
12.155 0.00023337 6.3781e-05
12.213 0.00025941 6.8833e-05
12.271 0.00027489 7.1699e-05
12.329 0.0003469 8.5686e-05
12.388 0.00024048 6.5045e-05
12.446 0.0002017 5.7102e-05
12.504 0.00019223 5.5153e-05
12.562 0.00019973 5.6544e-05
12.62 0.00026617 7.0007e-05
12.678 0.00027259 7.1098e-05
12.736 0.00021804 6.0253e-05
12.794 0.00029165 7.4896e-05
12.852 0.00019981 5.6567e-05
12.91 0.00018028 5.2465e-05
12.968 0.00027171 7.0869e-05
13.026 0.00017077 5.0463e-05
13.084 0.00025452 6.7537e-05
13.142 0.00020765 5.8059e-05
13.2 0.00016205 4.8682e-05
13.258 0.00026105 6.8659e-05
13.316 0.00019124 5.4868e-05
13.374 0.00031728 7.9804e-05
13.432 0.00019921 5.6397e-05
13.49 0.00024224 6.4879e-05
13.548 0.00029757 7.5865e-05
13.606 0.00017265 5.1021e-05
13.664 0.00023277 6.2958e-05
13.722 0.00019839 5.6166e-05
13.78 0.00026178 6.8852e-05
13.838 0.00018079 5.2614e-05
13.896 0.00034026 8.4045e-05
13.954 0.00026878 7.0104e-05
14.012 0.00025207 6.6886e-05
14.07 0.00025064 6.6508e-05
14.128 0.00026753 6.9778e-05
14.186 0.00028751 7.3831e-05
14.244 0.00017987 5.2348e-05
14.302 0.00027642 7.1524e-05
14.36 0.00024013 6.4313e-05
14.418 0.00017022 5.0301e-05
14.476 0.00022356 6.1099e-05
14.534 0.00036644 8.9073e-05
14.592 0.00023226 6.2822e-05
14.65 0.00018679 5.359e-05
14.708 0.00027855 7.2077e-05
14.766 0.00018796 5.3928e-05
14.824 0.00023795 6.3731e-05
14.882 0.00026711 6.9669e-05
14.94 0.00022243 6.0791e-05
14.998 0.0001778 5.1744e-05
15.056 0.00014213 4.4312e-05
15.114 0.00031124 7.8286e-05
15.173 0.00024978 6.6278e-05
15.231 0.00019542 5.5324e-05
15.289 0.00029824 7.5511e-05
15.347 0.00023029 6.2288e-05
15.405 0.00022983 6.2163e-05
15.463 0.00027094 7.0106e-05
15.521 0.00028878 7.3624e-05
15.579 0.00026416 6.8898e-05
15.637 0.00025636 6.7427e-05
15.695 0.00023594 6.3191e-05
15.753 0.00019163 5.4251e-05
15.811 0.0002357 6.3126e-05
15.869 0.00033494 8.2732e-05
15.927 0.00026102 6.8079e-05
15.985 0.00024392 6.4724e-05
16.043 0.000252 6.628e-05
16.101 0.00022769 6.1583e-05
16.159 0.00030393 7.6446e-05
16.217 0.00032988 8.1482e-05
16.275 0.00021747 5.9435e-05
16.333 0.0002348 6.2886e-05
16.391 0.00021503 5.8768e-05
16.449 0.00025811 6.732e-05
16.507 0.00022483 6.0812e-05
16.565 0.00023317 6.2449e-05
16.623 0.00022504 6.0867e-05
16.681 0.00035722 8.6404e-05
16.739 0.00042749 9.9978e-05
16.797 0.00017348 5.0486e-05
16.855 0.00019525 5.4591e-05
16.913 0.00033046 8.1172e-05
16.971 0.00024723 6.5026e-05
17.029 0.00024742 6.5076e-05
17.087 0.00018759 5.3109e-05
17.145 0.00033677 8.2282e-05
17.203 0.00023689 6.2857e-05
17.261 0.00035191 8.5542e-05
17.319 0.00026213 6.7826e-05
17.377 0.00024478 6.4382e-05
17.435 0.00019383 5.4194e-05
17.493 0.00028844 7.3031e-05
17.551 0.00021068 5.7581e-05
17.609 0.00027487 7.0078e-05
17.667 0.0002367 6.2809e-05
17.725 0.00023516 6.2399e-05
17.783 0.00022661 6.0692e-05
17.841 0.00018289 5.1776e-05
17.9 0.0001904 5.3236e-05
17.958 0.00023408 6.2111e-05
18.016 0.00026567 6.8223e-05
18.074 0.00024705 6.4435e-05
18.132 0.00035527 8.5525e-05
18.19 0.00024687 6.439e-05
18.248 0.00023211 6.159e-05
18.306 0.00018035 5.106e-05
18.364 0.00022964 6.0934e-05
18.422 0.00022334 5.9818e-05
18.48 0.00029581 7.3937e-05
18.538 0.00022796 6.0489e-05
18.596 0.00020341 5.5594e-05
18.654 0.00027931 7.0721e-05
18.712 0.00015602 4.6107e-05
18.77 0.00021866 5.8564e-05
18.828 0.00023565 6.198e-05
18.886 0.0003336 8.1091e-05
18.944 0.00018593 5.1984e-05
19.002 0.00018436 5.1546e-05
19.06 0.00025873 6.6442e-05
19.118 0.00021907 5.8673e-05
19.176 0.00021665 5.8025e-05
19.234 0.00023266 6.1192e-05
19.292 0.00022561 5.9865e-05
19.35 0.00026398 6.7302e-05
19.408 0.00027961 7.0329e-05
19.466 0.000222 5.8908e-05
19.524 0.00023849 6.2204e-05
19.582 0.00024077 6.2799e-05
19.64 0.00019707 5.386e-05
19.698 0.00018944 5.2349e-05
19.756 0.00026032 6.6367e-05
19.814 0.00025359 6.5122e-05
19.872 0.00024241 6.2724e-05
19.93 0.00026566 6.7263e-05
19.988 0.00020422 5.5236e-05
20.046 0.0003596 8.5427e-05
20.104 0.00021045 5.6365e-05
20.162 0.00026458 6.6989e-05
20.22 0.00022583 5.9398e-05
20.278 0.00020335 5.5002e-05
20.336 0.00021664 5.7486e-05
20.394 0.00021541 5.7159e-05
20.452 0.00027167 6.8332e-05
20.51 0.00021719 5.7632e-05
20.568 0.00024629 6.3247e-05
20.626 0.0002131 5.6545e-05
20.685 0.00025922 6.5632e-05
20.743 0.00018221 5.0351e-05
20.801 0.00027525 6.8798e-05
20.859 0.00028751 7.1016e-05
20.917 0.00024262 6.2304e-05
20.975 0.00028692 7.087e-05
21.033 0.00022579 5.889e-05
21.091 0.00023114 5.9808e-05
21.149 0.00019615 5.3053e-05
21.207 0.00027039 6.7583e-05
21.265 0.00025346 6.4175e-05
21.323 0.0002745 6.8197e-05
21.381 0.00027696 6.8808e-05
21.439 0.0002385 6.1247e-05
21.497 0.00022957 5.9403e-05
21.555 0.00024945 6.316e-05
21.613 0.00025783 6.4853e-05
21.671 0.00021396 5.6275e-05
21.729 0.00026344 6.5845e-05
21.787 0.00020357 5.4017e-05
21.845 0.00031087 7.4835e-05
21.903 0.00018907 5.114e-05
21.961 0.00025259 6.3533e-05
22.019 0.00027833 6.8368e-05
22.077 0.00023408 5.9678e-05
22.135 0.00024894 6.2615e-05
22.193 0.00025525 6.3798e-05
22.251 0.00021837 5.6504e-05
22.309 0.0002546 6.3636e-05
22.367 0.00028253 6.9028e-05
22.425 0.00025351 6.3365e-05
22.483 0.00025143 6.2844e-05
22.541 0.0002169 5.6124e-05
22.599 0.00030145 7.2569e-05
22.657 0.00030067 7.238e-05
22.715 0.00026113 6.45e-05
22.773 0.00013183 3.8959e-05
22.831 0.00020797 5.4244e-05
22.889 0.00028133 6.8384e-05
22.947 0.00019669 5.1734e-05
23.005 0.00031222 7.4171e-05
23.063 0.00026517 6.5134e-05
23.121 0.00029042 6.9914e-05
23.179 0.00020132 5.251e-05
23.237 0.00020016 5.2206e-05
23.295 0.00019425 5.1091e-05
23.353 0.00019976 5.2102e-05
23.412 0.00024371 6.0547e-05
23.47 0.00024336 6.0461e-05
23.528 0.00017129 4.6329e-05
23.586 0.00033531 7.8138e-05
23.644 0.00018144 4.8145e-05
23.702 0.00024019 5.9672e-05
23.76 0.00024618 6.0808e-05
23.818 0.00025172 6.1831e-05
23.876 0.00026758 6.4722e-05
23.934 0.00021739 5.5042e-05
23.992 0.00028006 6.711e-05
24.05 0.00024613 6.0457e-05
24.108 0.00023204 5.7649e-05
24.166 0.00026858 6.4656e-05
24.224 0.00023016 5.7181e-05
24.282 0.00017974 4.7275e-05
24.34 0.00028126 6.6816e-05
24.398 0.00026487 6.3762e-05
24.456 0.00028966 6.8528e-05
24.514 0.00026913 6.4492e-05
24.572 0.00018771 4.8572e-05
24.63 0.00030309 7.0884e-05
24.688 0.00019897 5.0727e-05
24.746 0.00024463 5.9463e-05
24.804 0.00021317 5.328e-05
24.862 0.00027753 6.5659e-05
24.92 0.00024573 5.9437e-05
24.978 0.00030223 7.0183e-05
25.036 0.00017866 4.6228e-05
25.094 0.00016112 4.2752e-05
25.152 0.00026425 6.2774e-05
25.21 0.00030039 6.9521e-05
25.268 0.0002804 6.5576e-05
25.326 0.00016297 4.2863e-05
25.384 0.00025809 6.1312e-05
25.442 0.00023329 5.6429e-05
25.5 0.00021962 5.366e-05
25.558 0.00023505 5.6584e-05
25.616 0.0002392 5.7319e-05
25.674 0.00026471 6.2139e-05
25.732 0.00025088 5.9353e-05
25.79 0.00033372 7.5045e-05
25.848 0.00023213 5.5626e-05
25.906 0.00030828 7.0057e-05
25.964 0.00019645 4.8523e-05
26.022 0.00024448 5.7839e-05
26.08 0.00024808 5.8458e-05
26.138 0.00027661 6.3808e-05
26.197 0.00029918 6.799e-05
26.255 0.00025485 5.9603e-05
26.313 0.00025333 5.9247e-05
26.371 0.00026508 6.135e-05
26.429 0.00024154 5.67e-05
26.487 0.00025995 6.0161e-05
26.545 0.00027277 6.253e-05
26.603 0.00023995 5.6118e-05
26.661 0.00024566 5.7048e-05
26.719 0.00024369 5.6591e-05
26.777 0.00023215 5.4294e-05
26.835 0.00020809 4.9645e-05
26.893 0.00023617 5.4843e-05
26.951 0.00022989 5.357e-05
27.009 0.00022777 5.3077e-05
27.067 0.00026465 5.9977e-05
27.125 0.00036832 7.9389e-05
27.183 0.00024662 5.6203e-05
27.241 0.0002746 6.1452e-05
27.299 0.00021927 5.0747e-05
27.357 0.0002943 6.4869e-05
27.415 0.00024388 5.527e-05
27.473 0.00022225 5.1107e-05
27.531 0.00020679 4.802e-05
27.589 0.00024641 5.5411e-05
27.647 0.00025201 5.6396e-05
27.705 0.00024366 5.4659e-05
27.763 0.00020827 4.7744e-05
27.821 0.00029126 6.3274e-05
27.879 0.00028876 6.2629e-05
27.937 0.00024276 5.384e-05
27.995 0.00021017 4.7504e-05
28.053 0.00022172 4.9502e-05
28.111 0.00023969 5.2832e-05
28.169 0.00027233 5.8787e-05
28.227 0.00024559 5.3627e-05
28.285 0.00027076 5.8191e-05
28.343 0.00026503 5.696e-05
28.401 0.00022927 5.0065e-05
28.459 0.00029172 6.1606e-05
28.517 0.00027559 5.8397e-05
28.575 0.00020929 4.5702e-05
28.633 0.00028408 5.95e-05
28.691 0.00027818 5.8102e-05
28.749 0.00023726 5.0105e-05
28.807 0.00029738 6.1184e-05
28.865 0.00026934 5.578e-05
28.924 0.00025861 5.3558e-05
28.982 0.00023711 4.9265e-05
29.04 0.00023533 4.8625e-05
29.098 0.0002589 5.2683e-05
29.156 0.00026409 5.3245e-05
29.214 0.00024434 4.9059e-05
29.272 0.00024155 4.7995e-05
29.33 0.0002485 4.8833e-05
29.388 0.00023977 4.6175e-05
29.446 0.00024936 4.8129e-05
29.504 0 1
29.562 0 1
29.62 0 1
29.678 0 1
