-29.678 0 1
-29.62 0 1
-29.562 0 1
-29.504 0.00078426 0.00013806
-29.446 0.00092444 0.00016064
-29.388 0.00092864 0.00016608
-29.33 0.00085897 0.00015664
-29.272 0.00091767 0.00016869
-29.214 0.00096897 0.00017957
-29.156 0.00080485 0.00015422
-29.098 0.00089634 0.00017118
-29.04 0.00091828 0.00017616
-28.982 0.00084604 0.00016507
-28.924 0.00083702 0.00016456
-28.865 0.00078457 0.00015669
-28.807 0.00077666 0.00015635
-28.749 0.00069086 0.00014314
-28.691 0.0009378 0.00018626
-28.633 0.00098125 0.00019454
-28.575 0.00086568 0.0001758
-28.517 0.00085437 0.00017473
-28.459 0.00087146 0.00017867
-28.401 0.00082355 0.00017111
-28.343 0.00076553 0.000162
-28.285 0.00084574 0.00017674
-28.227 0.00070946 0.00015405
-28.169 0.00086622 0.00018157
-28.111 0.00062827 0.00014086
-28.053 0.0008737 0.0001837
-27.995 0.00077597 0.00016782
-27.937 0.00090599 0.00019049
-27.879 0.00097118 0.00020236
-27.821 0.0007976 0.00017319
-27.763 0.00080163 0.00017479
-27.705 0.00081397 0.00017748
-27.647 0.00085977 0.00018594
-27.589 0.00072203 0.00016273
-27.531 0.00095768 0.00020405
-27.473 0.0010199 0.00021513
-27.415 0.00085771 0.00018782
-27.357 0.00074239 0.00016823
-27.299 0.00096738 0.00020762
-27.241 0.00064897 0.00015264
-27.183 0.00076566 0.0001735
-27.125 0.00075751 0.00017263
-27.067 0.0007326 0.00016895
-27.009 0.00073858 0.00017033
-26.951 0.00065241 0.0001557
-26.893 0.00076203 0.00017573
-26.835 0.00086975 0.000195
-26.777 0.00068064 0.00016244
-26.719 0.00096986 0.00021331
-26.661 0.00075355 0.00017603
-26.603 0.00068243 0.00016413
-26.545 0.00072789 0.00017243
-26.487 0.00094238 0.00021022
-26.429 0.00099528 0.00021991
-26.371 0.00091397 0.00020599
-26.313 0.00083719 0.00019307
-26.255 0.00055751 0.00014323
-26.197 0.00075791 0.00017954
-26.138 0.00065133 0.0001607
-26.08 0.00096786 0.000217
-26.022 0.00063534 0.00015823
-25.964 0.00073241 0.00017615
-25.906 0.001017 0.00022687
-25.848 0.00063064 0.00015861
-25.79 0.00079559 0.00018846
-25.732 0.00078227 0.00018669
-25.674 0.00078697 0.00018781
-25.616 0.00088211 0.00020471
-25.558 0.00095244 0.00021705
-25.5 0.00084906 0.0001997
-25.442 0.00076002 0.00018428
-25.384 0.00090661 0.0002104
-25.326 0.00071789 0.00017712
-25.268 0.00086921 0.00020444
-25.21 0.00070691 0.00017605
-25.152 0.00092386 0.0002144
-25.094 0.00070864 0.00017648
-25.036 0.00086036 0.0002038
-24.978 0.00079203 0.00019204
-24.92 0.00059554 0.00015667
-24.862 0.0008952 0.00021055
-24.804 0.00080464 0.0001951
-24.746 0.0006841 0.00017385
-24.688 0.0010492 0.0002391
-24.63 0.00084197 0.0002025
-24.572 0.00097782 0.00022692
-24.514 0.00090899 0.00021532
-24.456 0.00083523 0.00020252
-24.398 0.00098988 0.00022972
-24.34 0.00087138 0.00020957
-24.282 0.00063434 0.00016688
-24.224 0.00092638 0.00021944
-24.166 0.00082603 0.000202
-24.108 0.00094461 0.00022376
-24.05 0.00091732 0.00021892
-23.992 0.00094757 0.00022446
-23.934 0.00094518 0.0002239
-23.876 0.00071144 0.00018278
-23.818 0.00095992 0.00022739
-23.76 0.00099099 0.00023308
-23.702 0.00071629 0.00018402
-23.644 0.00096747 0.00022918
-23.586 0.00061303 0.00016563
-23.528 0.00086174 0.00021073
-23.47 0.00077857 0.00019582
-23.412 0.00050102 0.00014443
-23.353 0.00056562 0.0001575
-23.295 0.00056724 0.00015795
-23.237 0.00061909 0.00016726
-23.179 0.00079688 0.00020042
-23.121 0.0014377 0.00031349
-23.063 0.00085634 0.00021128
-23.005 0.0011694 0.00026648
-22.947 0.00068838 0.00018109
-22.889 0.00081243 0.00020433
-22.831 0.00080987 0.00020369
-22.773 0.0010737 0.00025081
-22.715 0.0008724 0.00021525
-22.657 0.00087981 0.00021708
-22.599 0.0008538 0.00021264
-22.541 0.00079164 0.00020117
-22.483 0.00059316 0.00016517
-22.425 0.00083147 0.00020912
-22.367 0.00098516 0.00023694
-22.309 0.00089077 0.00021978
-22.251 0.00093238 0.000228
-22.193 0.00072252 0.00019008
-22.135 0.0006646 0.00017956
-22.077 0.00066284 0.00017908
-22.019 0.00078873 0.00020263
-21.961 0.00082468 0.00020957
-21.903 0.00079462 0.00020415
-21.845 0.00076791 0.00019957
-21.787 0.00079913 0.00020531
-21.729 0.00077482 0.00020137
-21.671 0.00061691 0.00017179
-21.613 0.0011784 0.00027348
-21.555 0.00071245 0.00018986
-21.497 0.0010355 0.00024905
-21.439 0.00090406 0.00022515
-21.381 0.00071779 0.00019129
-21.323 0.00081413 0.00020916
-21.265 0.00069414 0.00018754
-21.207 0.0006293 0.00017524
-21.149 0.0010962 0.00025967
-21.091 0.00076124 0.00020026
-21.033 0.00063282 0.00017622
-20.975 0.00086077 0.00021874
-20.917 0.0010809 0.00025795
-20.859 0.00060329 0.00017082
-20.801 0.00080139 0.00020827
-20.743 0.00086116 0.00021884
-20.685 0.00070393 0.00019019
-20.626 0.00076976 0.00020251
-20.568 0.00077341 0.00020346
-20.51 0.00087381 0.00022205
-20.452 0.00071116 0.00019214
-20.394 0.00077529 0.00020396
-20.336 0.00068605 0.00018808
-20.278 0.00065254 0.00018171
-20.22 0.00084374 0.00021677
-20.162 0.0007224 0.00019518
-20.104 0.00092011 0.00023142
-20.046 0.00049849 0.000153
-19.988 0.00049341 0.00015144
-19.93 0.00076062 0.0002027
-19.872 0.00096606 0.00024059
-19.814 0.00086378 0.00022192
-19.756 0.00069421 0.00019032
-19.698 0.00083014 0.00021574
-19.64 0.00090647 0.00023036
-19.582 0.00063501 0.0001798
-19.524 0.00063442 0.00017964
-19.466 0.00083899 0.00021804
-19.408 0.00067405 0.0001877
-19.35 0.00091349 0.00023214
-19.292 0.00070601 0.00019356
-19.234 0.00094508 0.0002377
-19.176 0.00071696 0.00019656
-19.118 0.00064615 0.00018296
-19.06 0.00098399 0.00024506
-19.002 0.00064529 0.00018271
-18.944 0.0009236 0.00023471
-18.886 0.00075356 0.0002036
-18.828 0.00091858 0.00023343
-18.77 0.0007202 0.00019745
-18.712 0.00071953 0.00019726
-18.654 0.00068345 0.00019032
-18.596 0.0007525 0.00020331
-18.538 0.00082432 0.00021686
-18.48 0.0006946 0.00019342
-18.422 0.00086539 0.0002249
-18.364 0.00072033 0.00019748
-18.306 0.00076227 0.00020595
-18.248 0.00101 0.00025153
-18.19 0.00083281 0.00021909
-18.132 0.00086678 0.00022527
-18.074 0.00059261 0.00017416
-18.016 0.00081426 0.000217
-17.958 0.00073801 0.00020233
-17.9 0.00055864 0.00016763
-17.841 0.00077278 0.00020879
-17.783 0.00077448 0.00020925
-17.725 0.0010639 0.00026249
-17.667 0.00070032 0.00019501
-17.609 0.0006337 0.00018268
-17.551 0.0009266 0.00023805
-17.493 0.0008144 0.00021703
-17.435 0.00066923 0.00018949
-17.377 0.0008156 0.00021735
-17.319 0.00097034 0.00024659
-17.261 0.0007109 0.00019796
-17.203 0.001028 0.00025602
-17.145 0.00089582 0.00023281
-17.087 0.00071517 0.00019915
-17.029 0.00060643 0.00017822
-16.971 0.00074739 0.0002049
-16.913 0.00075522 0.00020705
-16.855 0.00083688 0.00022303
-16.797 0.0010051 0.00025278
-16.739 0.00053639 0.00016464
-16.681 0.00079323 0.00021431
-16.623 0.00053884 0.00016539
-16.565 0.00086434 0.00022739
-16.507 0.00057555 0.00017271
-16.449 0.00090211 0.00023445
-16.391 0.0010191 0.0002563
-16.333 0.0008679 0.00022832
-16.275 0.00090251 0.00023455
-16.217 0.00086952 0.00022875
-16.159 0.00092012 0.00023913
-16.101 0.00076043 0.00020848
-16.043 0.00072818 0.00020277
-15.985 0.00072375 0.00020154
-15.927 0.00065853 0.00018983
-15.869 0.00076543 0.00020985
-15.811 0.00061636 0.00018114
-15.753 0.00062298 0.00018308
-15.695 0.00077273 0.00021185
-15.637 0.00066134 0.00019064
-15.579 0.00095303 0.00024484
-15.521 0.00081122 0.00021917
-15.463 0.00073925 0.00020585
-15.405 0.00088652 0.00023322
-15.347 0.00099266 0.00025226
-15.289 0.00085496 0.00022784
-15.231 0.00077885 0.00021353
-15.173 0.00077686 0.00021298
-15.114 0.00077684 0.00021297
-15.056 0.00066409 0.00019143
-14.998 0.00081676 0.00022067
-14.94 0.00063371 0.00018623
-14.882 0.00073824 0.00020557
-14.824 0.00055965 0.00017177
-14.766 0.00085997 0.00022918
-14.708 0.0008187 0.00022119
-14.65 0.00074247 0.00020675
-14.592 0.00085593 0.0002281
-14.534 0.00074634 0.00020783
-14.476 0.00082053 0.00022169
-14.418 0.00089469 0.00023537
-14.36 0.00063869 0.0001877
-14.302 0.0006377 0.00018741
-14.244 0.00067119 0.00019348
-14.186 0.0007107 0.00020123
-14.128 0.0003756 0.00013414
-14.07 0.00060501 0.00018155
-14.012 0.00097922 0.00025157
-13.954 0.00074895 0.00020855
-13.896 0.00079428 0.00021776
-13.838 0.00060549 0.00018169
-13.78 0.00064521 0.00018961
-13.722 0.00041214 0.00014184
-13.664 0.00068276 0.00019682
-13.606 0.00068277 0.00019682
-13.548 0.0007943 0.00021776
-13.49 0.0007542 0.00021002
-13.432 0.00076562 0.0002132
-13.374 0.00083886 0.00022664
-13.316 0.00060889 0.00018271
-13.258 0.00098282 0.0002525
-13.2 0.00064902 0.00019073
-13.142 0.00084163 0.00022739
-13.084 0.001217 0.00029509
-13.026 0.00075787 0.00021104
-12.968 0.00060893 0.00018272
-12.91 0.00069097 0.00019918
-12.852 0.0006454 0.00018967
-12.794 0.00079851 0.00021892
-12.736 0.00072816 0.00020618
-12.678 0.00088392 0.00023556
-12.62 0.00092344 0.00024293
-12.562 0.0009548 0.00024814
-12.504 0.00072694 0.00020583
-12.446 0.00074083 0.00020976
-12.388 0.00061518 0.0001846
-12.329 0.00095882 0.00024919
-12.271 0.0010328 0.00026245
-12.213 0.00065948 0.00019381
-12.155 0.0009627 0.00025019
-12.097 0.0014257 0.00033305
-12.039 0.00092243 0.00024267
-11.981 0.00081721 0.00022404
-11.923 0.00062365 0.00018714
-11.865 0.0011437 0.00028219
-11.807 0.00065947 0.0001938
-11.749 0.0012839 0.0003088
-11.691 0.0007713 0.00021478
-11.633 0.00096541 0.0002509
-11.575 0.00081128 0.00022242
-11.517 0.00065999 0.00019396
-11.459 0.00050323 0.00016265
-11.401 0.00050166 0.00016214
-11.343 0.00074003 0.00020954
-11.285 0.00077797 0.00021664
-11.227 0.00054466 0.00017135
-11.169 0.00081258 0.00022277
-11.111 0.00054514 0.0001715
-11.053 0.00050549 0.00016338
-10.995 0.00066197 0.00019454
-10.937 0.00061742 0.00018527
-10.879 0.00066347 0.00019498
-10.821 0.000588 0.00018048
-10.763 0.00082143 0.0002252
-10.705 0.00065707 0.0001931
-10.647 0.00081946 0.00022466
-10.589 0.00070654 0.00020367
-10.531 0.00058971 0.000181
-10.473 0.0008099 0.00022204
-10.415 0.0012214 0.00029868
-10.357 0.00059048 0.00018124
-10.299 0.0010138 0.00026045
-10.241 0.00078466 0.0002185
-10.183 0.00081675 0.00022391
-10.125 0.00051225 0.00016556
-10.067 0.00075066 0.00021255
-10.009 0.00081728 0.00022406
-9.9506 0.00070482 0.00020318
-9.8926 0.00090333 0.00024073
-9.8346 0.00075306 0.00021323
-9.7766 0.00054911 0.00017275
-9.7185 0.0008937 0.00023817
-9.6605 0.00079718 0.00022199
-9.6025 0.0011022 0.00027722
-9.5445 0.00078595 0.00021886
-9.4864 0.00098724 0.00025657
-9.4284 0.00071323 0.0002056
-9.3704 0.00079466 0.00022128
-9.3124 0.00082255 0.0002255
-9.2544 0.0009367 0.00024642
-9.1963 0.00076154 0.00021563
-9.1383 0.00074786 0.00021176
-9.0803 0.00074836 0.0002119
-9.0223 0.00063651 0.000191
-8.9643 0.00060319 0.00018514
-8.9062 0.00074451 0.00021081
-8.8482 0.0011141 0.0002802
-8.7902 0.000664 0.00019514
-8.7322 0.0007217 0.00020804
-8.6742 0.00071329 0.00020562
-8.6161 0.0007821 0.00021779
-8.5581 0.0008408 0.00023051
-8.5001 0.00075141 0.00021276
-8.4421 0.00054875 0.00017264
-8.384 0.00067543 0.0001985
-8.326 0.00066879 0.00019654
-8.268 0.00091132 0.00024286
-8.21 0.00079488 0.00022135
-8.152 0.00071145 0.00020509
-8.0939 0.00074537 0.00021105
-8.0359 0.00072097 0.00020783
-7.9779 0.00067542 0.00019849
-7.9199 0.00079159 0.00022043
-7.8619 0.00055922 0.00017593
-7.8038 0.00056174 0.00017672
-7.7458 0.00059607 0.00018295
-7.6878 0.00080117 0.0002231
-7.6298 0.00092136 0.00024554
-7.5718 0.00069062 0.00020296
-7.5137 0.00055726 0.00017531
-7.4557 0.00087707 0.00023697
-7.3977 0.00076621 0.00021695
-7.3397 0.00084637 0.00023204
-7.2816 0.00092734 0.00024713
-7.2236 0.00078895 0.00021969
-7.1656 0.00089146 0.00024085
-7.1076 0.00061169 0.00018775
-7.0496 0.00071738 0.0002068
-6.9915 0.00059936 0.00018396
-6.9335 0.00080964 0.00022545
-6.8755 0.00074963 0.00021226
-6.8175 0.00080381 0.00022383
-6.7595 0.00067977 0.00019977
-6.7014 0.00079642 0.00022177
-6.6434 0.00086613 0.00023745
-6.5854 0.00055076 0.00017327
-6.5274 0.0007642 0.00021638
-6.4694 0.00081902 0.00022454
-6.4113 0.00078345 0.00022183
-6.3533 0.00095843 0.00025214
-6.2953 0.00072599 0.00020928
-6.2373 0.00090027 0.00023992
-6.1792 0.00078325 0.00022178
-6.1212 0.00047177 0.00015709
-6.0632 0.0009601 0.00025258
-6.0052 0.00077264 0.00021877
-5.9472 0.00048297 0.00016082
-5.8891 0.00076821 0.00021752
-5.8311 0.00068696 0.00020188
-5.7731 0.00082509 0.0002262
-5.7151 0.00079133 0.00022407
-5.6571 0.00097711 0.00025394
-5.599 0.00063746 0.00019128
-5.541 0.00090396 0.00024423
-5.483 0.00056541 0.00017787
-5.425 0.00055719 0.00017529
-5.3669 0.00087617 0.00023672
-5.3089 0.00090043 0.00024328
-5.2509 0.00077545 0.00021957
-5.1929 0.0006286 0.00018862
-5.1349 0.0013243 0.00031851
-5.0768 0.00071531 0.0002062
-5.0188 0.00065767 0.00019735
-4.9608 0.00092453 0.00024638
-4.9028 0.000913 0.00024331
-4.8448 0.00089762 0.00024252
-4.7867 0.00091174 0.00024297
-4.7287 0.00087654 0.00023682
-4.6707 0.00093912 0.00025027
-4.6127 0.00091393 0.00024356
-4.5547 0.00059886 0.00018381
-4.4966 0.00073246 0.00021114
-4.4386 0.00081329 0.00022647
-4.3806 0.00071175 0.00020517
-4.3226 0.00059933 0.00018395
-4.2645 0.00093387 0.00024887
-4.2065 0.00064439 0.00019336
-4.1485 0.00057039 0.00017944
-4.0905 0.00072273 0.00020834
-4.0325 0.0010026 0.00026055
-3.9744 0.00096456 0.00025375
-3.9164 0.00044453 0.00015299
-3.8584 0.00082191 0.00022887
-3.8004 0.00052033 0.00016818
-3.7424 0.00059804 0.00018356
-3.6843 0.00068334 0.00020082
-3.6263 0.00065627 0.00019693
-3.5683 0.00069707 0.00020485
-3.5103 0.00079251 0.00022068
-3.4523 0.00071265 0.00020543
-3.3942 0.00070742 0.0002079
-3.3362 0.00061906 0.00019001
-3.2782 0.0010036 0.00025783
-3.2202 0.001029 0.00026744
-3.1621 0.00079455 0.00022498
-3.1041 0.0007335 0.00020769
-3.0461 0.00053756 0.00017375
-2.9881 0.00065894 0.00019773
-2.9301 0.00053842 0.00016939
-2.872 0.00072752 0.0002138
-2.814 0.0007287 0.00020633
-2.756 0.0010759 0.00027962
-2.698 0.0010277 0.00026403
-2.64 0.00080657 0.0002246
-2.5819 0.00065241 0.00019577
-2.5239 0.00081567 0.00022713
-2.4659 0.00095975 0.00025577
-2.4079 0.00075394 0.00021348
-2.3499 0.001059 0.00026912
-2.2918 0.00091133 0.00025377
-2.2338 0.00083137 0.00022156
-2.1758 0.00048664 0.00016749
-2.1178 0.00069686 0.00020088
-2.0597 0.0010328 0.00026533
-2.0017 0.0011163 0.00029012
-1.9437 0.00076976 0.00021103
-1.8857 0.00067591 0.00020282
-1.8277 0.00074666 0.00021943
-1.7696 0.0010896 0.00026419
-1.7116 0.00081322 0.00023899
-1.6536 0.00080357 0.00022376
-1.5956 0.0013151 0.00031629
-1.5376 0.0011599 0.00028124
-1.4795 0.0014975 0.0003631
-1.4215 0.0013613 0.00032488
-1.3635 0.0023298 0.0004947
-1.3055 0.0025577 0.0005194
-1.2475 0.0027393 0.00057418
-1.1894 0.0038163 0.00073944
-1.1314 0.0044229 0.00086552
-1.0734 0.0059752 0.0011059
-1.0154 0.0068982 0.0012521
-0.95735 0.0065133 0.0011946
-0.89933 0.0076096 0.0013777
-0.84131 0.0091912 0.0016345
-0.78328 0.010674 0.0018868
-0.72526 0.012128 0.0021266
-0.66724 0.011402 0.0020108
-0.60922 0.010903 0.0019448
-0.5512 0.011909 0.0021075
-0.49318 0.013121 0.0022842
-0.43516 0.012935 0.002248
-0.37714 0.012206 0.0021406
-0.31912 0.012272 0.0021656
-0.26109 0.011529 0.0020679
-0.20307 0.011025 0.0019288
-0.14505 0.012012 0.0021055
-0.087032 0.010299 0.0018455
-0.029011 0.0098954 0.0017535
0.029011 0.0070756 0.0013087
0.087032 0.0068081 0.0012386
0.14505 0.0054667 0.0010043
0.20307 0.0056189 0.0010831
0.26109 0.0044649 0.00086285
0.31912 0.0035108 0.00069023
0.37714 0.0031602 0.00061936
0.43516 0.0021473 0.00045294
0.49318 0.0016514 0.00038576
0.5512 0.0015412 0.00037068
0.60922 0.0012152 0.00029983
0.66724 0.0010074 0.00025881
0.72526 0.00075489 0.00021375
0.78328 0.0013332 0.00031582
0.84131 0.00086885 0.00023474
0.89933 0.00088096 0.00023802
0.95735 0.00092373 0.00024007
1.0154 0.00085804 0.00023524
1.0734 0.0013046 0.00032812
1.1314 0.00085088 0.00022989
1.1894 0.00089339 0.00024878
1.2475 0.0010446 0.00025773
1.3055 0.00094808 0.00025266
1.3635 0.00092349 0.00024611
1.4215 0.00090135 0.00025522
1.4795 0.00085884 0.00022594
1.5376 0.0008845 0.00023897
1.5956 0.00056571 0.00017797
1.6536 0.001003 0.00027498
1.7116 0.00084941 0.00022075
1.7696 0.00063155 0.00019868
1.8277 0.0006793 0.00020384
1.8857 0.00061272 0.00018007
1.9437 0.00069022 0.00021185
2.0017 0.00094678 0.00024907
2.0597 0.0010554 0.00026821
2.1178 0.00090405 0.00025175
2.1758 0.00075185 0.00020612
2.2338 0.00092476 0.00025751
2.2918 0.00077835 0.00021674
2.3499 0.00061109 0.00018757
2.4079 0.0010247 0.00026631
2.4659 0.00058283 0.00018336
2.5239 0.00080647 0.00022457
2.5819 0.00099238 0.00026107
2.64 0.00070658 0.00020368
2.698 0.00057093 0.00018453
2.756 0.00069634 0.00020073
2.814 0.00095386 0.00025771
2.872 0.00081493 0.00022342
2.9301 0.00074275 0.00021411
2.9881 0.0010093 0.00026553
3.0461 0.00077891 0.0002169
3.1041 0.00072159 0.00021206
3.1621 0.00054235 0.00017529
3.2202 0.00081877 0.00022447
3.2782 0.0010369 0.00026947
3.3362 0.00058477 0.00018396
3.3942 0.00064266 0.00019284
3.4523 0.00055559 0.00017479
3.5103 0.00062297 0.00019121
3.5683 0.00070303 0.00020661
3.6263 0.00081181 0.00022606
3.6843 0.00052299 0.00016904
3.7424 0.00064842 0.00019457
3.8004 0.0009132 0.00024673
3.8584 0.00057663 0.0001814
3.9164 0.00061055 0.0001874
3.9744 0.00068925 0.00020256
4.0325 0.00093785 0.00024993
4.0905 0.00086242 0.00023644
4.1485 0.00061343 0.00018828
4.2065 0.00049474 0.00016474
4.2645 0.00085461 0.00023429
4.3226 0.00064722 0.00019421
4.3806 0.00082149 0.00022876
4.4386 0.00041274 0.0001474
4.4966 0.00077917 0.00022062
4.5547 0.00052535 0.0001698
4.6127 0.00074264 0.00021408
4.6707 0.00028556 0.00011788
4.7287 0.00071739 0.0002068
4.7867 0.0010692 0.00027468
4.8448 0.00093185 0.00024833
4.9028 0.00089535 0.0002419
4.9608 0.00087673 0.00024036
5.0188 0.00073129 0.00021081
5.0768 0.00098209 0.00025836
5.1349 0.00063605 0.00019086
5.1929 0.0009189 0.00024827
5.2509 0.00082703 0.0002303
5.3089 0.00072894 0.00021013
5.3669 0.0009274 0.00024715
5.425 0.00062062 0.00019049
5.483 0.00071184 0.0002092
5.541 0.00073385 0.00021154
5.599 0.00071805 0.00020699
5.6571 0.00051449 0.00017131
5.7151 0.00072403 0.00020871
5.7731 0.00094806 0.00025265
5.8311 0.00037453 0.00013946
5.8891 0.0008107 0.00022575
5.9472 0.0011265 0.00028628
6.0052 0.0008243 0.00022954
6.0632 0.00040012 0.00014289
6.1212 0.0008023 0.00022717
6.1792 0.0010497 0.00026968
6.2373 0.0007448 0.0002147
6.2953 0.00073598 0.00021216
6.3533 0.00093097 0.00025153
6.4113 0.0009267 0.00024696
6.4694 0.00062229 0.000191
6.5274 0.00059987 0.00018412
6.5854 0.00058908 0.00018532
6.6434 0.00094787 0.0002526
6.7014 0.00082047 0.00022847
6.7595 0.00066516 0.00019959
6.8175 0.00072743 0.00020969
6.8755 0.00095689 0.00025501
6.9335 0.0005719 0.00017992
6.9915 0.00081194 0.0002261
7.0496 0.00062641 0.00019227
7.1076 0.00078973 0.00022361
7.1656 0.00077189 0.00021856
7.2236 0.000948 0.00025264
7.2816 0.00049816 0.00016588
7.3397 0.00083123 0.00023147
7.3977 0.00068909 0.00020251
7.4557 0.00069609 0.00020457
7.5137 0.00087518 0.00023993
7.5718 0.00098648 0.00025952
7.6298 0.00069541 0.00020437
7.6878 0.00089696 0.00024234
7.7458 0.00069878 0.00020536
7.8038 0.00061267 0.00018805
7.8619 0.00081265 0.00022629
7.9199 0.00057051 0.00017948
7.9779 0.00069757 0.000205
8.0359 0.00072962 0.00021033
8.0939 0.00052541 0.00016982
8.152 0.0013836 0.0003302
8.21 0.00093769 0.00024989
8.268 0.00092534 0.0002466
8.326 0.0010207 0.00026528
8.384 0.00052446 0.00016951
8.4421 0.000771 0.00021831
8.5001 0.00053481 0.00017286
8.5581 0.00068402 0.00020102
8.6161 0.00074098 0.0002136
8.6742 0.00078164 0.00022132
8.7322 0.0010546 0.00027094
8.7902 0.0004078 0.00014564
8.8482 0.00056879 0.00017894
8.9062 0.00090641 0.00024489
8.9643 0.00069652 0.00020469
9.0223 0.00085626 0.00023475
9.0803 0.00092384 0.0002462
9.1383 0.00078816 0.00022317
9.1963 0.00064864 0.00019464
9.2544 0.00088815 0.00023996
9.3124 0.00073136 0.00021083
9.3704 0.00053254 0.00017212
9.4284 0.00096984 0.00025514
9.4864 0.00096818 0.0002547
9.5445 0.00052773 0.00017057
9.6025 0.00069632 0.00020463
9.6605 0.0009642 0.00025366
9.7185 0.00048157 0.00016035
9.7766 0.00045223 0.00015564
9.8346 0.00073255 0.00021117
9.8926 0.00072937 0.00021025
9.9506 0.00052478 0.00016961
10.009 0.00060872 0.00018684
10.067 0.00081521 0.00022701
10.125 0.00092377 0.00024618
10.183 0.00060838 0.00018673
10.241 0.00076121 0.00021554
10.299 0.00084826 0.00023255
10.357 0.00081277 0.00022633
10.415 0.00072121 0.0002079
10.473 0.00064996 0.00019503
10.531 0.0007732 0.00021893
10.589 0.00052258 0.0001689
10.647 0.0013576 0.00032398
10.705 0.00088968 0.00024037
10.763 0.00080925 0.00022535
10.821 0.000603 0.00018508
10.879 0.00059702 0.00018325
10.937 0.0011296 0.00028411
10.995 0.00093123 0.00024817
11.053 0.00092439 0.00024634
11.111 0.00084382 0.00023134
11.169 0.00060095 0.00018445
11.227 0.00064407 0.00019327
11.285 0.00080432 0.00022397
11.343 0.00056367 0.00017733
11.401 0.00079825 0.00022228
11.459 0.00072676 0.0002095
11.517 0.00096709 0.00025442
11.575 0.00059972 0.00018407
11.633 0.00044322 0.00015254
11.691 0.00072527 0.00020907
11.749 0.0010895 0.00027688
11.807 0.0011158 0.00028063
11.865 0.00080539 0.00022427
11.923 0.00040333 0.00014404
11.981 0.00079993 0.00022275
12.039 0.00076185 0.00021572
12.097 0.00063699 0.00019114
12.155 0.00084426 0.00023146
12.213 0.00064196 0.00019263
12.271 0.00067667 0.00019886
12.329 0.00055573 0.00017483
12.388 0.00055997 0.00017616
12.446 0.00099573 0.00025878
12.504 0.00078928 0.00021979
12.562 0.00071411 0.00020585
12.62 0.00087235 0.00023569
12.678 0.00086715 0.00023429
12.736 0.0011401 0.00028395
12.794 0.00051227 0.00016557
12.852 0.00083829 0.00022982
12.91 0.00078418 0.00021837
12.968 0.00078319 0.00021809
13.026 0.00074505 0.00021096
13.084 0.00075092 0.00021262
13.142 0.00078432 0.0002184
13.2 0.0010513 0.00026717
13.258 0.0011324 0.00028203
13.316 0.00071027 0.00020475
13.374 0.00082516 0.00022622
13.432 0.00046715 0.00015555
13.49 0.00062434 0.00018735
13.548 0.00098022 0.00025475
13.606 0.0008267 0.00022664
13.664 0.00070184 0.00020232
13.722 0.00077889 0.00021689
13.78 0.00078217 0.0002178
13.838 0.00054733 0.00017219
13.896 0.00077482 0.00021576
13.954 0.00050527 0.00016331
14.012 0.00097781 0.00025412
14.07 0.001009 0.00025923
14.128 0.00072942 0.00020653
14.186 0.00046776 0.00015575
14.244 0.00093383 0.00024567
14.302 0.00069924 0.00020157
14.36 0.00069226 0.00019956
14.418 0.001084 0.00027263
14.476 0.00085122 0.00022998
14.534 0.00081384 0.00022312
14.592 0.00065398 0.00019219
14.65 0.00077243 0.00021509
14.708 0.00089477 0.00023845
14.766 0.00074046 0.00020966
14.824 0.00099871 0.00025658
14.882 0.00089703 0.00023905
14.94 0.00093054 0.0002448
14.998 0.00073185 0.00020722
15.056 0.00076675 0.00021351
15.114 0.00065512 0.00019253
15.173 0.00069375 0.00019998
15.231 0.00054165 0.0001704
15.289 0.000684 0.00019717
15.347 0.0008079 0.00022149
15.405 0.00065004 0.00019103
15.463 0.0011431 0.00028203
15.521 0.00079777 0.00021871
15.579 0.00091094 0.00023965
15.637 0.00072148 0.00020429
15.695 0.0007611 0.00021194
15.753 0.00079026 0.00021665
15.811 0.00060664 0.00018203
15.869 0.00095586 0.00024842
15.927 0.00082904 0.00022399
15.985 0.00075978 0.00021157
16.043 0.0010163 0.00025826
16.101 0.00068165 0.0001965
16.159 0.00079528 0.00021803
16.217 0.00064193 0.00018865
16.275 0.00083163 0.00022469
16.333 0.00060298 0.00018094
16.391 0.00078679 0.0002157
16.449 0.00071052 0.00020118
16.507 0.00071368 0.00020208
16.565 0.00074826 0.00020836
16.623 0.00090082 0.00023698
16.681 0.00070228 0.00019885
16.739 0.00070594 0.00019989
16.797 0.00096634 0.00024826
16.855 0.0009572 0.00024592
16.913 0.00088228 0.0002321
16.971 0.00059063 0.00017723
17.029 0.00092254 0.00023976
17.087 0.0006302 0.0001852
17.145 0.0008041 0.00021725
17.203 0.00047958 0.00015501
17.261 0.00077817 0.00021334
17.319 0.00080865 0.00021848
17.377 0.0008389 0.00022356
17.435 0.00055143 0.00016925
17.493 0.00062234 0.00018289
17.551 0.00099386 0.00025256
17.609 0.0010875 0.00026831
17.667 0.0011702 0.00028373
17.725 0.00094754 0.00024343
17.783 0.00061894 0.00018189
17.841 0.00075743 0.00020765
17.9 0.00061502 0.00018074
17.958 0.00065353 0.00018839
18.016 0.00082609 0.00022015
18.074 0.00089404 0.00023235
18.132 0.00075244 0.00020629
18.19 0.00064403 0.00018565
18.248 0.00075648 0.00020739
18.306 0.00071082 0.00019794
18.364 0.00075193 0.00020615
18.422 0.0009687 0.00024617
18.48 0.00067452 0.00019099
18.538 0.00088526 0.00023007
18.596 0.00095225 0.00024199
18.654 0.00078384 0.00021178
18.712 0.0007826 0.00021144
18.77 0.00084343 0.00022188
18.828 0.00059954 0.00017619
18.886 0.00084693 0.00022281
18.944 0.00067236 0.00019038
19.002 0.00094298 0.00023963
19.06 0.00031511 0.00011734
19.118 0.00084754 0.00022297
19.176 0.00069728 0.00019417
19.234 0.00076183 0.00020583
19.292 0.00080214 0.00021377
19.35 0.00072797 0.00019958
19.408 0.00072779 0.00019953
19.466 0.00054969 0.00016494
19.524 0.0009362 0.00023791
19.582 0.00069004 0.00019215
19.64 0.0012306 0.00028943
19.698 0.00095431 0.00024002
19.756 0.00040838 0.00013598
19.814 0.0007587 0.00020498
19.872 0.00068172 0.00018983
19.93 0.00091563 0.00023268
19.988 0.0010569 0.00025845
20.046 0.00067676 0.00018845
20.104 0.00084534 0.00021969
20.162 0.00087602 0.00022506
20.22 0.00081323 0.00021394
20.278 0.0007414 0.00020031
20.336 0.00080649 0.00021217
20.394 0.00090075 0.0002289
20.452 0.00087798 0.00022556
20.51 0.00087422 0.0002246
20.568 0.00070141 0.00019229
20.626 0.00092366 0.00023231
20.685 0.00089341 0.00022704
20.743 0.00089045 0.00022628
20.801 0.00049516 0.00015198
20.859 0.0005565 0.00016354
20.917 0.00085533 0.00021974
20.975 0.0005256 0.00015772
21.033 0.00078274 0.00020592
21.091 0.00087439 0.0002222
21.149 0.00074931 0.00019969
21.207 0.00071911 0.00019429
21.265 0.00074456 0.00019842
21.323 0.00093558 0.000233
21.381 0.00067545 0.00018518
21.439 0.00093835 0.00023369
21.497 0.00064429 0.00017941
21.555 0.00063694 0.00017736
21.613 0.00063836 0.00017776
21.671 0.0010562 0.00025402
21.729 0.00082285 0.0002114
21.787 0.00059681 0.00016899
21.845 0.00050264 0.00015083
21.903 0.00053405 0.00015695
21.961 0.00062138 0.00017303
22.019 0.00071058 0.00018937
22.077 0.00074168 0.00019512
22.135 0.00099491 0.00024124
22.193 0.00058467 0.00016555
22.251 0.00082394 0.00020938
22.309 0.00067293 0.00018181
22.367 0.00091828 0.00022657
22.425 0.0011579 0.00026871
22.483 0.0010232 0.00024419
22.541 0.00048396 0.00014522
22.599 0.00063875 0.00017512
22.657 0.001244 0.00028349
22.715 0.00075005 0.00019493
22.773 0.00080979 0.00020579
22.831 0.0010191 0.0002432
22.889 0.00080551 0.0002047
22.947 0.0010352 0.00024523
23.005 0.00070916 0.00018656
23.063 0.00076733 0.00019714
23.121 0.0006716 0.00017898
23.179 0.00090438 0.00022116
23.237 0.00058019 0.00016156
23.295 0.00089927 0.00021991
23.353 0.00118 0.00026891
23.412 0.00088832 0.00021723
23.47 0.00071821 0.00018665
23.528 0.00060287 0.00016528
23.586 0.00065369 0.0001742
23.644 0.00076381 0.0001941
23.702 0.00075894 0.00019287
23.76 0.00076112 0.00019342
23.818 0.00058846 0.00016133
23.876 0.0006662 0.00017526
23.934 0.00066387 0.00017465
23.992 0.00085569 0.00020925
24.05 0.00079437 0.00019784
24.108 0.0011143 0.00025392
24.166 0.00086725 0.00021028
24.224 0.00086618 0.00021002
24.282 0.00083541 0.00020429
24.34 0.00085221 0.00020663
24.398 0.00077515 0.00019305
24.456 0.00082414 0.00020154
24.514 0.00052863 0.0001472
24.572 0.00084036 0.00020376
24.63 0.00081333 0.00019889
24.688 0.00086201 0.00020732
24.746 0.00067218 0.00017269
24.804 0.00076481 0.0001887
24.862 0.00099849 0.00023027
24.92 0.00086485 0.0002064
24.978 0.0007556 0.00018643
25.036 0.00090133 0.00021199
25.094 0.00081923 0.00019703
25.152 0.00062015 0.00016117
25.21 0.00076258 0.00018648
25.268 0.00078503 0.00019035
25.326 0.00080698 0.00019409
25.384 0.00061043 0.00015864
25.442 0.00060243 0.00015656
25.5 0.00090414 0.00020983
25.558 0.00059485 0.00015459
25.616 0.0010145 0.00022865
25.674 0.00077275 0.00018585
25.732 0.00096795 0.00021934
25.79 0.00064242 0.00016157
25.848 0.000713 0.00017436
25.906 0.00079489 0.00018829
25.964 0.00067373 0.00016623
26.022 0.00074389 0.00017891
26.08 0.00073435 0.00017662
26.138 0.00084568 0.00019626
26.197 0.00092337 0.00020924
26.255 0.0010559 0.00023223
26.313 0.00089724 0.00020447
26.371 0.00093458 0.00021064
26.429 0.00085799 0.00019667
26.487 0.00063694 0.00015715
26.545 0.00091032 0.00020517
26.603 0.00053937 0.00013857
26.661 0.00053331 0.00013701
26.719 0.00099914 0.00021879
26.777 0.00097408 0.00021424
26.835 0.00093847 0.00020735
26.893 0.00092615 0.00020463
26.951 0.0008441 0.00019025
27.009 0.00064022 0.00015398
27.067 0.0009202 0.00020239
27.125 0.0012034 0.00025003
27.183 0.00084752 0.00018814
27.241 0.00071527 0.00016495
27.299 0.00062958 0.00014914
27.357 0.00081513 0.00018095
27.415 0.00075683 0.00017058
27.473 0.00085939 0.00018818
27.531 0.0010024 0.00021214
27.589 0.00084794 0.00018489
27.647 0.00060459 0.0001422
27.705 0.0009588 0.0002029
27.763 0.0010149 0.00021146
27.821 0.00083802 0.00018053
27.879 0.00094384 0.00019784
27.937 0.00077913 0.00016918
27.995 0.00077803 0.00016826
28.053 0.00093223 0.00019369
28.111 0.00060773 0.00013772
28.169 0.00073246 0.00015841
28.227 0.00062607 0.00013966
28.285 0.00072897 0.00015645
28.343 0.00089776 0.00018453
28.401 0.00085447 0.00017655
28.459 0.00091513 0.00018584
28.517 0.0010246 0.00020349
28.575 0.00083741 0.00017085
28.633 0.00092929 0.00018524
28.691 0.00092771 0.00018361
28.749 0.0010519 0.00020301
28.807 0.00089745 0.00017616
28.865 0.00084356 0.00016639
28.924 0.0007263 0.00014562
28.982 0.00090122 0.00017394
29.04 0.00075932 0.00014859
29.098 0.00070529 0.00013781
29.156 0.00076387 0.00014588
29.214 0.000947 0.00017418
29.272 0.00098037 0.00017713
29.33 0.00084261 0.00015206
29.388 0.00081955 0.00014332
29.446 0.00089676 0.00015696
29.504 0 1
29.562 0 1
29.62 0 1
29.678 0 1
