-29.678 0 1
-29.62 0 1
-29.562 0 1
-29.504 0.00020006 3.8602e-05
-29.446 0.00018801 3.6233e-05
-29.388 0.00018288 3.6103e-05
-29.33 0.00020614 4.0821e-05
-29.272 0.0002011 4.028e-05
-29.214 0.00020953 4.2264e-05
-29.156 0.00020484 4.1765e-05
-29.098 0.00021122 4.325e-05
-29.04 0.0002113 4.3499e-05
-28.982 0.00018186 3.8174e-05
-28.924 0.00023829 4.892e-05
-28.865 0.00020899 4.3617e-05
-28.807 0.00018654 3.9591e-05
-28.749 0.00019452 4.1334e-05
-28.691 0.00019142 4.0994e-05
-28.633 0.0002046 4.3642e-05
-28.575 0.00023074 4.869e-05
-28.517 0.0001787 3.9064e-05
-28.459 0.00018735 4.0881e-05
-28.401 0.00019584 4.2586e-05
-28.343 0.00025427 5.3715e-05
-28.285 0.00019709 4.3163e-05
-28.227 0.00019296 4.2501e-05
-28.169 0.00021612 4.6995e-05
-28.111 0.00021456 4.6737e-05
-28.053 0.00018515 4.1309e-05
-27.995 0.00020986 4.6134e-05
-27.937 0.00021817 4.7779e-05
-27.879 0.00018413 4.1482e-05
-27.821 0.00022898 5.0054e-05
-27.763 0.00017296 3.9625e-05
-27.705 0.00020699 4.6181e-05
-27.647 0.00015608 3.6615e-05
-27.589 0.00017145 3.9654e-05
-27.531 0.0001845 4.2267e-05
-27.473 0.00018983 4.3358e-05
-27.415 0.00022593 5.0294e-05
-27.357 0.00019069 4.3687e-05
-27.299 0.00021052 4.7552e-05
-27.241 0.00018406 4.2572e-05
-27.183 0.00013697 3.3625e-05
-27.125 0.00016373 3.8872e-05
-27.067 0.00014837 3.6045e-05
-27.009 0.00022255 5.0269e-05
-26.951 0.00019962 4.6018e-05
-26.893 0.00016939 4.0387e-05
-26.835 0.00014851 3.646e-05
-26.777 0.00016969 4.0639e-05
-26.719 0.00015959 3.8771e-05
-26.661 0.00020795 4.8096e-05
-26.603 0.0001474 3.6601e-05
-26.545 0.00015225 3.7585e-05
-26.487 0.00018558 4.406e-05
-26.429 0.00017542 4.2204e-05
-26.371 0.00018017 4.3148e-05
-26.313 0.00022331 5.1481e-05
-26.255 0.00019415 4.5905e-05
-26.197 0.00021276 4.9548e-05
-26.138 0.00019658 4.648e-05
-26.08 0.00018646 4.4654e-05
-26.022 0.00020259 4.771e-05
-25.964 0.00020523 4.8332e-05
-25.906 0.00022205 5.1711e-05
-25.848 0.00022563 5.2362e-05
-25.79 0.00024961 5.7013e-05
-25.732 0.00021719 5.0952e-05
-25.674 0.00017836 4.3554e-05
-25.616 0.00017888 4.368e-05
-25.558 0.00017453 4.2847e-05
-25.5 0.0001772 4.3502e-05
-25.442 0.00018302 4.4691e-05
-25.384 0.00013329 3.504e-05
-25.326 0.0002305 5.3873e-05
-25.268 0.00023257 5.4357e-05
-25.21 0.00018784 4.5868e-05
-25.152 0.0001733 4.303e-05
-25.094 0.00016947 4.2335e-05
-25.036 0.00023204 5.4437e-05
-24.978 0.00019073 4.6574e-05
-24.92 0.00020078 4.8535e-05
-24.862 0.00019641 4.7715e-05
-24.804 0.00016955 4.2622e-05
-24.746 0.00021965 5.2372e-05
-24.688 0.0001479 3.8556e-05
-24.63 0.00018678 4.6109e-05
-24.572 0.00018838 4.6503e-05
-24.514 0.00021014 5.0798e-05
-24.456 0.00018102 4.522e-05
-24.398 0.00022081 5.2881e-05
-24.34 0.00024926 5.8475e-05
-24.282 0.00019858 4.8751e-05
-24.224 0.00018866 4.6846e-05
-24.166 0.00025667 5.9989e-05
-24.108 0.00017158 4.372e-05
-24.05 0.00018192 4.5733e-05
-23.992 0.00018255 4.5891e-05
-23.934 0.00019769 4.8804e-05
-23.876 0.0001845 4.6382e-05
-23.818 0.00015851 4.1322e-05
-23.76 0.00014849 3.9382e-05
-23.702 0.00018576 4.6698e-05
-23.644 0.00017041 4.3737e-05
-23.586 0.00018252 4.6188e-05
-23.528 0.00014995 3.9769e-05
-23.47 0.00021427 5.2322e-05
-23.412 0.00017695 4.509e-05
-23.353 0.00012531 3.5021e-05
-23.295 0.00020763 5.1256e-05
-23.237 0.00016264 4.2398e-05
-23.179 0.00016997 4.3957e-05
-23.121 0.00018835 4.7662e-05
-23.063 0.00021446 5.265e-05
-23.005 0.00019231 4.8345e-05
-22.947 0.00017682 4.5383e-05
-22.889 0.000218 5.3518e-05
-22.831 0.00017831 4.5765e-05
-22.773 0.00017889 4.5915e-05
-22.715 0.00011204 3.2595e-05
-22.657 0.00020339 5.081e-05
-22.599 0.0001815 4.6584e-05
-22.541 0.00016945 4.4175e-05
-22.483 0.00018283 4.6927e-05
-22.425 0.00020595 5.1447e-05
-22.367 0.00018404 4.7236e-05
-22.309 0.00020021 5.0331e-05
-22.251 0.00017383 4.5315e-05
-22.193 0.00016239 4.3069e-05
-22.135 0.00017459 4.5515e-05
-22.077 0.00014511 3.964e-05
-22.019 0.00021039 5.2557e-05
-21.961 0.00013534 3.7823e-05
-21.903 0.00016486 4.3723e-05
-21.845 0.00017752 4.6279e-05
-21.787 0.00015987 4.2798e-05
-21.729 0.00018509 4.7868e-05
-21.671 0.00012479 3.5787e-05
-21.613 0.00021507 5.3728e-05
-21.555 0.00016709 4.4315e-05
-21.497 0.00018135 4.7277e-05
-21.439 0.00013813 3.8604e-05
-21.381 0.00016233 4.3456e-05
-21.323 0.00017494 4.5989e-05
-21.265 0.0001702 4.5139e-05
-21.207 0.0001273 3.6507e-05
-21.149 0.00022325 5.5434e-05
-21.091 0.00024442 5.9684e-05
-21.033 0.00018287 4.7672e-05
-20.975 0.00019039 4.924e-05
-20.917 0.0001776 4.669e-05
-20.859 0.00025692 6.2106e-05
-20.801 0.00016056 4.3408e-05
-20.743 0.00014132 3.9496e-05
-20.685 0.00022191 5.5435e-05
-20.626 0.00017919 4.7106e-05
-20.568 0.00021729 5.4624e-05
-20.51 0.00021198 5.3643e-05
-20.452 0.00017437 4.6246e-05
-20.394 0.00019914 5.1113e-05
-20.336 0.0001951 5.0458e-05
-20.278 0.00016342 4.4182e-05
-20.22 0.00020006 5.1348e-05
-20.162 0.00022773 5.6889e-05
-20.104 0.00022157 5.5702e-05
-20.046 0.00019207 5.007e-05
-19.988 0.00013941 3.9452e-05
-19.93 0.00017839 4.7311e-05
-19.872 0.00027596 6.6392e-05
-19.814 0.00012801 3.7238e-05
-19.756 0.00021016 5.3552e-05
-19.698 0.00019191 5.0029e-05
-19.64 0.00015523 4.2876e-05
-19.582 0.00019316 5.0355e-05
-19.524 0.00016725 4.5215e-05
-19.466 0.0001487 4.1558e-05
-19.408 0.00018829 4.9498e-05
-19.35 0.00016947 4.5815e-05
-19.292 0.0001684 4.5526e-05
-19.234 0.00024059 5.9739e-05
-19.176 0.00013812 3.9611e-05
-19.118 0.00017689 4.7354e-05
-19.06 0.00018956 4.9834e-05
-19.002 0.00021591 5.5018e-05
-18.944 0.0001977 5.1539e-05
-18.886 0.00013857 3.9741e-05
-18.828 0.00019663 5.1259e-05
-18.77 0.00018499 4.9064e-05
-18.712 0.00021122 5.4214e-05
-18.654 0.0001975 5.1486e-05
-18.596 0.00016474 4.5003e-05
-18.538 0.00017204 4.651e-05
-18.48 0.00016727 4.5694e-05
-18.422 0.00019339 5.084e-05
-18.364 0.00017181 4.6449e-05
-18.306 0.00020693 5.3515e-05
-18.248 0.00019457 5.115e-05
-18.19 0.00017381 4.6989e-05
-18.132 0.0001937 5.0921e-05
-18.074 0.00018132 4.854e-05
-18.016 0.00017051 4.6579e-05
-17.958 0.00020311 5.2949e-05
-17.9 0.00018161 4.8617e-05
-17.841 0.00015564 4.3498e-05
-17.783 0.00014242 4.0844e-05
-17.725 0.00021179 5.4773e-05
-17.667 0.00024959 6.1974e-05
-17.609 0.00015599 4.3596e-05
-17.551 0.0002197 5.639e-05
-17.493 0.00016371 4.522e-05
-17.435 0.00016964 4.6342e-05
-17.377 0.0002391 6.0108e-05
-17.319 0.00015924 4.4504e-05
-17.261 0.00013695 3.9841e-05
-17.203 0.0002117 5.475e-05
-17.145 0.00013116 3.8744e-05
-17.087 0.00014466 4.1488e-05
-17.029 0.00021304 5.5097e-05
-16.971 0.00017141 4.6825e-05
-16.913 0.00024249 6.0959e-05
-16.855 0.00015421 4.3641e-05
-16.797 0.0001383 4.0233e-05
-16.739 0.00019978 5.252e-05
-16.681 0.00019449 5.1583e-05
-16.623 0.00016609 4.5876e-05
-16.565 0.00018039 4.8768e-05
-16.507 0.0001386 4.0319e-05
-16.449 0.00018074 4.8863e-05
-16.391 0.00014724 4.2226e-05
-16.333 0.00013237 3.91e-05
-16.275 0.00020864 5.4391e-05
-16.217 0.00014657 4.2035e-05
-16.159 0.0002198 5.6846e-05
-16.101 0.00018138 4.9035e-05
-16.043 0.00016834 4.6498e-05
-15.985 0.0001952 5.1771e-05
-15.927 0.00021849 5.6506e-05
-15.869 0.00012639 3.7957e-05
-15.811 0.00022351 5.7368e-05
-15.753 0.00014825 4.2517e-05
-15.695 0.00021267 5.544e-05
-15.637 0.0001628 4.5497e-05
-15.579 0.00014829 4.2528e-05
-15.521 0.00014207 4.133e-05
-15.463 0.00014242 4.143e-05
-15.405 0.00012809 3.8466e-05
-15.347 0.00018415 4.9785e-05
-15.289 0.00017187 4.7472e-05
-15.231 0.00015004 4.3031e-05
-15.173 0.00014966 4.292e-05
-15.114 0.00020667 5.4331e-05
-15.056 0.00020612 5.4186e-05
-14.998 0.00023602 6.0141e-05
-14.94 0.00015081 4.325e-05
-14.882 0.00017066 4.714e-05
-14.824 0.00015813 4.4748e-05
-14.766 0.00017288 4.775e-05
-14.708 0.00016489 4.6082e-05
-14.65 0.00018595 5.027e-05
-14.592 0.00015056 4.3177e-05
-14.534 0.00014378 4.1827e-05
-14.476 0.0001437 4.1804e-05
-14.418 0.00016518 4.6163e-05
-14.36 0.00018094 4.943e-05
-14.302 0.00017344 4.7906e-05
-14.244 0.00015804 4.4722e-05
-14.186 0.00015133 4.3399e-05
-14.128 0.00015919 4.5048e-05
-14.07 0.00015298 4.3872e-05
-14.012 0.00014511 4.2214e-05
-13.954 0.00018757 5.0709e-05
-13.896 0.00023317 5.9846e-05
-13.838 0.00027703 6.839e-05
-13.78 0.00014623 4.254e-05
-13.722 0.00013714 4.0511e-05
-13.664 0.00016807 4.6971e-05
-13.606 0.00020461 5.4266e-05
-13.548 0.00015302 4.3884e-05
-13.49 0.00021068 5.5385e-05
-13.432 9.5873e-05 3.2021e-05
-13.374 0.00020568 5.455e-05
-13.316 0.00017595 4.86e-05
-13.258 0.00018206 4.9734e-05
-13.2 0.00019123 5.1698e-05
-13.142 0.00019899 5.3269e-05
-13.084 0.00020515 5.4409e-05
-13.026 0.0002117 5.5654e-05
-12.968 0.00019063 5.1536e-05
-12.91 0.00022186 5.7836e-05
-12.852 0.00022673 5.8637e-05
-12.794 0.00018313 5.0028e-05
-12.736 0.00014766 4.2956e-05
-12.678 0.00014808 4.3076e-05
-12.62 0.00020755 5.5046e-05
-12.562 0.00023544 6.043e-05
-12.504 0.00013267 3.9842e-05
-12.446 0.00021783 5.7266e-05
-12.388 0.00017036 4.7612e-05
-12.329 0.00019949 5.3404e-05
-12.271 0.00011053 3.5179e-05
-12.213 0.00014947 4.3481e-05
-12.155 0.00014095 4.1636e-05
-12.097 0.00023755 6.097e-05
-12.039 0.00014068 4.1557e-05
-11.981 0.00015743 4.515e-05
-11.923 0.00031538 7.6239e-05
-11.865 0.00014689 4.2732e-05
-11.807 0.00020178 5.4016e-05
-11.749 0.00017989 4.9688e-05
-11.691 0.00015602 4.4744e-05
-11.633 0.00017111 4.7819e-05
-11.575 0.00017862 4.9337e-05
-11.517 0.00012715 3.8868e-05
-11.459 0.00018644 5.093e-05
-11.401 0.00020816 5.5207e-05
-11.343 0.00018008 4.9741e-05
-11.285 0.00022481 5.8607e-05
-11.227 0.00017238 4.8176e-05
-11.169 0.00025345 6.4138e-05
-11.111 0.00015003 4.3644e-05
-11.053 0.0002472 6.299e-05
-10.995 0.00021005 5.5708e-05
-10.937 0.00016355 4.6282e-05
-10.879 0.00017293 4.8328e-05
-10.821 0.00023411 6.0544e-05
-10.763 0.00013564 4.0734e-05
-10.705 0.00022338 5.8234e-05
-10.647 0.00022553 5.8793e-05
-10.589 0.00021929 5.7649e-05
-10.531 0.00021207 5.6244e-05
-10.473 0.00016346 4.6256e-05
-10.415 0.00018217 5.0317e-05
-10.357 0.00021234 5.6318e-05
-10.299 0.0001953 5.28e-05
-10.241 0.00019651 5.3127e-05
-10.183 0.00013487 4.0501e-05
-10.125 0.00019737 5.3358e-05
-10.067 0.00018267 5.0455e-05
-10.009 0.00023992 6.1579e-05
-9.9506 0.00016596 4.6964e-05
-9.8926 0.00024212 6.2144e-05
-9.8346 0.00019089 5.2147e-05
-9.7766 0.00023424 6.0579e-05
-9.7185 0.000262 6.5864e-05
-9.6605 0.00019197 5.2442e-05
-9.6025 0.00019718 5.3306e-05
-9.5445 0.00016655 4.7132e-05
-9.4864 0.00014454 4.2698e-05
-9.4284 0.00016794 4.7524e-05
-9.3704 0.00019902 5.3804e-05
-9.3124 0.00018865 5.1534e-05
-9.2544 0.00015038 4.3746e-05
-9.1963 0.0001776 4.9633e-05
-9.1383 0.00024265 6.228e-05
-9.0803 0.00015935 4.5698e-05
-9.0223 0.00015328 4.459e-05
-8.9643 0.00013944 4.1876e-05
-8.9062 0.00013588 4.0805e-05
-8.8482 0.00019163 5.2349e-05
-8.7902 0.00016554 4.6846e-05
-8.7322 0.0001931 5.2752e-05
-8.6742 0.00012215 3.8067e-05
-8.6161 0.00024861 6.3349e-05
-8.5581 0.0002314 6.0323e-05
-8.5001 0.00023618 6.1082e-05
-8.4421 0.00024919 6.3497e-05
-8.384 0.00024493 6.2866e-05
-8.326 0.00015158 4.4095e-05
-8.268 0.00022136 5.8194e-05
-8.21 0.0002297 5.9881e-05
-8.152 0.00015229 4.4302e-05
-8.0939 0.0001965 5.3123e-05
-8.0359 0.00021606 5.7302e-05
-7.9779 0.0001837 5.074e-05
-7.9199 0.00020587 5.5112e-05
-7.8619 0.00018469 5.1013e-05
-7.8038 0.00014687 4.3384e-05
-7.7458 0.00026029 6.5867e-05
-7.6878 0.00020065 5.4244e-05
-7.6298 0.00024696 6.3385e-05
-7.5718 0.00020348 5.5012e-05
-7.5137 0.00019171 5.237e-05
-7.4557 9.2164e-05 3.1654e-05
-7.3977 0.00013207 4.0374e-05
-7.3397 0.00014752 4.3577e-05
-7.2816 0.00017088 4.8358e-05
-7.2236 0.00024319 6.2417e-05
-7.1656 0.00021858 5.7971e-05
-7.1076 0.00018855 5.2079e-05
-7.0496 0.00024569 6.3061e-05
-6.9915 0.00017705 4.948e-05
-6.9335 0.00018717 5.1699e-05
-6.8755 0.00022802 5.9444e-05
-6.8175 0.00023228 6.0553e-05
-6.7595 0.00020029 5.4147e-05
-6.7014 0.00020713 5.5449e-05
-6.6434 0.0001907 5.2672e-05
-6.5854 0.0002501 6.3729e-05
-6.5274 0.00022471 5.9072e-05
-6.4694 0.00021038 5.5796e-05
-6.4113 0.00018271 5.1061e-05
-6.3533 0.00019233 5.2542e-05
-6.2953 0.00020979 5.6161e-05
-6.2373 0.00025638 6.488e-05
-6.1792 0.00023825 6.211e-05
-6.1212 0.00018934 5.1725e-05
-6.0632 0.00020038 5.4171e-05
-6.0052 0.00019585 5.3502e-05
-5.9472 0.00020935 5.6043e-05
-5.8891 0.0002181 5.7844e-05
-5.8311 0.0002569 6.5461e-05
-5.7731 0.00018923 5.1693e-05
-5.7151 0.00020059 5.4797e-05
-5.6571 0.00021836 5.7403e-05
-5.599 0.00025329 6.4541e-05
-5.541 0.00019789 5.4061e-05
-5.483 0.00014783 4.3667e-05
-5.425 0.00019935 5.3894e-05
-5.3669 0.00023784 6.1511e-05
-5.3089 0.00021289 5.6991e-05
-5.2509 0.00022801 5.9942e-05
-5.1929 0.00021192 5.6206e-05
-5.1349 0.00023967 6.1983e-05
-5.0768 0.00017608 4.921e-05
-5.0188 0.00022172 5.8805e-05
-4.9608 0.0001239 3.8614e-05
-4.9028 0.00022942 5.9808e-05
-4.8448 0.00019651 5.3681e-05
-4.7867 0.00027492 6.8678e-05
-4.7287 0.00024562 6.3042e-05
-4.6707 0.00022812 5.9969e-05
-4.6127 0.00026793 6.7355e-05
-4.5547 0.00023843 6.1663e-05
-4.4966 0.00027438 6.8976e-05
-4.4386 0.00027419 6.8929e-05
-4.3806 0.00024376 6.2566e-05
-4.3226 0.00026171 6.6227e-05
-4.2645 0.00020337 5.4982e-05
-4.2065 0.00031035 7.5783e-05
-4.1485 0.00026686 6.7532e-05
-4.0905 0.00017017 4.8157e-05
-4.0325 0.0002704 6.7976e-05
-3.9744 0.00024776 6.3592e-05
-3.9164 0.00028805 7.1524e-05
-3.8584 0.00030876 7.58e-05
-3.8004 0.00023904 6.182e-05
-3.7424 0.00026883 6.7581e-05
-3.6843 0.00027103 6.8135e-05
-3.6263 0.00029237 7.2595e-05
-3.5683 0.00022908 6.0222e-05
-3.5103 0.00025191 6.4191e-05
-3.4523 0.00027458 6.8593e-05
-3.3942 0.00027257 6.8976e-05
-3.3362 0.00029418 7.3045e-05
-3.2782 0.00029744 7.2631e-05
-3.2202 0.00035684 8.5081e-05
-3.1621 0.00032225 7.8689e-05
-3.1041 0.00031236 7.551e-05
-3.0461 0.00031865 7.781e-05
-2.9881 0.00031736 7.7495e-05
-2.9301 0.00026673 6.663e-05
-2.872 0.00030504 7.5743e-05
-2.814 0.00033987 8.0691e-05
-2.756 0.00021557 5.8279e-05
-2.698 0.00045689 0.00010348
-2.64 0.00034962 8.3359e-05
-2.5819 0.00035349 8.4283e-05
-2.5239 0.00029856 7.3705e-05
-2.4659 0.00034567 8.3165e-05
-2.4079 0.00042045 9.6619e-05
-2.3499 0.00048359 0.00010841
-2.2918 0.00035113 8.5741e-05
-2.2338 0.00036907 8.5362e-05
-2.1758 0.00042614 9.96e-05
-2.1178 0.00049225 0.00010983
-2.0597 0.0006887 0.00014729
-2.0017 0.00053334 0.00012016
-1.9437 0.00043782 9.8636e-05
-1.8857 0.0004883 0.00011059
-1.8277 0.00056691 0.0001262
-1.7696 0.00051165 0.00011145
-1.7116 0.00064509 0.00014267
-1.6536 0.00060374 0.00013151
-1.5956 0.00072933 0.00015498
-1.5376 0.00086587 0.00017891
-1.4795 0.0010638 0.00022086
-1.4215 0.0011879 0.00024088
-1.3635 0.0013386 0.00026942
-1.3055 0.0017144 0.00033667
-1.2475 0.0021022 0.00041378
-1.1894 0.0023968 0.00046533
-1.1314 0.0031975 0.00061914
-1.0734 0.0044499 0.00084856
-1.0154 0.0054881 0.0010404
-0.95735 0.0066105 0.0012505
-0.89933 0.0082356 0.001553
-0.84131 0.0091569 0.0017233
-0.78328 0.010906 0.0020499
-0.72526 0.012386 0.0023249
-0.66724 0.013579 0.0025477
-0.60922 0.014641 0.0027484
-0.5512 0.016182 0.0030343
-0.49318 0.016801 0.0031451
-0.43516 0.016966 0.0031749
-0.37714 0.017662 0.0033069
-0.31912 0.018225 0.0034141
-0.26109 0.018961 0.0035558
-0.20307 0.017708 0.0033125
-0.14505 0.018321 0.0034289
-0.087032 0.015837 0.0029712
-0.029011 0.016892 0.003163
0.029011 0.015839 0.0029717
0.087032 0.014435 0.0027055
0.14505 0.01182 0.002217
0.20307 0.011959 0.0022532
0.26109 0.010094 0.0019009
0.31912 0.0080334 0.0015149
0.37714 0.0069285 0.0013069
0.43516 0.0047048 0.00089412
0.49318 0.0036371 0.00069952
0.5512 0.0032301 0.00062477
0.60922 0.0022709 0.00044305
0.66724 0.0016496 0.00032641
0.72526 0.0013012 0.00026189
0.78328 0.0011815 0.00023876
0.84131 0.00086735 0.00018069
0.89933 0.00093344 0.00019332
0.95735 0.00069759 0.0001477
1.0154 0.00058249 0.0001278
1.0734 0.00060139 0.00013387
1.1314 0.00055882 0.00012238
1.1894 0.00049051 0.00011204
1.2475 0.00055676 0.00012028
1.3055 0.00058764 0.00012893
1.3635 0.00044864 0.00010218
1.4215 0.00052093 0.00011899
1.4795 0.00048258 0.00010673
1.5376 0.00030981 7.5652e-05
1.5956 0.00044371 0.00010135
1.6536 0.00033125 8.275e-05
1.7116 0.00032727 7.6492e-05
1.7696 0.00030417 7.6466e-05
1.8277 0.00035988 8.6187e-05
1.8857 0.00032634 7.716e-05
1.9437 0.00024821 6.583e-05
2.0017 0.00041039 9.4608e-05
2.0597 0.00026357 6.626e-05
2.1178 0.00028737 7.3226e-05
2.1758 0.00023451 5.9344e-05
2.2338 0.00025832 6.791e-05
2.2918 0.0002999 7.323e-05
2.3499 0.0002433 6.2923e-05
2.4079 0.00026058 6.6398e-05
2.4659 0.00029674 7.3682e-05
2.5239 0.00022528 5.9223e-05
2.5819 0.00023101 6.073e-05
2.64 0.00025712 6.5066e-05
2.698 0.0002369 6.283e-05
2.756 0.00022358 5.8286e-05
2.814 0.00021717 5.8712e-05
2.872 0.00016447 4.6543e-05
2.9301 0.00024643 6.3733e-05
2.9881 0.00015393 4.5471e-05
3.0461 0.0002851 7.0382e-05
3.1041 0.0002862 7.1949e-05
3.1621 0.00024112 6.2857e-05
3.2202 0.0002028 5.429e-05
3.2782 0.00021573 5.7752e-05
3.3362 0.00023335 6.1346e-05
3.3942 0.00024761 6.3554e-05
3.4523 0.00022936 5.9792e-05
3.5103 0.00023203 6.0997e-05
3.5683 0.00027088 6.8548e-05
3.6263 0.00016421 4.7094e-05
3.6843 0.00024026 6.2136e-05
3.7424 0.00021861 5.7978e-05
3.8004 0.00017593 4.9785e-05
3.8584 0.00023011 6.0492e-05
3.9164 0.00020388 5.5118e-05
3.9744 0.00013278 4.0591e-05
4.0325 0.00022781 5.9888e-05
4.0905 0.00021361 5.7185e-05
4.1485 0.0001812 5.0641e-05
4.2065 0.00013502 4.1276e-05
4.2645 0.00013328 4.0743e-05
4.3226 0.00022599 5.941e-05
4.3806 0.00021365 5.7194e-05
4.4386 0.00022264 5.9048e-05
4.4966 0.00024491 6.3339e-05
4.5547 0.00021799 5.7814e-05
4.6127 0.00020665 5.5869e-05
4.6707 0.0002122 5.6805e-05
4.7287 0.00016124 4.6241e-05
4.7867 8.7142e-05 3.0875e-05
4.8448 0.00024977 6.4106e-05
4.9028 0.00023521 6.1317e-05
4.9608 0.00025737 6.6059e-05
5.0188 0.00016436 4.7137e-05
5.0768 0.00019708 5.3839e-05
5.1349 0.00017614 4.9227e-05
5.1929 0.00023335 6.1345e-05
5.2509 0.00016729 4.7977e-05
5.3089 0.00022625 5.9478e-05
5.3669 0.00023304 6.0751e-05
5.425 0.00011956 3.8052e-05
5.483 8.8735e-05 3.144e-05
5.541 0.00019636 5.364e-05
5.599 0.00014602 4.3133e-05
5.6571 0.00019823 5.4754e-05
5.7151 0.00023247 6.0604e-05
5.7731 0.00011911 3.791e-05
5.8311 0.00019241 5.3145e-05
5.8891 0.00016399 4.703e-05
5.9472 0.00014468 4.3449e-05
6.0052 0.00016674 4.7819e-05
6.0632 0.00016187 4.6423e-05
6.1212 0.0002115 5.718e-05
6.1792 0.00017889 4.9995e-05
6.2373 0.00015146 4.4739e-05
6.2953 0.00018117 5.0632e-05
6.3533 0.00014674 4.4067e-05
6.4113 0.000163 4.6747e-05
6.4694 0.00015984 4.65e-05
6.5274 0.00019261 5.2616e-05
6.5854 0.00020265 5.536e-05
6.6434 0.00013497 4.126e-05
6.7014 0.00016597 4.7597e-05
6.7595 0.00012814 3.9935e-05
6.8175 0.00018685 5.1611e-05
6.8755 0.00019236 5.3132e-05
6.9335 0.00019674 5.3745e-05
6.9915 0.00021899 5.808e-05
7.0496 0.00012068 3.8407e-05
7.1076 0.00017616 4.9852e-05
7.1656 0.00020349 5.5013e-05
7.2236 0.00019851 5.4229e-05
7.2816 9.597e-05 3.2961e-05
7.3397 0.00019216 5.3078e-05
7.3977 0.00010152 3.3906e-05
7.4557 0.00014199 4.264e-05
7.5137 0.00016057 4.6712e-05
7.5718 0.00015045 4.4443e-05
7.6298 0.00016549 4.7461e-05
7.6878 0.00011782 3.7497e-05
7.7458 0.00014254 4.2804e-05
7.8038 0.00016524 4.7389e-05
7.8619 0.0001409 4.2313e-05
7.9199 0.00010991 3.5793e-05
7.9779 8.6956e-05 3.0809e-05
8.0359 0.00016399 4.7029e-05
8.0939 0.00012458 3.8825e-05
8.152 0.00012544 3.9092e-05
8.21 0.00014923 4.4081e-05
8.268 0.00014726 4.3501e-05
8.326 0.00011799 3.7551e-05
8.384 0.00011658 3.7104e-05
8.4421 0.0001798 5.025e-05
8.5001 0.00019814 5.4127e-05
8.5581 0.00017053 4.8259e-05
8.6161 0.00014275 4.2868e-05
8.6742 0.00017436 4.9341e-05
8.7322 0.00014065 4.2239e-05
8.7902 0.00019641 5.3654e-05
8.8482 0.00016436 4.7137e-05
8.9062 0.00015874 4.618e-05
8.9643 0.00012629 3.9358e-05
9.0223 0.00023565 6.1433e-05
9.0803 0.00014702 4.343e-05
9.1383 0.00015184 4.4852e-05
9.1963 0.00019525 5.3338e-05
9.2544 0.00016332 4.6839e-05
9.3124 0.00010959 3.5688e-05
9.3704 0.00019729 5.3896e-05
9.4284 0.00017127 4.8467e-05
9.4864 0.00013212 4.0388e-05
9.5445 9.3846e-05 3.2232e-05
9.6025 0.00015782 4.591e-05
9.6605 0.00017027 4.8185e-05
9.7185 0.00013916 4.179e-05
9.7766 0.00014256 4.2812e-05
9.8346 0.00017249 4.8811e-05
9.8926 0.00021077 5.6423e-05
9.9506 0.00017109 4.8416e-05
10.009 0.00010163 3.3945e-05
10.067 0.0001649 4.7292e-05
10.125 0.00014701 4.3427e-05
10.183 0.00017971 5.0224e-05
10.241 0.00016208 4.6483e-05
10.299 0.00018676 5.1586e-05
10.357 0.00014875 4.394e-05
10.415 0.00018525 5.1169e-05
10.473 0.00016434 4.7131e-05
10.531 0.00012544 3.9092e-05
10.589 0.00010067 3.3624e-05
10.647 0.00016154 4.6326e-05
10.705 0.00014802 4.3725e-05
10.763 0.0001637 4.6945e-05
10.821 0.00011617 3.6972e-05
10.879 9.2012e-05 3.1602e-05
10.937 0.00012436 3.8756e-05
10.995 6.24e-05 2.4931e-05
11.053 0.00017034 4.8204e-05
11.111 0.00011612 3.6956e-05
11.169 0.00017752 4.9611e-05
11.227 0.00018612 5.1409e-05
11.285 0.0001627 4.6659e-05
11.343 0.0001784 4.9857e-05
11.401 0.00015378 4.4736e-05
11.459 8.5561e-05 3.0315e-05
11.517 0.00017855 4.9899e-05
11.575 0.00017715 4.951e-05
11.633 0.00017077 4.8326e-05
11.691 0.0001863 5.1457e-05
11.749 0.0001788 4.9971e-05
11.807 0.00016122 4.6234e-05
11.865 0.00013964 4.1935e-05
11.923 0.00010101 3.3736e-05
11.981 0.00016952 4.7971e-05
12.039 0.00016994 4.8092e-05
12.097 0.00013039 3.9858e-05
12.155 0.00010068 3.3628e-05
12.213 0.00014686 4.3382e-05
12.271 0.00020704 5.5425e-05
12.329 0.00019118 5.2226e-05
12.388 0.00015411 4.4832e-05
12.446 0.00013811 4.1476e-05
12.504 0.00020527 5.4952e-05
12.562 0.00015286 4.4468e-05
12.62 0.00020625 5.5214e-05
12.678 0.00014428 4.2618e-05
12.736 0.00018935 5.1727e-05
12.794 9.1096e-05 3.1287e-05
12.852 0.00014611 4.3162e-05
12.91 0.00015863 4.5492e-05
12.968 0.00022632 5.9e-05
13.026 0.0001662 4.7031e-05
13.084 0.00012944 3.9568e-05
13.142 0.00017376 4.8562e-05
13.2 0.00018004 4.9728e-05
13.258 0.00015798 4.5307e-05
13.316 0.00015204 4.4228e-05
13.374 0.00012869 3.9339e-05
13.432 0.00016499 4.669e-05
13.49 0.0001729 4.8321e-05
13.548 0.00018128 5.0073e-05
13.606 0.00015926 4.5674e-05
13.664 0.00013521 4.0603e-05
13.722 0.00015005 4.3651e-05
13.78 0.00014315 4.2286e-05
13.838 8.2847e-05 2.9354e-05
13.896 0.00010449 3.4028e-05
13.954 0.00014227 4.2025e-05
14.012 0.0001733 4.8434e-05
14.07 0.00014205 4.1961e-05
14.128 0.00016271 4.6045e-05
14.186 0.00012766 3.9025e-05
14.244 0.00020988 5.5665e-05
14.302 0.00012722 3.8892e-05
14.36 0.00014077 4.1584e-05
14.418 0.00013424 4.0314e-05
14.476 0.00020125 5.3876e-05
14.534 0.00014185 4.1903e-05
14.592 0.0001334 4.006e-05
14.65 0.00020833 5.5253e-05
14.708 0.00014989 4.3605e-05
14.766 8.2586e-05 2.9261e-05
14.824 0.0001184 3.69e-05
14.882 0.00015027 4.3715e-05
14.94 0.00014939 4.3458e-05
14.998 0.00015583 4.469e-05
15.056 0.00012556 3.8382e-05
15.114 0.00011878 3.7019e-05
15.173 8.1675e-05 2.8938e-05
15.231 0.00010435 3.3982e-05
15.289 0.00018302 4.9996e-05
15.347 0.00014823 4.3121e-05
15.405 0.00013996 4.1344e-05
15.463 0.00016149 4.5699e-05
15.521 8.7822e-05 3.0163e-05
15.579 0.00013893 4.104e-05
15.637 0.00014631 4.2562e-05
15.695 0.00016862 4.7124e-05
15.753 0.00014499 4.218e-05
15.811 0.00013148 3.9483e-05
15.869 0.00017678 4.8829e-05
15.927 0.00014519 4.2238e-05
15.985 0.00024883 6.2968e-05
16.043 0.00014502 4.2189e-05
16.101 0.00015321 4.3937e-05
16.159 0.00013862 4.0947e-05
16.217 0.00013094 3.9322e-05
16.275 0.00015293 4.3858e-05
16.333 0.00016698 4.6667e-05
16.391 0.00018045 4.9294e-05
16.449 0.00015849 4.4852e-05
16.507 0.00018091 4.942e-05
16.565 0.00016577 4.6329e-05
16.623 0.00016631 4.6479e-05
16.681 0.00012105 3.7005e-05
16.739 0.000136 4.0173e-05
16.797 0.00015036 4.3122e-05
16.855 0.00015603 4.4155e-05
16.913 0.00014164 4.1204e-05
16.971 0.00015645 4.4274e-05
17.029 0.00012796 3.8428e-05
17.087 0.00013569 4.0082e-05
17.145 0.00016195 4.5261e-05
17.203 0.00016346 4.5683e-05
17.261 0.0001285 3.8588e-05
17.319 0.00019119 5.1182e-05
17.377 0.00020377 5.3569e-05
17.435 0.00011331 3.5315e-05
17.493 0.00020452 5.3766e-05
17.551 0.00018437 4.9845e-05
17.609 0.00015363 4.3475e-05
17.667 0.00016907 4.6701e-05
17.725 0.0001334 3.9404e-05
17.783 0.00014028 4.0808e-05
17.841 9.7278e-05 3.168e-05
17.9 0.00011848 3.622e-05
17.958 0.0001259 3.7809e-05
18.016 0.00015914 4.4477e-05
18.074 0.00017224 4.7051e-05
18.132 0.00012425 3.7312e-05
18.19 0.00016543 4.5693e-05
18.248 0.00011104 3.4604e-05
18.306 0.00016433 4.5389e-05
18.364 0.00014486 4.1543e-05
18.422 0.00015897 4.4428e-05
18.48 0.00012995 3.8385e-05
18.538 0.0002183 5.6029e-05
18.596 0.00019024 5.0456e-05
18.654 0.00018533 4.9612e-05
18.712 0.00013706 3.9872e-05
18.77 0.00014894 4.2149e-05
18.828 0.0001155 3.5308e-05
18.886 0.00019715 5.1829e-05
18.944 0.0001568 4.3821e-05
19.002 0.00018166 4.8631e-05
19.06 0.0001349 3.9244e-05
19.118 0.00018369 4.9173e-05
19.176 0.0001209 3.6306e-05
19.234 0.00018012 4.8219e-05
19.292 0.00018141 4.8562e-05
19.35 0.00014692 4.1577e-05
19.408 0.00013353 3.8845e-05
19.466 0.00013237 3.8508e-05
19.524 0.00012692 3.7491e-05
19.582 0.00011964 3.5929e-05
19.64 0.00015146 4.2329e-05
19.698 0.00017072 4.6153e-05
19.756 0.00015735 4.3462e-05
19.814 0.00017274 4.6699e-05
19.872 0.0001576 4.3531e-05
19.93 0.0001764 4.7221e-05
19.988 0.00015763 4.3539e-05
20.046 0.00016949 4.5821e-05
20.104 0.00014331 4.0555e-05
20.162 0.00017526 4.6916e-05
20.22 0.00016972 4.5885e-05
20.278 0.00016231 4.4339e-05
20.336 0.00016832 4.5504e-05
20.394 0.00017995 4.7727e-05
20.452 0.00014312 4.0501e-05
20.51 0.00012307 3.6356e-05
20.568 0.00017373 4.6508e-05
20.626 0.0001271 3.6975e-05
20.685 0.00015299 4.2258e-05
20.743 0.0001779 4.7181e-05
20.801 0.00015263 4.2157e-05
20.859 0.00017658 4.6832e-05
20.917 0.0002028 5.2052e-05
20.975 0.00024048 5.9367e-05
21.033 0.00010681 3.2652e-05
21.091 0.00014973 4.1358e-05
21.149 0.0001067 3.2617e-05
21.207 0.00015743 4.3006e-05
21.265 0.00018086 4.7545e-05
21.323 0.00013052 3.743e-05
21.381 0.00013632 3.8577e-05
21.439 0.00021817 5.4847e-05
21.497 0.00021101 5.3397e-05
21.555 0.00016565 4.4345e-05
21.613 0.00019677 5.0503e-05
21.671 0.00014798 4.0874e-05
21.729 0.00017681 4.6482e-05
21.787 0.0002118 5.3244e-05
21.845 0.00017551 4.6139e-05
21.903 0.00013314 3.7678e-05
21.961 0.00019752 5.033e-05
22.019 0.00013094 3.7054e-05
22.077 0.00016074 4.3031e-05
22.135 0.00015573 4.2101e-05
22.193 0.00017192 4.5195e-05
22.251 0.00021164 5.287e-05
22.309 0.00017678 4.6085e-05
22.367 0.00017691 4.6118e-05
22.425 0.00021719 5.3929e-05
22.483 0.00022611 5.5509e-05
22.541 0.0001282 3.6278e-05
22.599 0.00014063 3.8845e-05
22.657 0.00021043 5.2567e-05
22.715 0.00017917 4.6338e-05
22.773 0.00014445 3.946e-05
22.831 0.00012703 3.5948e-05
22.889 0.00010345 3.1067e-05
22.947 0.00015385 4.1186e-05
23.005 0.00013662 3.7736e-05
23.063 0.00014214 3.883e-05
23.121 0.00018564 4.7303e-05
23.179 0.00014613 3.9505e-05
23.237 0.00017884 4.5901e-05
23.295 0.00011736 3.3657e-05
23.353 0.00016634 4.3363e-05
23.412 0.00016561 4.3174e-05
23.47 0.00019371 4.8697e-05
23.528 0.00015486 4.1071e-05
23.586 0.00016426 4.2821e-05
23.644 0.00022345 5.4283e-05
23.702 0.00016245 4.2351e-05
23.76 0.00017921 4.5666e-05
23.818 0.00014036 3.7945e-05
23.876 0.00012834 3.545e-05
23.934 0.00018118 4.585e-05
23.992 0.00016485 4.2633e-05
24.05 0.00021636 5.2561e-05
24.108 0.00017801 4.5047e-05
24.166 0.0001723 4.3903e-05
24.224 0.00014601 3.8724e-05
24.282 0.00017132 4.3656e-05
24.34 0.00015392 4.0124e-05
24.398 7.724e-05 2.4583e-05
24.456 0.00018438 4.6059e-05
24.514 0.0001884 4.6781e-05
24.572 0.00012648 3.4551e-05
24.63 0.00020218 4.9368e-05
24.688 0.0001711 4.3298e-05
24.746 0.00016934 4.2853e-05
24.804 0.00019154 4.7022e-05
24.862 0.00015783 4.051e-05
24.92 0.00012251 3.3467e-05
24.978 0.00016497 4.1748e-05
25.036 0.00021223 5.0825e-05
25.094 0.00018652 4.579e-05
25.152 0.00017204 4.2977e-05
25.21 0.00012322 3.3311e-05
25.268 0.00016541 4.1584e-05
25.326 0.00016489 4.1451e-05
25.384 0.00012701 3.3999e-05
25.442 0.00015784 3.9942e-05
25.5 0.0001696 4.2111e-05
25.558 0.00018335 4.4773e-05
25.616 0.00021817 5.1378e-05
25.674 0.00011729 3.1709e-05
25.732 0.00014208 3.6466e-05
25.79 0.0001105 3.0187e-05
25.848 6.6464e-05 2.1153e-05
25.906 0.00016626 4.1044e-05
25.964 0.00017738 4.3093e-05
26.022 0.000152 3.8211e-05
26.08 0.00014147 3.6049e-05
26.138 0.0001372 3.5213e-05
26.197 0.00016094 3.9732e-05
26.255 0.00018222 4.384e-05
26.313 0.00016864 4.1179e-05
26.371 0.00018004 4.3317e-05
26.429 0.00018595 4.4336e-05
26.487 0.00015134 3.7577e-05
26.545 0.0001509 3.7469e-05
26.603 0.00018784 4.4412e-05
26.661 0.00017387 4.164e-05
26.719 0.00013356 3.3799e-05
26.777 0.00017593 4.1946e-05
26.835 0.00018849 4.4218e-05
26.893 0.00012528 3.1922e-05
26.951 0.00021556 4.9236e-05
27.009 0.00015324 3.7226e-05
27.067 0.00019205 4.4569e-05
27.125 0.00013041 3.2578e-05
27.183 0.00017747 4.1479e-05
27.241 0.00015899 3.7909e-05
27.299 0.00015248 3.6516e-05
27.357 0.00014679 3.5317e-05
27.415 0.00017632 4.0919e-05
27.473 0.00016556 3.884e-05
27.531 0.0001465 3.5086e-05
27.589 0.00021563 4.8109e-05
27.647 0.00019089 4.3351e-05
27.705 0.00015286 3.5999e-05
27.763 0.00016138 3.7451e-05
27.821 0.00016144 3.734e-05
27.879 0.00017885 4.0506e-05
27.937 0.00019719 4.3895e-05
27.995 0.00014989 3.4785e-05
28.053 0.00014311 3.3329e-05
28.111 0.00018677 4.1575e-05
28.169 0.00020623 4.5082e-05
28.227 0.00016082 3.6422e-05
28.285 0.00019765 4.3206e-05
28.343 0.00012717 2.9723e-05
28.401 0.00013718 3.1523e-05
28.459 0.00020045 4.3306e-05
28.517 0.00016918 3.7264e-05
28.575 0.00014997 3.3459e-05
28.633 0.00015719 3.4624e-05
28.691 0.00015171 3.335e-05
28.749 0.00014952 3.2684e-05
28.807 0.00015199 3.2996e-05
28.865 0.00014958 3.242e-05
28.924 0.00018066 3.808e-05
28.982 0.0001871 3.9084e-05
29.04 0.00014786 3.1457e-05
29.098 0.00017779 3.6763e-05
29.156 0.0001695 3.4892e-05
29.214 0.00015834 3.2401e-05
29.272 0.0001667 3.351e-05
29.33 0.00016722 3.3237e-05
29.388 0.00015549 3.0195e-05
29.446 0.00015832 3.0864e-05
29.504 0 1
29.562 0 1
29.62 0 1
29.678 0 1
