-29.678 0 1
-29.62 0 1
-29.562 0 1
-29.504 0.00020937 4.052e-05
-29.446 0.00020821 4.0165e-05
-29.388 0.00022093 4.3463e-05
-29.33 0.00022691 4.5005e-05
-29.272 0.00022435 4.4972e-05
-29.214 0.00026492 5.3006e-05
-29.156 0.00022462 4.5886e-05
-29.098 0.00024536 5.0093e-05
-29.04 0.00022322 4.6224e-05
-28.982 0.00019771 4.1658e-05
-28.924 0.00022161 4.6325e-05
-28.865 0.00019968 4.2406e-05
-28.807 0.00016046 3.5229e-05
-28.749 0.00022995 4.8556e-05
-28.691 0.00025613 5.3747e-05
-28.633 0.0002264 4.8386e-05
-28.575 0.00022148 4.7596e-05
-28.517 0.00022231 4.7915e-05
-28.459 0.00024933 5.3216e-05
-28.401 0.00019622 4.3334e-05
-28.343 0.00022709 4.933e-05
-28.285 0.00022948 5.0017e-05
-28.227 0.00026258 5.6349e-05
-28.169 0.00018625 4.2094e-05
-28.111 0.00020264 4.5239e-05
-28.053 0.00021691 4.8103e-05
-27.995 0.00022431 4.9639e-05
-27.937 0.0001971 4.4546e-05
-27.879 0.00023424 5.1729e-05
-27.821 0.00023937 5.2863e-05
-27.763 0.00025141 5.5303e-05
-27.705 0.00021596 4.8683e-05
-27.647 0.00026699 5.8508e-05
-27.589 0.00023024 5.1643e-05
-27.531 0.0002031 4.6698e-05
-27.473 0.00024419 5.4514e-05
-27.415 0.0002137 4.8839e-05
-27.357 0.00025734 5.7192e-05
-27.299 0.00020006 4.6453e-05
-27.241 0.00018513 4.3622e-05
-27.183 0.00023468 5.318e-05
-27.125 0.00021868 5.0281e-05
-27.067 0.0002461 5.5621e-05
-27.009 0.00028081 6.2273e-05
-26.951 0.00024726 5.6031e-05
-26.893 0.00025591 5.7837e-05
-26.835 0.00016604 4.0781e-05
-26.777 0.00016318 4.0304e-05
-26.719 0.00018147 4.389e-05
-26.661 0.00019697 4.6989e-05
-26.603 0.00023111 5.3664e-05
-26.545 0.00020052 4.7835e-05
-26.487 0.00022979 5.3544e-05
-26.429 0.00019114 4.6229e-05
-26.371 0.00019246 4.6547e-05
-26.313 0.00023969 5.5657e-05
-26.255 0.00019329 4.675e-05
-26.197 0.00022671 5.3215e-05
-26.138 0.00023385 5.4686e-05
-26.08 0.00024981 5.7811e-05
-26.022 0.00022148 5.2394e-05
-25.964 0.00019987 4.834e-05
-25.906 0.00022314 5.3006e-05
-25.848 0.0001895 4.6544e-05
-25.79 0.00018096 4.4954e-05
-25.732 0.00019199 4.7157e-05
-25.674 0.00022902 5.4402e-05
-25.616 0.00019965 4.8777e-05
-25.558 0.00023038 5.4725e-05
-25.5 0.00027394 6.3189e-05
-25.442 0.00027514 6.3463e-05
-25.384 0.00017356 4.394e-05
-25.326 0.00021002 5.1048e-05
-25.268 0.00025304 5.9395e-05
-25.21 0.00024063 5.7159e-05
-25.152 0.00021994 5.3195e-05
-25.094 0.00016782 4.3093e-05
-25.036 0.00024319 5.7767e-05
-24.978 0.000212 5.1794e-05
-24.92 0.00021862 5.3136e-05
-24.862 0.00026182 6.1454e-05
-24.804 0.00018974 4.7723e-05
-24.746 0.0001852 4.6889e-05
-24.688 0.0002448 5.8399e-05
-24.63 0.00020737 5.1217e-05
-24.572 0.00027058 6.3511e-05
-24.514 0.00023425 5.6656e-05
-24.456 0.00021301 5.2611e-05
-24.398 0.0001347 3.722e-05
-24.34 0.00016998 4.4331e-05
-24.282 0.00022728 5.5526e-05
-24.224 0.00015315 4.1017e-05
-24.166 0.00020541 5.1337e-05
-24.108 0.00021338 5.3009e-05
-24.05 0.00025 6.0179e-05
-23.992 0.00021012 5.2514e-05
-23.934 0.00019107 4.871e-05
-23.876 0.00022229 5.4902e-05
-23.818 0.00024121 5.8629e-05
-23.76 0.00020718 5.2109e-05
-23.702 0.00029549 6.9102e-05
-23.644 0.00014877 4.0657e-05
-23.586 0.00021545 5.3846e-05
-23.528 0.00020285 5.1356e-05
-23.47 0.00019198 4.9297e-05
-23.412 0.00023963 5.8543e-05
-23.353 0.00018782 4.8597e-05
-23.295 0.000127 3.6434e-05
-23.237 0.00022367 5.5565e-05
-23.179 0.00018822 4.87e-05
-23.121 0.00022713 5.6423e-05
-23.063 0.00023807 5.8475e-05
-23.005 0.00017038 4.5208e-05
-22.947 0.00019644 5.0443e-05
-22.889 0.0002176 5.4728e-05
-22.831 0.00022965 5.705e-05
-22.773 0.0001911 4.9444e-05
-22.715 0.00023254 5.7768e-05
-22.657 0.00023362 5.8038e-05
-22.599 0.00025127 6.1388e-05
-22.541 0.00020047 5.1477e-05
-22.483 0.00016517 4.4671e-05
-22.425 0.00014659 4.0983e-05
-22.367 0.00024878 6.1104e-05
-22.309 0.00020404 5.2394e-05
-22.251 0.00022612 5.6872e-05
-22.193 0.00026518 6.4455e-05
-22.135 0.00020679 5.31e-05
-22.077 0.00019396 5.0585e-05
-22.019 0.00019538 5.0956e-05
-21.961 0.00025613 6.291e-05
-21.903 0.00020276 5.2462e-05
-21.845 0.00023036 5.7939e-05
-21.787 0.00016438 4.4922e-05
-21.729 0.00021286 5.4659e-05
-21.671 0.00029127 6.9793e-05
-21.613 0.00024524 6.0923e-05
-21.555 0.00021298 5.469e-05
-21.497 0.00024235 6.057e-05
-21.439 0.0002496 6.2008e-05
-21.381 0.00025307 6.2505e-05
-21.323 0.00022276 5.6788e-05
-21.265 0.00018293 4.8991e-05
-21.207 0.00018914 5.0185e-05
-21.149 0.0003229 7.6085e-05
-21.091 0.00026462 6.4995e-05
-21.033 0.00021167 5.4768e-05
-20.975 0.0001778 4.8089e-05
-20.917 0.00031347 7.4463e-05
-20.859 0.00021923 5.6295e-05
-20.801 0.00018579 4.9757e-05
-20.743 0.00024042 6.0469e-05
-20.685 0.00025429 6.3171e-05
-20.626 0.00026278 6.4904e-05
-20.568 0.00024344 6.1228e-05
-20.51 0.00018668 4.9995e-05
-20.452 0.0002151 5.5655e-05
-20.394 0.00019436 5.157e-05
-20.336 0.00024606 6.1886e-05
-20.278 0.00017535 4.7921e-05
-20.22 0.00025803 6.4101e-05
-20.162 0.00016862 4.6593e-05
-20.104 0.00023294 5.9383e-05
-20.046 0.00018435 4.9859e-05
-19.988 0.00016243 4.5413e-05
-19.93 0.00019086 5.1114e-05
-19.872 0.000243 6.1523e-05
-19.814 0.00019199 5.1417e-05
-19.756 0.00019174 5.1351e-05
-19.698 0.0002144 5.5916e-05
-19.64 0.0002455 6.2155e-05
-19.582 0.00028058 6.8915e-05
-19.524 0.00018536 5.0132e-05
-19.466 0.00025938 6.4828e-05
-19.408 0.00020226 5.3666e-05
-19.35 0.00022452 5.8091e-05
-19.292 0.0002163 5.6412e-05
-19.234 0.00010133 3.301e-05
-19.176 0.00016113 4.5614e-05
-19.118 0.00020353 5.4003e-05
-19.06 0.00019488 5.2192e-05
-19.002 0.00021172 5.5684e-05
-18.944 0.00021994 5.7362e-05
-18.886 0.00021294 5.6004e-05
-18.828 0.00013106 3.937e-05
-18.77 0.00022784 5.895e-05
-18.712 0.00016211 4.5893e-05
-18.654 0.00016092 4.5554e-05
-18.596 0.00024897 6.3034e-05
-18.538 0.00017767 4.9095e-05
-18.48 0.00014837 4.3177e-05
-18.422 0.00025256 6.3941e-05
-18.364 0.00025743 6.4746e-05
-18.306 0.00016296 4.6133e-05
-18.248 0.00023169 5.9947e-05
-18.19 0.00019524 5.2805e-05
-18.132 0.00017887 4.9425e-05
-18.074 0.00023218 6.0074e-05
-18.016 0.00018981 5.1874e-05
-17.958 0.0002032 5.442e-05
-17.9 0.00027038 6.7577e-05
-17.841 0.00026389 6.6371e-05
-17.783 0.00020427 5.4708e-05
-17.725 0.00022654 5.9082e-05
-17.667 0.00024089 6.1856e-05
-17.609 0.00012975 3.9677e-05
-17.551 0.00020622 5.5229e-05
-17.493 0.00014348 4.2398e-05
-17.435 0.00019087 5.2163e-05
-17.377 0.0002051 5.4928e-05
-17.319 0.0002217 5.8306e-05
-17.261 0.0002241 5.8938e-05
-17.203 0.00016698 4.727e-05
-17.145 0.00029173 7.2053e-05
-17.087 0.00020069 5.4279e-05
-17.029 0.00022347 5.8772e-05
-16.971 0.00018314 5.0607e-05
-16.913 0.00020809 5.5728e-05
-16.855 0.00021763 5.7744e-05
-16.797 0.00019265 5.2649e-05
-16.739 0.00019962 5.3988e-05
-16.681 0.00024767 6.3597e-05
-16.623 0.00032507 7.8621e-05
-16.565 0.00022529 5.9251e-05
-16.507 0.00024075 6.229e-05
-16.449 0.00018554 5.1268e-05
-16.391 0.00022781 5.9913e-05
-16.333 0.0002014 5.4471e-05
-16.275 0.00020901 5.5975e-05
-16.217 0.00024139 6.2456e-05
-16.159 0.00015681 4.5633e-05
-16.101 0.00020971 5.6162e-05
-16.043 0.00027358 6.8808e-05
-15.985 0.00023364 6.0936e-05
-15.927 0.00023753 6.1949e-05
-15.869 0.00022796 5.9955e-05
-15.811 0.00013225 4.0442e-05
-15.753 0.00028314 7.0764e-05
-15.695 0.00019655 5.3715e-05
-15.637 0.00018054 5.0475e-05
-15.579 0.00019675 5.3771e-05
-15.521 0.00024479 6.3337e-05
-15.463 0.00023737 6.1908e-05
-15.405 0.00021478 5.7521e-05
-15.347 0.00019769 5.4026e-05
-15.289 0.00020703 5.5994e-05
-15.231 0.00016848 4.8336e-05
-15.173 0.00022243 5.9019e-05
-15.114 0.00019789 5.4081e-05
-15.056 0.00020704 5.5995e-05
-14.998 0.00018496 5.1711e-05
-14.94 0.00024753 6.4044e-05
-14.882 0.0001826 5.1053e-05
-14.824 0.00019212 5.3088e-05
-14.766 0.00024176 6.3052e-05
-14.708 0.00019122 5.2839e-05
-14.65 0.00026931 6.8184e-05
-14.592 0.00020016 5.4702e-05
-14.534 0.00014452 4.3415e-05
-14.476 0.00019314 5.3368e-05
-14.418 0.00020606 5.573e-05
-14.36 0.00023281 6.1229e-05
-14.302 0.00022637 6.0064e-05
-14.244 0.00024017 6.2638e-05
-14.186 0.00019311 5.3359e-05
-14.128 0.00014526 4.3636e-05
-14.07 0.00021162 5.7234e-05
-14.012 0.00014555 4.3724e-05
-13.954 0.000242 6.3115e-05
-13.896 0.00021816 5.8425e-05
-13.838 0.00023631 6.215e-05
-13.78 0.00019518 5.3932e-05
-13.722 0.0001859 5.1973e-05
-13.664 0.0002289 6.0733e-05
-13.606 0.00026999 6.883e-05
-13.548 0.00029121 7.2783e-05
-13.49 0.00018665 5.2183e-05
-13.432 0.0002699 6.8806e-05
-13.374 0.00024579 6.4103e-05
-13.316 0.00018794 5.2543e-05
-13.258 0.0001543 4.5595e-05
-13.2 0.00028647 7.205e-05
-13.142 0.00023828 6.2667e-05
-13.084 0.00018688 5.2247e-05
-13.026 0.00022028 5.8995e-05
-12.968 0.00017904 5.0686e-05
-12.91 0.00023905 6.2869e-05
-12.852 0.00021953 5.8793e-05
-12.794 0.00022937 6.0861e-05
-12.736 0.0001982 5.4767e-05
-12.678 0.00023909 6.2881e-05
-12.62 0.00021359 5.7768e-05
-12.562 0.00022921 6.0817e-05
-12.504 0.00016357 4.76e-05
-12.446 0.00026599 6.83e-05
-12.388 0.00023032 6.1111e-05
-12.329 0.00010691 3.5718e-05
-12.271 0.00027304 6.9607e-05
-12.213 0.00024992 6.518e-05
-12.155 0.00017234 4.9442e-05
-12.097 0.00019872 5.4911e-05
-12.039 0.00028048 7.101e-05
-11.981 0.00021634 5.8512e-05
-11.923 0.00033286 8.132e-05
-11.865 0.00019797 5.4704e-05
-11.807 0.00023428 6.2161e-05
-11.749 0.00027449 6.9976e-05
-11.691 0.00022991 6.1002e-05
-11.633 0.00029771 7.4407e-05
-11.575 0.00020757 5.6727e-05
-11.517 0.00029174 7.3376e-05
-11.459 0.00021493 5.813e-05
-11.401 0.00022509 6.0281e-05
-11.343 0.00018281 5.1752e-05
-11.285 0.00020111 5.5571e-05
-11.227 0.00015022 4.5126e-05
-11.169 0.00028249 7.1519e-05
-11.111 0.00023442 6.2199e-05
-11.053 0.00021818 5.901e-05
-10.995 0.00024294 6.3894e-05
-10.937 0.00022377 5.9929e-05
-10.879 0.00023327 6.1894e-05
-10.821 0.00019396 5.4226e-05
-10.763 0.00018441 5.2204e-05
-10.705 0.00024976 6.5138e-05
-10.647 0.00023454 6.2232e-05
-10.589 0.00021138 5.7767e-05
-10.531 0.00010939 3.6546e-05
-10.473 0.00031537 7.7892e-05
-10.415 0.00016893 4.9162e-05
-10.357 0.00026996 6.932e-05
-10.299 0.00021661 5.8583e-05
-10.241 0.00025381 6.6196e-05
-10.183 0.00018394 5.2071e-05
-10.125 0.00024597 6.4692e-05
-10.067 0.00023679 6.2827e-05
-10.009 0.00021741 5.8801e-05
-9.9506 0.00027755 7.0757e-05
-9.8926 0.00020994 5.7374e-05
-9.8346 0.00017804 5.1077e-05
-9.7766 0.00024385 6.4132e-05
-9.7185 0.00019238 5.3785e-05
-9.6605 0.00027415 7.0396e-05
-9.6025 0.00020246 5.5944e-05
-9.5445 0.00031113 7.7291e-05
-9.4864 0.00024509 6.4459e-05
-9.4284 0.00027205 6.9858e-05
-9.3704 0.00029721 7.4752e-05
-9.3124 0.0001593 4.7074e-05
-9.2544 0.00020202 5.5823e-05
-9.1963 0.00019003 5.3797e-05
-9.1383 0.00030265 7.5641e-05
-9.0803 0.00024639 6.4802e-05
-9.0223 0.00023784 6.3106e-05
-8.9643 0.00018115 5.197e-05
-8.9062 0.00020949 5.725e-05
-8.8482 0.00029821 7.5003e-05
-8.7902 0.00029588 7.4417e-05
-8.7322 0.00020652 5.7067e-05
-8.6742 0.00017036 4.9575e-05
-8.6161 0.0002272 6.0848e-05
-8.5581 0.00019765 5.526e-05
-8.5001 0.00021182 5.7889e-05
-8.4421 0.00015994 4.7263e-05
-8.384 0.00022143 5.9888e-05
-8.326 0.00022835 6.1156e-05
-8.268 0.00023864 6.3318e-05
-8.21 0.00025753 6.7167e-05
-8.152 0.00021942 5.9345e-05
-8.0939 0.00026215 6.7828e-05
-8.0359 0.00026485 6.8526e-05
-7.9779 0.00028154 7.1772e-05
-7.9199 0.00025606 6.6781e-05
-7.8619 0.00027136 6.9681e-05
-7.8038 0.00026695 6.907e-05
-7.7458 0.00025534 6.6596e-05
-7.6878 0.00024768 6.5139e-05
-7.6298 0.00018886 5.3466e-05
-7.5718 0.00035534 8.6367e-05
-7.5137 0.00031677 7.8694e-05
-7.4557 0.00024673 6.489e-05
-7.3977 0.00023396 6.2657e-05
-7.3397 0.00021684 5.9259e-05
-7.2816 0.00032815 8.1048e-05
-7.2236 0.00031272 7.7687e-05
-7.1656 0.00024489 6.4978e-05
-7.1076 0.00023558 6.3093e-05
-7.0496 0.00025541 6.6612e-05
-6.9915 0.00018057 5.1805e-05
-6.9335 0.00016419 4.8519e-05
-6.8755 0.00029058 7.3568e-05
-6.8175 0.00035453 8.617e-05
-6.7595 0.00030066 7.5619e-05
-6.7014 0.00033213 8.1578e-05
-6.6434 0.00022131 6.0481e-05
-6.5854 0.00040639 9.5756e-05
-6.5274 0.00033968 8.3431e-05
-6.4694 0.00023598 6.2612e-05
-6.4113 0.00031939 7.9824e-05
-6.3533 0.00032543 8.0376e-05
-6.2953 0.0002509 6.5987e-05
-6.2373 0.00031055 7.7147e-05
-6.1792 0.00028495 7.3171e-05
-6.1212 0.0002195 5.9365e-05
-6.0632 0.00040748 9.6396e-05
-6.0052 0.00033231 8.2075e-05
-5.9472 0.00038643 9.2186e-05
-5.8891 0.00024295 6.4463e-05
-5.8311 0.00036356 8.793e-05
-5.7731 0.00040513 9.5461e-05
-5.7151 0.00041185 9.7833e-05
-5.6571 0.0003776 9.0078e-05
-5.599 0.00031744 7.886e-05
-5.541 0.0003099 7.7943e-05
-5.483 0.00040711 9.6309e-05
-5.425 0.0003828 9.1319e-05
-5.3669 0.00033394 8.2021e-05
-5.3089 0.00033189 8.1972e-05
-5.2509 0.00031482 7.8682e-05
-5.1929 0.00039513 9.3475e-05
-5.1349 0.00031151 7.7857e-05
-5.0768 0.00034255 8.3687e-05
-5.0188 0.00026625 6.944e-05
-4.9608 0.00033654 8.2659e-05
-4.9028 0.00034048 8.3181e-05
-4.8448 0.00030615 7.7e-05
-4.7867 0.00034009 8.3086e-05
-4.7287 0.00036935 8.8907e-05
-4.6707 0.00027136 7.0211e-05
-4.6127 0.00039951 9.4509e-05
-4.5547 0.00041153 9.6968e-05
-4.4966 0.00039185 9.3478e-05
-4.4386 0.00033122 8.1807e-05
-4.3806 0.00032407 8.0042e-05
-4.3226 0.00037788 9.0544e-05
-4.2645 0.00034906 8.5278e-05
-4.2065 0.00042322 9.934e-05
-4.1485 0.00038691 9.23e-05
-4.0905 0.00035324 8.5859e-05
-4.0325 0.00038846 9.267e-05
-3.9744 0.0004398 0.00010248
-3.9164 0.00032214 8.0028e-05
-3.8584 0.0004063 9.6514e-05
-3.8004 0.00047363 0.0001089
-3.7424 0.00034182 8.3511e-05
-3.6843 0.00049917 0.00011375
-3.6263 0.00043285 0.0001016
-3.5683 0.00042482 0.0001001
-3.5103 0.00047412 0.00010868
-3.4523 0.00040819 9.6181e-05
-3.3942 0.00047952 0.00011061
-3.3362 0.00054647 0.00012319
-3.2782 0.00047265 0.00010802
-3.2202 0.00042526 0.0001002
-3.1621 0.00059586 0.00013302
-3.1041 0.00051524 0.00011615
-3.0461 0.00057882 0.00012952
-2.9881 0.00062192 0.00013763
-2.9301 0.00058246 0.00012863
-2.872 0.00056987 0.00012846
-2.814 0.00063317 0.00013825
-2.756 0.00065234 0.00014436
-2.698 0.00062825 0.00013793
-2.64 0.00058711 0.00013048
-2.5819 0.00067569 0.00014753
-2.5239 0.00075169 0.00016177
-2.4659 0.00073576 0.00015931
-2.4079 0.00066793 0.00014558
-2.3499 0.00080511 0.00017099
-2.2918 0.00089927 0.00019194
-2.2338 0.00059337 0.00012956
-2.1758 0.00074334 0.00016202
-2.1178 0.00068064 0.00014737
-2.0597 0.00091358 0.00019171
-2.0017 0.00088458 0.0001888
-1.9437 0.00097551 0.0002017
-1.8857 0.0010117 0.00021128
-1.8277 0.00099831 0.0002097
-1.7696 0.0011397 0.00023094
-1.7116 0.0010378 0.00021914
-1.6536 0.0010826 0.00022351
-1.5956 0.0012047 0.00024609
-1.5376 0.0014466 0.00028955
-1.4795 0.0015312 0.00031105
-1.4215 0.0015244 0.00030615
-1.3635 0.0021724 0.00042746
-1.3055 0.0023928 0.00046534
-1.2475 0.0026758 0.00052365
-1.1894 0.0031745 0.00061269
-1.1314 0.0039325 0.00075927
-1.0734 0.0054077 0.0010299
-1.0154 0.0057566 0.0010934
-0.95735 0.0064681 0.0012272
-0.89933 0.0082449 0.0015584
-0.84131 0.0093182 0.001757
-0.78328 0.010059 0.0018962
-0.72526 0.011988 0.0022551
-0.66724 0.012704 0.0023895
-0.60922 0.013686 0.0025756
-0.5512 0.015149 0.0028471
-0.49318 0.015663 0.0029379
-0.43516 0.015843 0.0029705
-0.37714 0.015814 0.0029678
-0.31912 0.01589 0.0029845
-0.26109 0.016515 0.0031063
-0.20307 0.016265 0.0030488
-0.14505 0.016411 0.0030783
-0.087032 0.014539 0.0027349
-0.029011 0.01538 0.0028863
0.029011 0.012952 0.0024394
0.087032 0.012819 0.0024092
0.14505 0.011151 0.0020964
0.20307 0.010031 0.001899
0.26109 0.009487 0.0017919
0.31912 0.0083156 0.0015711
0.37714 0.0069662 0.001317
0.43516 0.0053002 0.0010078
0.49318 0.0042478 0.00081663
0.5512 0.0039052 0.00075373
0.60922 0.0030835 0.00059728
0.66724 0.0023463 0.00045871
0.72526 0.0023506 0.00046032
0.78328 0.0016164 0.00032222
0.84131 0.0015319 0.00030719
0.89933 0.0016476 0.00032908
0.95735 0.0013394 0.0002699
1.0154 0.0014258 0.00028821
1.0734 0.001026 0.00021641
1.1314 0.0011353 0.00023248
1.1894 0.001061 0.00022199
1.2475 0.0009123 0.00018878
1.3055 0.00078134 0.00016767
1.3635 0.00078562 0.0001679
1.4215 0.00081604 0.00017726
1.4795 0.00081029 0.00017037
1.5376 0.00081893 0.00017413
1.5956 0.00075569 0.00016217
1.6536 0.00068183 0.00015221
1.7116 0.00068175 0.00014514
1.7696 0.00072951 0.00015986
1.8277 0.00060926 0.00013571
1.8857 0.00060496 0.00013186
1.9437 0.00068201 0.00015124
2.0017 0.00052419 0.00011817
2.0597 0.00061656 0.00013536
2.1178 0.00060398 0.00013615
2.1758 0.00054663 0.00012072
2.2338 0.00053787 0.00012407
2.2918 0.00045129 0.0001041
2.3499 0.00044722 0.00010421
2.4079 0.00051094 0.00011643
2.4659 0.00053578 0.00012141
2.5239 0.00050802 0.00011544
2.5819 0.00040658 9.6579e-05
2.64 0.00046251 0.00010635
2.698 0.00040532 9.7566e-05
2.756 0.00049237 0.00011188
2.814 0.00033592 8.3956e-05
2.872 0.00037432 8.9296e-05
2.9301 0.00047905 0.0001105
2.9881 0.0003884 9.3494e-05
3.0461 0.00049224 0.00011185
3.1041 0.00042763 0.00010116
3.1621 0.00027723 7.173e-05
3.2202 0.00030831 7.6591e-05
3.2782 0.00031197 7.8465e-05
3.3362 0.00035982 8.7906e-05
3.3942 0.00022496 6.0843e-05
3.4523 0.00033125 8.1361e-05
3.5103 0.00032131 8.0305e-05
3.5683 0.00033782 8.3438e-05
3.6263 0.00040095 9.5243e-05
3.6843 0.00029325 7.4244e-05
3.7424 0.00027106 7.0132e-05
3.8004 0.00033283 8.2682e-05
3.8584 0.00035288 8.6211e-05
3.9164 0.00025397 6.6795e-05
3.9744 0.00032306 8.0257e-05
4.0325 0.00037506 9.0281e-05
4.0905 0.00029053 7.4065e-05
4.1485 0.00029965 7.5864e-05
4.2065 0.0002931 7.472e-05
4.2645 0.00029759 7.5343e-05
4.3226 0.00038076 9.1235e-05
4.3806 0.00034577 8.4926e-05
4.4386 0.00028415 7.2964e-05
4.4966 0.00030731 7.7291e-05
4.5547 0.00025819 6.7338e-05
4.6127 0.00026782 6.985e-05
4.6707 0.00032355 8.0378e-05
4.7287 0.00024013 6.3715e-05
4.7867 0.0001773 5.1595e-05
4.8448 0.00024245 6.433e-05
4.9028 0.0002355 6.307e-05
4.9608 0.00028635 7.3529e-05
5.0188 0.00026089 6.8043e-05
5.0768 0.00027087 7.0085e-05
5.1349 0.00022087 5.9737e-05
5.1929 0.00029426 7.5015e-05
5.2509 0.00032835 8.157e-05
5.3089 0.00026973 6.9789e-05
5.3669 0.00019872 5.5559e-05
5.425 0.00022217 6.0717e-05
5.483 0.0002605 6.8512e-05
5.541 0.00021873 5.9775e-05
5.599 0.00023075 6.1799e-05
5.6571 0.00029422 7.5549e-05
5.7151 0.00029347 7.4301e-05
5.7731 0.00027282 7.0589e-05
5.8311 0.00016989 5.0201e-05
5.8891 0.00020965 5.7931e-05
5.9472 0.00017967 5.2285e-05
6.0052 0.00018524 5.3143e-05
6.0632 0.00029209 7.3951e-05
6.1212 0.00020941 5.8546e-05
6.1792 0.0002598 6.7758e-05
6.2373 0.00035442 8.6588e-05
6.2953 0.00021753 5.9448e-05
6.3533 0.00021802 6.0243e-05
6.4113 0.00029268 7.4099e-05
6.4694 0.00019677 5.5704e-05
6.5274 0.00024111 6.3973e-05
6.5854 0.0002454 6.5721e-05
6.6434 0.00021161 5.8473e-05
6.7014 0.00024481 6.4956e-05
6.7595 0.00016942 5.0063e-05
6.8175 0.00021835 5.9672e-05
6.8755 0.00027516 7.1194e-05
6.9335 0.0001943 5.5005e-05
6.9915 0.00016554 4.8916e-05
7.0496 0.00018831 5.4023e-05
7.1076 0.00017901 5.2092e-05
7.1656 0.00019988 5.5883e-05
7.2236 0.00022001 6.0127e-05
7.2816 0.00019595 5.5471e-05
7.3397 0.00020407 5.7055e-05
7.3977 0.00019134 5.4168e-05
7.4557 0.00012284 4.0017e-05
7.5137 0.00023121 6.2532e-05
7.5718 0.00025557 6.7216e-05
7.6298 0.00018455 5.2946e-05
7.6878 0.00024463 6.4907e-05
7.7458 0.00020279 5.6696e-05
7.8038 0.00027036 6.9952e-05
7.8619 0.0002193 5.9933e-05
7.9199 0.00024497 6.4999e-05
7.9779 0.00020257 5.6633e-05
8.0359 0.00022677 6.1331e-05
8.0939 0.0001825 5.2358e-05
8.152 0.00024601 6.5276e-05
8.21 0.00012223 3.9817e-05
8.268 0.00016372 4.838e-05
8.326 0.00029645 7.5053e-05
8.384 0.00020011 5.5947e-05
8.4421 0.00015707 4.7183e-05
8.5001 0.00016829 4.973e-05
8.5581 0.0001905 5.3929e-05
8.6161 0.00019339 5.4748e-05
8.6742 0.00014159 4.4141e-05
8.7322 0.00018278 5.2437e-05
8.7902 0.00020183 5.6428e-05
8.8482 0.00021723 5.9368e-05
8.9062 0.00020487 5.7279e-05
8.9643 0.00010557 3.6268e-05
9.0223 0.00014837 4.5371e-05
9.0803 0.00023513 6.297e-05
9.1383 0.00020565 5.7495e-05
9.1963 0.00020929 5.7832e-05
9.2544 0.00019105 5.4084e-05
9.3124 0.00017444 5.0765e-05
9.3704 0.00012295 4.005e-05
9.4284 0.00021675 5.9235e-05
9.4864 0.00023395 6.2656e-05
9.5445 0.0001489 4.5533e-05
9.6025 0.00015844 4.7597e-05
9.6605 0.00019926 5.571e-05
9.7185 0.00024276 6.4412e-05
9.7766 0.00016696 4.9335e-05
9.8346 0.0001472 4.5014e-05
9.8926 0.00023413 6.2703e-05
9.9506 0.00019754 5.5228e-05
10.009 0.00015735 4.727e-05
10.067 0.00017563 5.111e-05
10.125 0.00018054 5.1795e-05
10.183 0.00019112 5.4105e-05
10.241 0.00019031 5.3877e-05
10.299 0.00019247 5.4486e-05
10.357 0.00018409 5.2814e-05
10.415 0.00015552 4.6719e-05
10.473 0.00014757 4.5125e-05
10.531 0.00017433 5.073e-05
10.589 0.00019122 5.4134e-05
10.647 0.00020542 5.6761e-05
10.705 0.00022573 6.105e-05
10.763 0.00013076 4.1628e-05
10.821 0.00016402 4.8466e-05
10.879 0.00019627 5.4873e-05
10.937 0.00014697 4.4942e-05
10.995 0.00016604 4.9065e-05
11.053 0.00012919 4.1128e-05
11.111 0.00016399 4.8457e-05
11.169 0.00017254 5.021e-05
11.227 0.00011244 3.7564e-05
11.285 0.00022471 6.0776e-05
11.343 0.00015417 4.6312e-05
11.401 0.00018931 5.3593e-05
11.459 0.00019006 5.3806e-05
11.517 0.00014716 4.5002e-05
11.575 0.00017135 4.9865e-05
11.633 0.00016248 4.8013e-05
11.691 0.00024184 6.4168e-05
11.749 0.0002074 5.7308e-05
11.807 0.00023112 6.1898e-05
11.865 0.00012098 3.9409e-05
11.923 0.0001469 4.4921e-05
11.981 0.00018959 5.3673e-05
12.039 0.00019716 5.5123e-05
12.097 0.00023206 6.2148e-05
12.155 0.00016527 4.8836e-05
12.213 0.00015539 4.668e-05
12.271 0.00025615 6.6806e-05
12.329 0.00018714 5.2979e-05
12.388 0.00014652 4.4804e-05
12.446 0.00016232 4.7964e-05
12.504 0.00013648 4.2547e-05
12.562 0.00016073 4.7495e-05
12.62 0.0001796 5.1525e-05
12.678 0.00013547 4.2232e-05
12.736 0.00016085 4.753e-05
12.794 0.00013588 4.2361e-05
12.852 0.00026235 6.788e-05
12.91 0.00021838 5.9063e-05
12.968 0.00014347 4.3873e-05
13.026 0.00015075 4.5285e-05
13.084 0.00021176 5.7871e-05
13.142 0.00021873 5.9158e-05
13.2 0.00017616 5.054e-05
13.258 0.00024325 6.3974e-05
13.316 0.00022912 6.136e-05
13.374 0.00020273 5.6018e-05
13.432 0.00021094 5.7646e-05
13.49 0.00019228 5.3758e-05
13.548 0.00016805 4.8904e-05
13.606 0.00014395 4.4018e-05
13.664 0.00018353 5.1956e-05
13.722 0.00016806 4.8907e-05
13.78 0.00017664 5.0676e-05
13.838 0.00020216 5.586e-05
13.896 0.00017522 5.0268e-05
13.954 0.00014192 4.34e-05
14.012 0.0002936 7.3845e-05
14.07 0.00020019 5.5317e-05
14.128 0.00015788 4.6654e-05
14.186 0.00024279 6.3854e-05
14.244 0.00020951 5.7257e-05
14.302 0.00029081 7.3141e-05
14.36 0.00013259 4.1336e-05
14.418 0.00011687 3.8071e-05
14.476 0.00021665 5.8594e-05
14.534 0.00020821 5.69e-05
14.592 0.00015816 4.6735e-05
14.65 0.00022378 5.9931e-05
14.708 0.00015071 4.5275e-05
14.766 0.00023353 6.1963e-05
14.824 0.00022173 5.9382e-05
14.882 0.00018253 5.1672e-05
14.94 0.00021555 5.8299e-05
14.998 0.00024851 6.4814e-05
15.056 0.00015727 4.6474e-05
15.114 0.00024859 6.4833e-05
15.173 0.00014131 4.3212e-05
15.231 0.00018209 5.1549e-05
15.289 0.00011443 3.7276e-05
15.347 0.00027236 6.9434e-05
15.405 0.00018945 5.2966e-05
15.463 0.00014659 4.4037e-05
15.521 0.00021201 5.734e-05
15.579 0.0001723 4.9432e-05
15.637 0.00020593 5.6278e-05
15.695 0.00017914 5.0713e-05
15.753 0.00015421 4.5569e-05
15.811 0.00023589 6.204e-05
15.869 0.00015605 4.6113e-05
15.927 0.00014593 4.3838e-05
15.985 0.00020294 5.5461e-05
16.043 0.00019433 5.3698e-05
16.101 0.00017952 5.0821e-05
16.159 0.00013756 4.2064e-05
16.217 0.00021032 5.6883e-05
16.275 0.00025128 6.5014e-05
16.333 0.00013776 4.2125e-05
16.391 0.00024845 6.4284e-05
16.449 0.0001443 4.335e-05
16.507 0.0002095 5.6662e-05
16.565 0.00026555 6.7697e-05
16.623 0.00023389 6.1513e-05
16.681 0.00021398 5.7308e-05
16.739 0.00023104 6.0764e-05
16.797 0.00016973 4.8694e-05
16.855 0.00017403 4.9265e-05
16.913 0.0001737 4.9174e-05
16.971 0.00016682 4.786e-05
17.029 0.0001908 5.2722e-05
17.087 0.00016686 4.7869e-05
17.145 0.00020397 5.5167e-05
17.203 0.00014978 4.4261e-05
17.261 0.00020795 5.6242e-05
17.319 0.00016546 4.747e-05
17.377 0.00014158 4.253e-05
17.435 0.00020417 5.522e-05
17.493 0.00021344 5.7161e-05
17.551 0.00015705 4.5704e-05
17.609 0.00017851 4.9909e-05
17.667 0.00018118 5.0654e-05
17.725 0.00010956 3.5691e-05
17.783 0.0002268 5.9648e-05
17.841 0.00023238 6.0608e-05
17.9 0.00018514 5.1157e-05
17.958 0.00023369 6.0949e-05
18.016 0.00023982 6.205e-05
18.074 0.00016114 4.623e-05
18.132 0.00023096 6.0237e-05
18.19 0.00016869 4.7756e-05
18.248 0.00019311 5.2775e-05
18.306 0.00019097 5.2191e-05
18.364 0.00020634 5.526e-05
18.422 0.00015416 4.4862e-05
18.48 9.9537e-05 3.3254e-05
18.538 0.00017448 4.8782e-05
18.596 0.00015922 4.5678e-05
18.654 0.0001531 4.4553e-05
18.712 0.00015304 4.4535e-05
18.77 0.00017357 4.8526e-05
18.828 0.00018929 5.1732e-05
18.886 0.00017438 4.8754e-05
18.944 0.00018831 5.1464e-05
19.002 0.0002166 5.6966e-05
19.06 0.00013561 4.0739e-05
19.118 0.00015877 4.5549e-05
19.176 0.00020188 5.4066e-05
19.234 0.00022427 5.8491e-05
19.292 0.00020272 5.4291e-05
19.35 0.00011926 3.7181e-05
19.408 0.00017866 4.9367e-05
19.466 0.00020687 5.4888e-05
19.524 0.00017778 4.9126e-05
19.582 0.00020192 5.4077e-05
19.64 0.00019098 5.1652e-05
19.698 0.00013975 4.1295e-05
19.756 0.00013966 4.1269e-05
19.814 0.00019199 5.1926e-05
19.872 0.0001603 4.538e-05
19.93 0.00012377 3.7849e-05
19.988 0.00019029 5.1466e-05
20.046 0.00017483 4.8308e-05
20.104 0.00018158 4.9623e-05
20.162 0.00023928 6.1001e-05
20.22 0.00014513 4.2234e-05
20.278 0.0001822 4.9793e-05
20.336 0.00014419 4.1962e-05
20.394 0.00017205 4.7541e-05
20.452 0.00022421 5.8012e-05
20.51 0.00020238 5.3699e-05
20.568 0.00020081 5.3282e-05
20.626 0.00018439 4.9869e-05
20.685 0.00015629 4.4245e-05
20.743 0.00015563 4.4059e-05
20.801 0.00017099 4.7248e-05
20.859 0.0002115 5.5161e-05
20.917 0.00016956 4.6852e-05
20.975 0.00021107 5.5048e-05
21.033 0.00015429 4.3678e-05
21.091 0.0001459 4.1858e-05
21.149 0.00016871 4.662e-05
21.207 0.00015397 4.3588e-05
21.265 0.00014588 4.185e-05
21.323 0.00015209 4.3055e-05
21.381 0.00018135 4.9048e-05
21.439 0.00015279 4.3254e-05
21.497 0.00024152 6.0746e-05
21.555 0.0002051 5.3491e-05
21.613 0.00022652 5.7748e-05
21.671 0.000165 4.5592e-05
21.729 0.00016365 4.522e-05
21.787 0.00014904 4.2193e-05
21.845 0.00019536 5.138e-05
21.903 0.00012875 3.8045e-05
21.961 0.00012105 3.6363e-05
22.019 0.00020615 5.3339e-05
22.077 0.00017185 4.6479e-05
22.135 0.0001922 5.0549e-05
22.193 0.00013214 3.8453e-05
22.251 0.0002363 5.9058e-05
22.309 0.00022406 5.6727e-05
22.367 0.00015796 4.3647e-05
22.425 0.00012468 3.6841e-05
22.483 0.00017572 4.7059e-05
22.541 0.00018255 4.8437e-05
22.599 0.00016985 4.5936e-05
22.657 0.00017592 4.7114e-05
22.715 0.00015368 4.2465e-05
22.773 0.00012285 3.6301e-05
22.831 0.00021963 5.5605e-05
22.889 0.00016624 4.4961e-05
22.947 0.00012008 3.5484e-05
23.005 0.00017077 4.5733e-05
23.063 0.00015839 4.3286e-05
23.121 0.00016363 4.4256e-05
23.179 0.00016884 4.5217e-05
23.237 0.00030464 7.1505e-05
23.295 0.00016228 4.3891e-05
23.353 0.00021096 5.341e-05
23.412 0.00016571 4.4381e-05
23.47 0.00015935 4.3098e-05
23.528 0.00020872 5.2842e-05
23.586 0.00014091 3.9395e-05
23.644 0.00015699 4.246e-05
23.702 0.00013308 3.7673e-05
23.76 0.00016903 4.4849e-05
23.818 0.00019847 5.0597e-05
23.876 0.00020778 5.2259e-05
23.934 0.00024427 5.9372e-05
23.992 0.00022537 5.5665e-05
24.05 0.00021758 5.4052e-05
24.108 0.00012857 3.6396e-05
24.166 0.00016297 4.324e-05
24.224 0.00019708 4.9896e-05
24.282 0.00024256 5.8667e-05
24.34 0.00013674 3.7784e-05
24.398 0.00018941 4.8287e-05
24.456 0.00014931 4.0382e-05
24.514 0.00013679 3.7798e-05
24.572 0.00017491 4.5257e-05
24.63 0.0001977 4.9724e-05
24.688 0.00016855 4.3958e-05
24.746 0.00018347 4.6773e-05
24.804 0.00023174 5.6048e-05
24.862 0.00017607 4.5212e-05
24.92 0.00020172 5.0111e-05
24.978 0.00023829 5.7098e-05
25.036 0.00017185 4.4127e-05
25.094 0.00019302 4.8243e-05
25.152 0.00024088 5.7462e-05
25.21 0.00021125 5.161e-05
25.268 0.00016722 4.2938e-05
25.326 0.00016233 4.2e-05
25.384 0.00017776 4.5004e-05
25.442 0.00011905 3.3283e-05
25.5 0.0001893 4.7026e-05
25.558 0.000163 4.1854e-05
25.616 0.00017223 4.3605e-05
25.674 0.00017116 4.3333e-05
25.732 0.00020393 4.9566e-05
25.79 0.00023199 5.4881e-05
25.848 0.00014748 3.8464e-05
25.906 0.00018988 4.6638e-05
25.964 0.00017342 4.3342e-05
26.022 0.00012602 3.4083e-05
26.08 0.00016855 4.2394e-05
26.138 0.00014319 3.7345e-05
26.197 0.00017955 4.4347e-05
26.255 0.00023273 5.4627e-05
26.313 0.00021245 5.0682e-05
26.371 0.00023769 5.5384e-05
26.429 0.00017455 4.3111e-05
26.487 0.00022394 5.2564e-05
26.545 0.00015432 3.9069e-05
26.603 0.00018782 4.5425e-05
26.661 0.00016728 4.1317e-05
26.719 0.00015721 3.9291e-05
26.777 0.00020767 4.8933e-05
26.835 0.00026715 6.0223e-05
26.893 0.00019044 4.5431e-05
26.951 0.00018901 4.5089e-05
27.009 0.00019976 4.7068e-05
27.067 0.00018084 4.3332e-05
27.125 0.0001817 4.3345e-05
27.183 0.00021395 4.9351e-05
27.241 0.00023619 5.3525e-05
27.299 0.00017348 4.1384e-05
27.357 0.00015997 3.869e-05
27.415 0.00019695 4.5732e-05
27.473 0.00017698 4.1867e-05
27.531 0.00017416 4.12e-05
27.589 0.00016765 3.9824e-05
27.647 0.00022399 5.0492e-05
27.705 0.00018093 4.2159e-05
27.763 0.00018021 4.1844e-05
27.821 0.00015945 3.772e-05
27.879 0.0001827 4.2009e-05
27.937 0.00018687 4.2706e-05
27.995 0.00016374 3.8152e-05
28.053 0.00013774 3.3003e-05
28.111 0.00021714 4.8053e-05
28.169 0.0001873 4.2222e-05
28.227 0.00018129 4.0974e-05
28.285 0.000203 4.4923e-05
28.343 0.00021857 4.7724e-05
28.401 0.00019699 4.3505e-05
28.459 0.00019109 4.2201e-05
28.517 0.00020963 4.5538e-05
28.575 0.00016463 3.6839e-05
28.633 0.00019185 4.1745e-05
28.691 0.00018284 3.9784e-05
28.749 0.00015761 3.4736e-05
28.807 0.00021576 4.551e-05
28.865 0.00019337 4.1168e-05
28.924 0.00017382 3.73e-05
28.982 0.00017413 3.7119e-05
29.04 0.000207 4.3005e-05
29.098 0.00019106 3.9693e-05
29.156 0.00022705 4.6051e-05
29.214 0.00018675 3.806e-05
29.272 0.00018523 3.7278e-05
29.33 0.00018343 3.6519e-05
29.388 0.00017318 3.3658e-05
29.446 0.00016639 3.2546e-05
29.504 0 1
29.562 0 1
29.62 0 1
29.678 0 1
