-29.678 0 1
-29.62 0 1
-29.562 0 1
-29.504 0.00016666 3.3867e-05
-29.446 0.00016424 3.3179e-05
-29.388 0.00017379 3.6471e-05
-29.33 0.0001781 3.7968e-05
-29.272 0.00014122 3.1663e-05
-29.214 0.00014726 3.3496e-05
-29.156 0.00018641 4.1615e-05
-29.098 0.00016933 3.883e-05
-29.04 0.00014599 3.4737e-05
-28.982 0.00014433 3.478e-05
-28.924 0.00018488 4.2908e-05
-28.865 0.0001457 3.5609e-05
-28.807 0.00015489 3.7672e-05
-28.749 0.00015647 3.8436e-05
-28.691 0.00013477 3.4531e-05
-28.633 0.00016881 4.1469e-05
-28.575 0.00012614 3.3331e-05
-28.517 0.00016072 4.0378e-05
-28.459 0.00018056 4.4589e-05
-28.401 0.00021281 5.1059e-05
-28.343 0.00018432 4.5769e-05
-28.285 0.00016004 4.13e-05
-28.227 0.00024402 5.7838e-05
-28.169 0.00014525 3.8718e-05
-28.111 0.00016207 4.214e-05
-28.053 0.0001496 3.9879e-05
-27.995 0.00013661 3.7499e-05
-27.937 0.00013278 3.6848e-05
-27.879 0.00016951 4.4421e-05
-27.821 0.00020617 5.1798e-05
-27.763 0.00023572 5.7905e-05
-27.705 0.00014931 4.0983e-05
-27.647 0.00018847 4.9003e-05
-27.589 0.0001535 4.2135e-05
-27.531 0.0001952 5.0751e-05
-27.473 0.00022751 5.716e-05
-27.415 0.00015346 4.2587e-05
-27.357 0.00018044 4.8098e-05
-27.299 0.00019122 5.0529e-05
-27.241 0.00016404 4.5026e-05
-27.183 0.00017397 4.7262e-05
-27.125 0.0002321 5.9064e-05
-27.067 0.00018613 5.0076e-05
-27.009 0.00014575 4.1981e-05
-26.951 0.00015443 4.3898e-05
-26.893 0.00018579 5.0473e-05
-26.835 0.00010919 3.4874e-05
-26.777 0.00017507 4.8582e-05
-26.719 0.00017832 4.9484e-05
-26.661 0.00016428 4.6696e-05
-26.603 0.00010662 3.4839e-05
-26.545 0.00019026 5.2223e-05
-26.487 0.00019188 5.2669e-05
-26.429 0.0001472 4.366e-05
-26.371 0.00016416 4.7284e-05
-26.313 0.00017321 4.9236e-05
-26.255 0.00018862 5.2344e-05
-26.197 0.00019819 5.4401e-05
-26.138 0.00017594 5.0012e-05
-26.08 8.0236e-05 2.9518e-05
-26.022 0.00021665 5.8286e-05
-25.964 0.00013028 4.0751e-05
-25.906 0.00013201 4.1294e-05
-25.848 0.00018283 5.1969e-05
-25.79 0.00012453 3.9774e-05
-25.732 0.00014316 4.393e-05
-25.674 0.00018653 5.302e-05
-25.616 0.00012792 4.0855e-05
-25.558 0.00010241 3.5279e-05
-25.5 0.00015574 4.6953e-05
-25.442 0.0001217 3.9768e-05
-25.384 6.0998e-05 2.5749e-05
-25.326 0.00019282 5.4808e-05
-25.268 0.00019356 5.5019e-05
-25.21 0.00015152 4.6497e-05
-25.152 0.00016967 5.0324e-05
-25.094 0.00011622 3.8941e-05
-25.036 0.0001709 5.0689e-05
-24.978 0.00021802 6.0501e-05
-24.92 0.00014584 4.5619e-05
-24.862 0.00013588 4.3398e-05
-24.804 0.00014902 4.6613e-05
-24.746 0.00012094 4.0522e-05
-24.688 0.00016839 5.0769e-05
-24.63 0.00015028 4.7008e-05
-24.572 0.00016044 4.9233e-05
-24.514 0.00024881 6.7594e-05
-24.456 0.00011465 3.9498e-05
-24.398 0.00013377 4.371e-05
-24.34 0.00020274 5.8396e-05
-24.282 0.00017533 5.2862e-05
-24.224 0.00021357 6.0707e-05
-24.166 0.00010694 3.7998e-05
-24.108 0.00023679 6.5711e-05
-24.05 0.00012878 4.3151e-05
-23.992 0.0001681 5.1585e-05
-23.934 0.00019978 5.8362e-05
-23.876 0.00021077 6.0709e-05
-23.818 0.00011102 3.9447e-05
-23.76 0.00012024 4.1423e-05
-23.702 9.0938e-05 3.4801e-05
-23.644 0.00012196 4.2014e-05
-23.586 0.00016445 5.1441e-05
-23.528 0.00011217 3.9857e-05
-23.47 9.1913e-05 3.5175e-05
-23.412 0.00022573 6.4163e-05
-23.353 0.00014427 4.7142e-05
-23.295 0.00014424 4.7131e-05
-23.237 0.00017673 5.4233e-05
-23.179 0.00023908 6.7123e-05
-23.121 0.00012553 4.3246e-05
-23.063 0.00014709 4.8063e-05
-23.005 0.0001145 4.0684e-05
-22.947 0.00012589 4.337e-05
-22.889 7.4321e-05 3.1374e-05
-22.831 0.00014861 4.8561e-05
-22.773 0.00013755 4.6087e-05
-22.715 0.00018136 5.5654e-05
-22.657 0.00021451 6.2667e-05
-22.599 0.00018236 5.596e-05
-22.541 0.00016124 5.1499e-05
-22.483 0.00014105 4.7259e-05
-22.425 0.00016319 5.212e-05
-22.367 0.00023047 6.6383e-05
-22.309 0.00025224 7.0816e-05
-22.251 0.0001213 4.31e-05
-22.193 0.00024375 6.9285e-05
-22.135 0.00017636 5.5164e-05
-22.077 0.00025297 7.1022e-05
-22.019 0.00017617 5.5105e-05
-21.961 0.00014597 4.891e-05
-21.903 0.0001448 4.8518e-05
-21.845 0.00023589 6.7945e-05
-21.787 0.00010138 3.8796e-05
-21.729 0.00029428 7.9948e-05
-21.671 0.00023684 6.8216e-05
-21.613 0.0001797 5.621e-05
-21.555 0.00017131 5.4715e-05
-21.497 0.00022923 6.6968e-05
-21.439 0.00021866 6.4856e-05
-21.381 0.00014881 4.986e-05
-21.323 0.00013824 4.7624e-05
-21.265 0.00010488 4.0136e-05
-21.207 0.00016068 5.2505e-05
-21.149 0.00022957 6.7065e-05
-21.091 0.00010408 3.9832e-05
-21.033 0.00010483 4.0118e-05
-20.975 0.00017447 5.5725e-05
-20.917 0.00010485 4.0127e-05
-20.859 0.00015306 5.1285e-05
-20.801 0.00017597 5.6203e-05
-20.743 0.00015194 5.0908e-05
-20.685 0.0001294 4.598e-05
-20.626 7.0498e-05 3.1686e-05
-20.568 0.00011855 4.3615e-05
-20.51 0.00016593 5.4219e-05
-20.452 9.4164e-05 3.7706e-05
-20.394 0.00022429 6.6524e-05
-20.336 0.00010732 4.1069e-05
-20.278 0.00015534 5.2049e-05
-20.22 0.0002146 6.47e-05
-20.162 0.00012037 4.4282e-05
-20.104 0.00014424 4.9689e-05
-20.046 0.00015725 5.2689e-05
-19.988 0.00026536 7.5428e-05
-19.93 0.00014557 5.0148e-05
-19.872 0.00012292 4.522e-05
-19.814 0.00024368 7.1188e-05
-19.756 0.00019433 6.0785e-05
-19.698 0.00014554 5.0139e-05
-19.64 0.00020952 6.4293e-05
-19.582 0.00015867 5.3165e-05
-19.524 0.00022083 6.6578e-05
-19.466 0.00020959 6.4317e-05
-19.408 0.00018463 5.8967e-05
-19.35 0.00012448 4.5795e-05
-19.292 0.00017295 5.6513e-05
-19.234 0.00022349 6.7382e-05
-19.176 0.00013795 4.9016e-05
-19.118 0.00022473 6.7756e-05
-19.06 0.00012431 4.5732e-05
-19.002 0.00018701 5.973e-05
-18.944 0.00017419 5.6918e-05
-18.886 0.00022398 6.7528e-05
-18.828 0.00018633 5.9513e-05
-18.77 8.876e-05 3.7469e-05
-18.712 0.0001379 4.9e-05
-18.654 0.00016269 5.451e-05
-18.596 0.00017522 5.7255e-05
-18.538 0.00016365 5.4834e-05
-18.48 0.0001524 5.25e-05
-18.422 0.00020282 6.3441e-05
-18.364 0.00016362 5.4823e-05
-18.306 0.00022904 6.9055e-05
-18.248 0.00015319 5.2772e-05
-18.19 0.00011479 4.3928e-05
-18.132 0.00019054 6.0857e-05
-18.074 0.000166 5.5619e-05
-18.016 0.00020611 6.4471e-05
-17.958 0.00017866 5.838e-05
-17.9 0.00019192 6.1298e-05
-17.841 0.00020594 6.4419e-05
-17.783 0.00018189 5.9433e-05
-17.725 0.00011637 4.4536e-05
-17.667 0.00012782 4.7023e-05
-17.609 0.0001174 4.4927e-05
-17.551 0.0001948 6.2218e-05
-17.493 0.00022119 6.7874e-05
-17.435 0.00014258 5.0661e-05
-17.377 0.00024714 7.3304e-05
-17.319 0.00015738 5.4216e-05
-17.261 0.0001569 5.4052e-05
-17.203 0.0002737 7.8836e-05
-17.145 0.00022464 6.8935e-05
-17.087 0.00011773 4.5053e-05
-17.029 0.00017057 5.7151e-05
-16.971 0.00016939 5.6756e-05
-16.913 0.00015851 5.4605e-05
-16.855 0.00018573 6.0688e-05
-16.797 0.00017054 5.7143e-05
-16.739 0.00026108 7.6271e-05
-16.681 9.274e-05 3.9149e-05
-16.623 0.00017105 5.7311e-05
-16.565 6.5932e-05 3.1985e-05
-16.507 0.00013236 4.8693e-05
-16.449 0.00021124 6.6077e-05
-16.391 0.00012009 4.5958e-05
-16.333 0.00018451 6.0291e-05
-16.275 0.00018656 6.0961e-05
-16.217 0.00024012 7.2394e-05
-16.159 0.00027958 8.0529e-05
-16.101 0.00013258 4.8774e-05
-16.043 0.00022677 6.959e-05
-15.985 0.00021302 6.6634e-05
-15.927 9.3987e-05 3.9675e-05
-15.869 0.00018764 6.1315e-05
-15.811 0.00017224 5.771e-05
-15.753 0.00019993 6.3855e-05
-15.695 0.00016209 5.5841e-05
-15.637 0.00017453 5.848e-05
-15.579 0.00020246 6.4662e-05
-15.521 0.00014711 5.2272e-05
-15.463 0.00014915 5.2997e-05
-15.405 0.00010805 4.3266e-05
-15.347 0.00017476 5.8556e-05
-15.289 6.7613e-05 3.2801e-05
-15.231 0.00017795 5.9624e-05
-15.173 8.1604e-05 3.6677e-05
-15.114 0.00012229 4.68e-05
-15.056 0.00010828 4.3358e-05
-14.998 0.00017697 5.9296e-05
-14.94 0.00015077 5.3572e-05
-14.882 0.00017661 5.9175e-05
-14.824 0.00019063 6.2292e-05
-14.766 0.00013745 5.0567e-05
-14.708 0.00012248 4.6874e-05
-14.65 0.00013577 4.9947e-05
-14.592 0.00015089 5.3613e-05
-14.534 0.00012341 4.7228e-05
-14.476 0.00026152 7.7567e-05
-14.418 0.00017819 5.9705e-05
-14.36 0.00023249 7.1344e-05
-14.302 0.00016544 5.6994e-05
-14.244 0.00015076 5.3566e-05
-14.186 0.00024487 7.3827e-05
-14.128 0.00020648 6.5949e-05
-14.07 0.00016523 5.6922e-05
-14.012 0.00029089 8.3785e-05
-13.954 0.00012313 4.712e-05
-13.896 0.00019175 6.2657e-05
-13.838 0.00015334 5.4486e-05
-13.78 0.00023719 7.2787e-05
-13.722 0.00027584 8.0582e-05
-13.664 9.7817e-05 4.1292e-05
-13.606 0.00015362 5.4585e-05
-13.548 0.00023552 7.2273e-05
-13.49 0.00024828 7.4854e-05
-13.432 0.00016728 5.7629e-05
-13.374 0.00014016 5.1564e-05
-13.316 0.00019504 6.3731e-05
-13.258 0.00011131 4.4572e-05
-13.2 0.00020957 6.6934e-05
-13.142 0.00022473 7.0294e-05
-13.084 0.00018036 6.0433e-05
-13.026 4.1542e-05 2.5224e-05
-12.968 0.00018143 6.0792e-05
-12.91 0.0001549 5.5039e-05
-12.852 0.00012586 4.8167e-05
-12.794 0.00019544 6.3861e-05
-12.736 0.00018292 6.1291e-05
-12.678 0.00022539 7.0502e-05
-12.62 0.00022454 7.0236e-05
-12.562 0.00025135 7.5781e-05
-12.504 0.00019662 6.4248e-05
-12.446 0.00012796 4.8968e-05
-12.388 0.00019748 6.4529e-05
-12.329 0.00016778 5.7799e-05
-12.271 0.00021236 6.7826e-05
-12.213 0.00029748 8.5683e-05
-12.155 0.00031058 8.8283e-05
-12.097 0.00029658 8.5424e-05
-12.039 0.00014089 5.1832e-05
-11.981 0.00021317 6.8084e-05
-11.923 0.00019953 6.5197e-05
-11.865 0.00019608 6.407e-05
-11.807 0.00018472 6.1893e-05
-11.749 0.00032804 9.2099e-05
-11.691 0.00021097 6.7382e-05
-11.633 0.0001558 5.5359e-05
-11.575 0.0001268 4.8525e-05
-11.517 0.00014329 5.2716e-05
-11.459 0.00018345 6.1469e-05
-11.401 0.00019862 6.4902e-05
-11.343 0.00021462 6.8547e-05
-11.285 0.00025732 7.758e-05
-11.227 8.479e-05 3.8109e-05
-11.169 0.0002124 6.7839e-05
-11.111 0.00019965 6.5238e-05
-11.053 0.000257 7.7485e-05
-10.995 0.00014351 5.2796e-05
-10.937 0.00021256 6.7889e-05
-10.879 0.00018624 6.2402e-05
-10.821 0.00027219 8.0732e-05
-10.763 0.00018599 6.2319e-05
-10.705 0.00019826 6.4784e-05
-10.647 0.00011504 4.6064e-05
-10.589 0.00024607 7.5511e-05
-10.531 0.0002004 6.5484e-05
-10.473 0.00021385 6.8301e-05
-10.415 0.00027379 8.1207e-05
-10.357 0.00014364 5.2842e-05
-10.299 0.00021444 6.8491e-05
-10.241 0.00017263 5.9472e-05
-10.183 0.00020049 6.5513e-05
-10.125 0.00021663 6.919e-05
-10.067 0.00030354 8.7428e-05
-10.009 0.00015654 5.5622e-05
-9.9506 0.0001727 5.9496e-05
-9.8926 0.00026029 7.8475e-05
-9.8346 0.00023249 7.2721e-05
-9.7766 0.00017215 5.9304e-05
-9.7185 0.00025725 7.756e-05
-9.6605 0.00024702 7.5801e-05
-9.6025 0.00024502 7.5189e-05
-9.5445 0.00021447 6.85e-05
-9.4864 0.00021561 6.8864e-05
-9.4284 0.00026233 7.9092e-05
-9.3704 0.00017526 6.0375e-05
-9.3124 0.00021524 6.8747e-05
-9.2544 0.00020082 6.562e-05
-9.1963 0.00022276 7.1148e-05
-9.1383 0.00028584 8.3504e-05
-9.0803 0.00028749 8.3986e-05
-9.0223 0.00029081 8.4955e-05
-8.9643 0.00017752 6.1155e-05
-8.9062 0.00024408 7.4899e-05
-8.8482 0.00020379 6.6591e-05
-8.7902 0.00013003 4.9762e-05
-8.7322 0.00027831 8.2548e-05
-8.6742 0.00024868 7.631e-05
-8.6161 0.0001303 4.9864e-05
-8.5581 0.00011763 4.7104e-05
-8.5001 0.00018921 6.3396e-05
-8.4421 0.00025926 7.8166e-05
-8.384 0.00021862 6.9826e-05
-8.326 0.00031687 9.0071e-05
-8.268 0.00018899 6.3323e-05
-8.21 0.00027649 8.2009e-05
-8.152 0.00018851 6.3161e-05
-8.0939 0.00023139 7.238e-05
-8.0359 0.00027812 8.2493e-05
-7.9779 0.00017457 6.0139e-05
-7.9199 0.00013096 5.0117e-05
-7.8619 0.00015909 5.6529e-05
-7.8038 0.00020577 6.7239e-05
-7.7458 0.00017415 5.9994e-05
-7.6878 0.00020414 6.6704e-05
-7.6298 0.00026283 7.9243e-05
-7.5718 0.00022132 7.0688e-05
-7.5137 0.00019074 6.3908e-05
-7.4557 0.00032064 9.1141e-05
-7.3977 0.00020592 6.7286e-05
-7.3397 0.00022221 7.0971e-05
-7.2816 0.00031086 8.9538e-05
-7.2236 0.00028771 8.405e-05
-7.1656 0.00031348 9.0291e-05
-7.1076 0.00023837 7.4561e-05
-7.0496 0.0001891 6.3361e-05
-6.9915 0.00019034 6.3775e-05
-6.9335 0.00014893 5.479e-05
-6.8755 0.00028996 8.4706e-05
-6.8175 0.00032442 9.2217e-05
-6.7595 0.00026324 7.9365e-05
-6.7014 0.00035049 9.7262e-05
-6.6434 0.00028506 8.4551e-05
-6.5854 0.0003324 9.3321e-05
-6.5274 0.00020708 6.7664e-05
-6.4694 0.00018652 6.2495e-05
-6.4113 0.00036054 0.00010005
-6.3533 0.00030898 8.8997e-05
-6.2953 0.0003967 0.00010673
-6.2373 0.00024455 7.5044e-05
-6.1792 0.00033464 9.512e-05
-6.1212 0.00041939 0.00011082
-6.0632 0.00027787 8.2416e-05
-6.0052 0.00031301 9.0158e-05
-5.9472 0.00032409 9.2122e-05
-5.8891 0.00026582 8.0143e-05
-5.8311 0.00035347 9.8091e-05
-5.7731 0.00021682 6.9251e-05
-5.7151 0.00019887 6.6634e-05
-5.6571 0.00030259 8.7154e-05
-5.599 0.00023498 7.35e-05
-5.541 0.00031566 9.0921e-05
-5.483 0.00031061 8.9466e-05
-5.425 0.00030574 8.8062e-05
-5.3669 0.00031966 9.0864e-05
-5.3089 0.00013467 5.1536e-05
-5.2509 0.00034391 9.6552e-05
-5.1929 0.00044376 0.00011538
-5.1349 0.00025073 7.6939e-05
-5.0768 0.00027843 8.2583e-05
-5.0188 0.00036062 0.00010007
-4.9608 0.00024911 7.6443e-05
-4.9028 0.00026328 7.9376e-05
-4.8448 0.00029831 8.7147e-05
-4.7867 0.00017438 6.0075e-05
-4.7287 0.00030818 8.8766e-05
-4.6707 0.00034185 9.5975e-05
-4.6127 0.00033334 9.3586e-05
-4.5547 0.00035127 9.7479e-05
-4.4966 0.00032801 9.3236e-05
-4.4386 0.00038658 0.00010502
-4.3806 0.00033602 9.4338e-05
-4.3226 0.00036709 0.00010076
-4.2645 0.0004478 0.00011735
-4.2065 0.00041482 0.00011058
-4.1485 0.00041453 0.0001105
-4.0905 0.00048674 0.00012471
-4.0325 0.00029435 8.5991e-05
-3.9744 0.00041231 0.00010991
-3.9164 0.00053533 0.0001345
-3.8584 0.00042011 0.00011199
-3.8004 0.0004236 0.00011193
-3.7424 0.00021852 6.9794e-05
-3.6843 0.00041436 0.00011046
-3.6263 0.00046528 0.00012097
-3.5683 0.00049491 0.0001268
-3.5103 0.00035964 9.8718e-05
-3.4523 0.00040362 0.00010759
-3.3942 0.00044289 0.00011703
-3.3362 0.00040594 0.00010921
-3.2782 0.00059353 0.00014435
-3.2202 0.00042628 0.00011363
-3.1621 0.0005557 0.00013961
-3.1041 0.00047897 0.00012188
-3.0461 0.00054962 0.00013809
-2.9881 0.00051649 0.00013143
-2.9301 0.00058844 0.00014312
-2.872 0.00058103 0.00014511
-2.814 0.00053848 0.00013371
-2.756 0.00036358 0.00010208
-2.698 0.00065248 0.00015655
-2.64 0.00051255 0.00012958
-2.5819 0.00055281 0.00013806
-2.5239 0.0005304 0.00013326
-2.4659 0.00055252 0.00013881
-2.4079 0.00056994 0.00014075
-2.3499 0.00045758 0.00011808
-2.2918 0.00051617 0.0001342
-2.2338 0.00068249 0.00015944
-2.1758 0.00076043 0.00018094
-2.1178 0.00085549 0.00019459
-2.0597 0.000758 0.00017708
-2.0017 0.00054066 0.00013853
-1.9437 0.00062893 0.00014965
-1.8857 0.0008045 0.00018794
-1.8277 0.00082254 0.00019282
-1.7696 0.00063266 0.00014831
-1.7116 0.00090672 0.00021182
-1.6536 0.00073495 0.0001729
-1.5956 0.00092813 0.00020954
-1.5376 0.0010072 0.00022182
-1.4795 0.0013321 0.00029285
-1.4215 0.0013554 0.00029137
-1.3635 0.0014668 0.00031304
-1.3055 0.0019349 0.00039637
-1.2475 0.0021662 0.00044908
-1.1894 0.0021535 0.00044026
-1.1314 0.0025834 0.00053008
-1.0734 0.0034796 0.00069195
-1.0154 0.0041333 0.00081275
-0.95735 0.0044444 0.00087344
-0.89933 0.0059096 0.0011492
-0.84131 0.0065199 0.0012618
-0.78328 0.0074838 0.0014451
-0.72526 0.0079444 0.0015308
-0.66724 0.0091224 0.0017543
-0.60922 0.0093034 0.0017941
-0.5512 0.0092496 0.0017818
-0.49318 0.0093867 0.0017996
-0.43516 0.0095625 0.001831
-0.37714 0.0096505 0.0018522
-0.31912 0.0093426 0.0017986
-0.26109 0.0094638 0.0018302
-0.20307 0.0085845 0.0016468
-0.14505 0.0090734 0.0017422
-0.087032 0.0084707 0.0016381
-0.029011 0.0077852 0.0015004
0.029011 0.0072476 0.0014081
0.087032 0.0067511 0.0013054
0.14505 0.0051958 0.0010097
0.20307 0.0054665 0.0010789
0.26109 0.0039045 0.0007756
0.31912 0.0034051 0.00067714
0.37714 0.0025647 0.00051436
0.43516 0.0021617 0.00044046
0.49318 0.0015474 0.00033181
0.5512 0.001306 0.00028712
0.60922 0.0011885 0.00025997
0.66724 0.00086804 0.00019744
0.72526 0.00081099 0.00018763
0.78328 0.00082656 0.00018901
0.84131 0.00082588 0.00018993
0.89933 0.00064001 0.00015423
0.95735 0.00069146 0.00016209
1.0154 0.0005867 0.00014489
1.0734 0.00075461 0.00018184
1.1314 0.00057789 0.00014124
1.1894 0.00072954 0.0001758
1.2475 0.00065279 0.00015303
1.3055 0.00052578 0.00013292
1.3635 0.00061503 0.00014958
1.4215 0.00036507 0.00010515
1.4795 0.00050217 0.00012469
1.5376 0.00064993 0.00015662
1.5956 0.00038584 0.00010482
1.6536 0.00063359 0.00015918
1.7116 0.00047994 0.00011852
1.7696 0.00056004 0.00014251
1.8277 0.00044843 0.0001185
1.8857 0.00056855 0.00013763
1.9437 0.00055805 0.00014298
2.0017 0.00050577 0.00012787
2.0597 0.00035713 9.8028e-05
2.1178 0.00043319 0.00011769
2.1758 0.00062959 0.00014922
2.2338 0.00045679 0.00012289
2.2918 0.0004273 0.00011198
2.3499 0.00042043 0.00011207
2.4079 0.00065989 0.00015902
2.4659 0.00042707 0.00011384
2.5239 0.00033861 9.5065e-05
2.5819 0.00042257 0.00011264
2.64 0.00050521 0.00012773
2.698 0.00045004 0.00011996
2.756 0.00038138 0.0001026
2.814 0.00037933 0.00010527
2.872 0.0003833 0.00010312
2.9301 0.00040919 0.00011009
2.9881 0.00032481 9.3556e-05
3.0461 0.00028407 8.2988e-05
3.1041 0.00037429 0.00010387
3.1621 0.00043124 0.00011495
3.2202 0.00045299 0.0001169
3.2782 0.00047236 0.00012282
3.3362 0.00037041 0.00010279
3.3942 0.00035027 9.7202e-05
3.4523 0.00034953 9.6996e-05
3.5103 0.00041172 0.00011077
3.5683 0.00022875 7.306e-05
3.6263 0.00051836 0.00013105
3.6843 0.00028008 8.3074e-05
3.7424 0.00026726 8.0576e-05
3.8004 0.00038124 0.00010464
3.8584 0.00040956 0.00011019
3.9164 0.00023893 7.4738e-05
3.9744 0.00031272 9.0072e-05
4.0325 0.00038784 0.00010537
4.0905 0.00028496 8.452e-05
4.1485 0.00028362 8.4124e-05
4.2065 0.00028639 8.4944e-05
4.2645 0.00031496 9.0718e-05
4.3226 0.0002064 6.7442e-05
4.3806 0.00030149 8.8077e-05
4.4386 0.00042483 0.00011325
4.4966 0.00025358 7.7816e-05
4.5547 0.00025091 7.6997e-05
4.6127 0.00027254 8.2168e-05
4.6707 0.00031163 8.976e-05
4.7287 0.00023469 7.3411e-05
4.7867 9.1036e-05 4.0917e-05
4.8448 0.00016307 5.7943e-05
4.9028 0.00025448 7.8093e-05
4.9608 0.00033651 9.5653e-05
5.0188 0.00032726 9.3024e-05
5.0768 0.00021086 6.8899e-05
5.1349 0.00014576 5.3624e-05
5.1929 0.00029001 8.6019e-05
5.2509 0.00025743 7.8998e-05
5.3089 0.00017882 6.1602e-05
5.3669 0.00028024 8.3122e-05
5.425 0.00024449 7.6476e-05
5.483 0.00030581 8.9337e-05
5.541 0.00023711 7.4167e-05
5.599 0.00016201 5.7565e-05
5.6571 0.00026666 8.1829e-05
5.7151 0.00022019 7.0328e-05
5.7731 0.00020986 6.8572e-05
5.8311 0.00028874 8.5643e-05
5.8891 0.0002095 6.8457e-05
5.9472 0.00019891 6.6646e-05
6.0052 0.00022633 7.2289e-05
6.0632 0.00023507 7.3531e-05
6.1212 0.00028087 8.4681e-05
6.1792 0.00011828 4.7361e-05
6.2373 0.00019624 6.5753e-05
6.2953 0.0002378 7.4385e-05
6.3533 0.00026367 8.0911e-05
6.4113 0.00022063 7.0466e-05
6.4694 0.00022771 7.2727e-05
6.5274 0.00022154 7.0757e-05
6.5854 0.00020123 6.7423e-05
6.6434 0.00025605 7.8573e-05
6.7014 0.00022439 7.1666e-05
6.7595 0.00016568 5.8868e-05
6.8175 0.00031027 8.9368e-05
6.8755 0.00021316 6.9651e-05
6.9335 0.00013437 5.1421e-05
6.9915 0.00023927 7.4844e-05
7.0496 0.00016821 5.9767e-05
7.1076 0.00015242 5.6073e-05
7.1656 0.00017808 6.1348e-05
7.2236 0.00024081 7.5325e-05
7.2816 0.00018256 6.289e-05
7.3397 0.00016768 5.958e-05
7.3977 0.00023695 7.4119e-05
7.4557 0.00021055 6.8798e-05
7.5137 0.00019636 6.5794e-05
7.5718 0.00019665 6.5891e-05
7.6298 0.00021102 6.8954e-05
7.6878 0.00033163 9.4266e-05
7.7458 0.00010472 4.4206e-05
7.8038 0.00028521 8.4596e-05
7.8619 0.00017986 6.1961e-05
7.9199 0.00025382 7.7887e-05
7.9779 0.00026932 8.12e-05
8.0359 0.00023633 7.3924e-05
8.0939 0.0002515 7.7178e-05
8.152 0.00010557 4.4563e-05
8.21 0.00017993 6.1984e-05
8.268 0.0002235 7.1382e-05
8.326 0.00023874 7.4679e-05
8.384 0.00022259 7.1092e-05
8.4421 0.00010455 4.4133e-05
8.5001 0.00012131 4.8574e-05
8.5581 0.00022053 7.0435e-05
8.6161 0.00027128 8.1789e-05
8.6742 0.00019611 6.571e-05
8.7322 0.00025292 7.7612e-05
8.7902 0.00028373 8.4157e-05
8.8482 0.0001931 6.47e-05
8.9062 0.00016766 5.9573e-05
8.9643 0.00022364 7.143e-05
9.0223 0.00017859 6.1523e-05
9.0803 0.00017747 6.1137e-05
9.1383 0.00024154 7.5554e-05
9.1963 0.00014821 5.4524e-05
9.2544 0.00013323 5.0986e-05
9.3124 0.00019476 6.5258e-05
9.3704 0.0002396 7.4946e-05
9.4284 0.00020778 6.7895e-05
9.4864 0.00013316 5.0958e-05
9.5445 0.00013309 5.0932e-05
9.6025 0.00019575 6.5587e-05
9.6605 0.00013344 5.1068e-05
9.7185 0.00026652 8.0354e-05
9.7766 0.00015035 5.5311e-05
9.8346 0.00019283 6.4609e-05
9.8926 0.00019337 6.4791e-05
9.9506 0.00010306 4.3505e-05
10.009 0.00022313 7.1266e-05
10.067 0.00017939 6.1799e-05
10.125 0.00016252 5.7747e-05
10.183 0.00016324 5.8002e-05
10.241 0.00013287 5.0849e-05
10.299 0.00023801 7.4448e-05
10.357 0.00023818 7.4504e-05
10.415 8.7492e-05 3.9324e-05
10.473 0.00010341 4.3652e-05
10.531 0.00022394 7.1525e-05
10.589 0.00019309 6.4696e-05
10.647 0.00016161 5.7422e-05
10.705 0.00020786 6.7921e-05
10.763 0.00010388 4.3852e-05
10.821 8.8697e-05 3.9865e-05
10.879 0.00013128 5.0239e-05
10.937 7.3926e-05 3.5863e-05
10.995 0.00014716 5.4138e-05
11.053 0.00016066 5.7084e-05
11.111 0.00014669 5.3964e-05
11.169 0.00014736 5.4211e-05
11.227 0.00013292 5.0868e-05
11.285 0.00013293 5.087e-05
11.343 0.00013177 5.0427e-05
11.401 0.00020473 6.6897e-05
11.459 0.00016303 5.7926e-05
11.517 0.00019054 6.3844e-05
11.575 0.00017589 6.0595e-05
11.633 8.809e-05 3.9592e-05
11.691 7.36e-05 3.5705e-05
11.749 0.0001477 5.4337e-05
11.807 0.00018944 6.3475e-05
11.865 8.8733e-05 3.9881e-05
11.923 0.00013325 5.0993e-05
11.981 0.00021885 6.9897e-05
12.039 0.00010269 4.335e-05
12.097 0.00013133 5.0257e-05
12.155 0.00016305 5.7934e-05
12.213 5.8521e-05 3.1261e-05
12.271 0.00013079 5.0054e-05
12.329 0.00019115 6.4047e-05
12.388 4.404e-05 2.6741e-05
12.446 8.7348e-05 3.9259e-05
12.504 0.00015901 5.6499e-05
12.562 0.00017337 5.9725e-05
12.62 5.8412e-05 3.1203e-05
12.678 0.00011588 4.6402e-05
12.736 0.00015789 5.61e-05
12.794 0.00012949 4.9556e-05
12.852 0.00015936 5.6623e-05
12.91 0.00020075 6.5596e-05
12.968 0.00011478 4.5961e-05
13.026 0.00018758 6.2851e-05
13.084 0.00015758 5.5992e-05
13.142 0.00020074 6.5594e-05
13.2 0.00018583 6.2263e-05
13.258 0.0001875 6.2824e-05
13.316 0.00012972 4.9643e-05
13.374 0.00011469 4.5923e-05
13.432 9.9602e-05 4.2046e-05
13.49 0.0001003 4.2339e-05
13.548 0.00017242 5.9397e-05
13.606 0.00020035 6.5465e-05
13.664 0.00017091 5.8879e-05
13.722 0.00017251 5.9429e-05
13.78 0.00011484 4.5983e-05
13.838 0.00011442 4.5818e-05
13.896 0.00017215 5.9303e-05
13.954 0.00021406 6.8369e-05
14.012 0.00014344 5.2772e-05
14.07 0.00020012 6.5392e-05
14.128 0.00015634 5.555e-05
14.186 0.00018553 6.2165e-05
14.244 0.00011411 4.5691e-05
14.302 0.00014245 5.2406e-05
14.36 0.0001414 5.202e-05
14.418 0.00012772 4.8877e-05
14.476 0.00011291 4.5214e-05
14.534 0.00014162 5.21e-05
14.592 0.00019807 6.472e-05
14.65 8.5171e-05 3.8281e-05
14.708 0.00020083 6.5623e-05
14.766 0.00019942 6.5161e-05
14.824 0.00014017 5.1567e-05
14.882 0.00019943 6.5165e-05
14.94 5.6743e-05 3.0311e-05
14.998 0.00015429 5.4822e-05
15.056 0.00019444 6.3535e-05
15.114 0.00014122 5.1953e-05
15.173 0.00016907 5.8245e-05
15.231 8.4582e-05 3.8016e-05
15.289 0.00011099 4.4445e-05
15.347 0.00018288 6.1277e-05
15.405 0.00019678 6.43e-05
15.463 0.0001116 4.4689e-05
15.521 0.00015309 5.4397e-05
15.579 0.00014007 5.1529e-05
15.637 0.00015398 5.4713e-05
15.695 0.00015295 5.4345e-05
15.753 6.909e-05 3.3517e-05
15.811 0.00013873 5.1038e-05
15.869 0.00013986 5.1454e-05
15.927 9.6469e-05 4.0723e-05
15.985 0.00023517 7.2167e-05
16.043 8.2862e-05 3.7243e-05
16.101 9.7382e-05 4.1109e-05
16.159 0.00026447 7.8443e-05
16.217 0.00015154 5.3844e-05
16.275 0.00015224 5.4094e-05
16.333 8.2838e-05 3.7232e-05
16.391 0.00011055 4.4268e-05
16.449 8.1709e-05 3.6725e-05
16.507 8.2386e-05 3.7029e-05
16.565 0.00015102 5.3659e-05
16.623 6.8229e-05 3.31e-05
16.681 0.00017689 5.9269e-05
16.739 0.00012179 4.6607e-05
16.797 0.00010935 4.3785e-05
16.855 9.4872e-05 4.0049e-05
16.913 0.00010742 4.3014e-05
16.971 8.1295e-05 3.6538e-05
17.029 0.00020435 6.5268e-05
17.087 0.00017561 5.8839e-05
17.145 5.3592e-05 2.8628e-05
17.203 0.00023023 7.0648e-05
17.261 0.00014932 5.3055e-05
17.319 0.00016205 5.5824e-05
17.377 0.00012026 4.6021e-05
17.435 0.00017381 5.8237e-05
17.493 0.00010822 4.3333e-05
17.551 5.3634e-05 2.865e-05
17.609 0.00013256 4.8766e-05
17.667 0.00012052 4.6121e-05
17.725 0.00021337 6.6741e-05
17.783 0.00010656 4.2671e-05
17.841 0.00013294 4.8906e-05
17.9 0.00022499 6.9042e-05
17.958 0.00021288 6.6588e-05
18.016 7.9005e-05 3.5509e-05
18.074 0.00015646 5.3899e-05
18.132 0.00015859 5.4632e-05
18.19 0.00017095 5.7277e-05
18.248 0.00013156 4.84e-05
18.306 0.00011704 4.479e-05
18.364 0.00015784 5.4376e-05
18.422 5.2388e-05 2.7985e-05
18.48 0.00015663 5.396e-05
18.538 0.00016954 5.6808e-05
18.596 0.00018076 5.9066e-05
18.654 0.0001308 4.8121e-05
18.712 0.00019603 6.2609e-05
18.77 7.7595e-05 3.4875e-05
18.828 6.4842e-05 3.1456e-05
18.886 0.00015656 5.3935e-05
18.944 0.00016755 5.6139e-05
19.002 0.0001281 4.7126e-05
19.06 0.00014138 5.0236e-05
19.118 0.00016732 5.6062e-05
19.176 0.00016639 5.575e-05
19.234 0.00015351 5.2885e-05
19.292 0.0001142 4.3702e-05
19.35 0.00010202 4.0853e-05
19.408 0.00012751 4.6909e-05
19.466 8.7887e-05 3.71e-05
19.524 0.00015244 5.2514e-05
19.582 0.00011434 4.3756e-05
19.64 0.00015128 5.2117e-05
19.698 7.5349e-05 3.3866e-05
19.756 0.00012509 4.6021e-05
19.814 0.00017792 5.8139e-05
19.872 8.7403e-05 3.6896e-05
19.93 0.00014975 5.1588e-05
19.988 0.00012476 4.5899e-05
20.046 4.9794e-05 2.6599e-05
20.104 0.00013655 4.8521e-05
20.162 0.00013559 4.8176e-05
20.22 9.9752e-05 3.9944e-05
20.278 9.9564e-05 3.9868e-05
20.336 9.8942e-05 3.9619e-05
20.394 0.00013488 4.7926e-05
20.452 9.786e-05 3.9186e-05
20.51 0.00012451 4.5805e-05
20.568 0.00011058 4.2318e-05
20.626 4.8321e-05 2.5812e-05
20.685 0.00010826 4.1429e-05
20.743 8.4853e-05 3.582e-05
20.801 0.00012118 4.4581e-05
20.859 0.0001679 5.4863e-05
20.917 0.00012049 4.4328e-05
20.975 0.00019136 5.9857e-05
21.033 0.00010824 4.1425e-05
21.091 0.00015417 5.1657e-05
21.149 7.1432e-05 3.2106e-05
21.207 0.00015534 5.2049e-05
21.265 9.5019e-05 3.8048e-05
21.323 0.00010574 4.0465e-05
21.381 0.00011848 4.3587e-05
21.439 0.00016613 5.4284e-05
21.497 0.0001882 5.8868e-05
21.555 0.00012867 4.5718e-05
21.613 0.0001051 4.0222e-05
21.671 0.00015191 5.0898e-05
21.729 0.00013907 4.7908e-05
21.787 0.00019753 6.0615e-05
21.845 8.0491e-05 3.3979e-05
21.903 0.00013791 4.7508e-05
21.961 0.00014873 4.9833e-05
22.019 0.00010167 3.8907e-05
22.077 0.00017009 5.4325e-05
22.135 0.00011325 4.1664e-05
22.193 0.00011187 4.1157e-05
22.251 0.00013361 4.6027e-05
22.309 7.8878e-05 3.3297e-05
22.367 0.0001125 4.1389e-05
22.425 0.00011204 4.1217e-05
22.483 0.00012174 4.3255e-05
22.541 0.00015621 5.1044e-05
22.599 7.8223e-05 3.3021e-05
22.657 0.00018829 5.778e-05
22.715 0.00013132 4.524e-05
22.773 8.8363e-05 3.5383e-05
22.831 0.00015497 5.0637e-05
22.889 7.6181e-05 3.2159e-05
22.947 0.00011873 4.2186e-05
23.005 0.00017357 5.4292e-05
23.063 0.00012965 4.4664e-05
23.121 0.00017267 5.4011e-05
23.179 0.00014951 4.8854e-05
23.237 0.0001814 5.5667e-05
23.295 0.00010623 3.9079e-05
23.353 0.00012642 4.355e-05
23.412 0.00017934 5.5035e-05
23.47 0.00014669 4.7933e-05
23.528 0.00017838 5.4738e-05
23.586 0.00016642 5.2056e-05
23.644 0.00012445 4.2874e-05
23.702 0.00011401 4.0509e-05
23.76 0.00014404 4.7068e-05
23.818 0.00017363 5.3282e-05
23.876 0.0001927 5.7155e-05
23.934 0.00015206 4.8567e-05
23.992 8.0933e-05 3.2408e-05
24.05 0.00019114 5.6693e-05
24.108 0.00013927 4.5508e-05
24.166 0.00011977 4.1261e-05
24.224 0.000149 4.7588e-05
24.282 0.00018714 5.5506e-05
24.34 0.00013671 4.4671e-05
24.398 0.00016673 5.1162e-05
24.456 0.00013689 4.4731e-05
24.514 0.00014489 4.6276e-05
24.572 0.00013425 4.3868e-05
24.63 0.00015381 4.8112e-05
24.688 0.00010532 3.7424e-05
24.746 0.00014236 4.5467e-05
24.804 0.00022417 6.2208e-05
24.862 0.00011271 3.8827e-05
24.92 0.00013088 4.2767e-05
24.978 0.00014745 4.6122e-05
25.036 9.1367e-05 3.3613e-05
25.094 9.1594e-05 3.3696e-05
25.152 0.00017312 5.1348e-05
25.21 0.00010794 3.7184e-05
25.268 8.097e-05 3.0987e-05
25.326 0.00010733 3.6974e-05
25.384 9.7627e-05 3.4689e-05
25.442 0.00015038 4.6147e-05
25.5 0.00014905 4.5739e-05
25.558 8.6665e-05 3.1883e-05
25.616 6.0842e-05 2.5684e-05
25.674 8.6019e-05 3.1646e-05
25.732 0.00011839 3.8685e-05
25.79 6.7478e-05 2.702e-05
25.848 0.00011755 3.8411e-05
25.906 0.00013313 4.1644e-05
25.964 0.00014781 4.4565e-05
26.022 0.000157 4.6567e-05
26.08 0.00015509 4.6001e-05
26.138 0.0001142 3.7315e-05
26.197 0.00014534 4.3819e-05
26.255 0.0001529 4.5351e-05
26.313 0.00012867 4.0248e-05
26.371 0.00010315 3.4562e-05
26.429 9.4309e-05 3.2489e-05
26.487 3.8948e-05 1.8895e-05
26.545 9.2953e-05 3.2022e-05
26.603 0.00015259 4.4578e-05
26.661 0.00012757 3.9148e-05
26.719 9.0115e-05 3.1044e-05
26.777 0.00013403 4.0409e-05
26.835 0.00012495 3.8342e-05
26.893 8.6727e-05 2.9877e-05
26.951 0.00015127 4.357e-05
27.009 0.00017775 4.879e-05
27.067 0.00011916 3.6567e-05
27.125 0.00012442 3.7512e-05
27.183 8.7723e-05 2.9393e-05
27.241 0.00014072 4.0531e-05
27.299 0.00012566 3.727e-05
27.357 0.00017526 4.7152e-05
27.415 0.00018142 4.836e-05
27.473 0.00012197 3.6178e-05
27.531 0.00013299 3.8306e-05
27.589 0.00019396 5.0431e-05
27.647 0.00013534 3.8469e-05
27.705 9.0686e-05 2.8964e-05
27.763 0.00011247 3.3359e-05
27.821 0.0001159 3.386e-05
27.879 0.00015318 4.1211e-05
27.937 0.0001676 4.392e-05
27.995 0.00018018 4.6165e-05
28.053 0.00014415 3.8781e-05
28.111 0.00014826 3.952e-05
28.169 0.00012391 3.4385e-05
28.227 0.0001268 3.4805e-05
28.285 0.00011915 3.3065e-05
28.343 0.00012558 3.4116e-05
28.401 0.00011927 3.2737e-05
28.459 0.00011487 3.1531e-05
28.517 0.00012984 3.4309e-05
28.575 0.00014747 3.7525e-05
28.633 0.00010361 2.844e-05
28.691 0.00016538 4.0222e-05
28.749 0.00014887 3.6569e-05
28.807 0.00012974 3.2595e-05
28.865 0.00015507 3.7368e-05
28.924 0.00011495 2.925e-05
28.982 0.0001212 3.0097e-05
29.04 0.00014384 3.4092e-05
29.098 0.00014321 3.3455e-05
29.156 0.00011743 2.7943e-05
29.214 0.00010267 2.443e-05
29.272 0.00012295 2.7566e-05
29.33 0.00012265 2.6873e-05
29.388 0.00012326 2.5486e-05
29.446 0.00013224 2.7433e-05
29.504 0 1
29.562 0 1
29.62 0 1
29.678 0 1
