-29.678 0 1
-29.62 0 1
-29.562 0 1
-29.504 0.00031505 6.023e-05
-29.446 0.0002949 5.6333e-05
-29.388 0.00032254 6.2455e-05
-29.33 0.00028062 5.5094e-05
-29.272 0.00030601 6.0293e-05
-29.214 0.00033254 6.5724e-05
-29.156 0.00033024 6.5728e-05
-29.098 0.00029406 5.9322e-05
-29.04 0.00029836 6.0418e-05
-28.982 0.00036285 7.269e-05
-28.924 0.00035668 7.1737e-05
-28.865 0.00028517 5.859e-05
-28.807 0.0003581 7.2446e-05
-28.749 0.00032397 6.6344e-05
-28.691 0.00031327 6.4639e-05
-28.633 0.00034368 7.0565e-05
-28.575 0.00032788 6.7754e-05
-28.517 0.00030969 6.4523e-05
-28.459 0.00031245 6.5276e-05
-28.401 0.00031288 6.549e-05
-28.343 0.00027125 5.7864e-05
-28.285 0.00031474 6.628e-05
-28.227 0.00034092 7.1291e-05
-28.169 0.00033932 7.1164e-05
-28.111 0.00028701 6.1389e-05
-28.053 0.00038202 7.9387e-05
-27.995 0.00033283 7.0318e-05
-27.937 0.00031211 6.6495e-05
-27.879 0.00029469 6.3386e-05
-27.821 0.00028364 6.1481e-05
-27.763 0.00034698 7.3563e-05
-27.705 0.00031114 6.6924e-05
-27.647 0.00032168 6.9092e-05
-27.589 0.00032134 6.9119e-05
-27.531 0.00027615 6.0832e-05
-27.473 0.00038044 8.0469e-05
-27.415 0.00029594 6.47e-05
-27.357 0.00025942 5.7887e-05
-27.299 0.00033966 7.3166e-05
-27.241 0.00025238 5.672e-05
-27.183 0.00030468 6.6732e-05
-27.125 0.00035928 7.7168e-05
-27.067 0.00031428 6.8834e-05
-27.009 0.00025362 5.7446e-05
-26.951 0.00037666 8.0785e-05
-26.893 0.00029194 6.4995e-05
-26.835 0.00028742 6.4284e-05
-26.777 0.00021855 5.1276e-05
-26.719 0.00030516 6.7786e-05
-26.661 0.00026369 6.006e-05
-26.603 0.00027697 6.2735e-05
-26.545 0.00033323 7.3406e-05
-26.487 0.00030419 6.8034e-05
-26.429 0.00034033 7.4971e-05
-26.371 0.00035696 7.8181e-05
-26.313 0.00028247 6.4157e-05
-26.255 0.00032027 7.13e-05
-26.197 0.00026912 6.1659e-05
-26.138 0.00035947 7.888e-05
-26.08 0.00035738 7.8572e-05
-26.022 0.0002643 6.0936e-05
-25.964 0.00033116 7.3726e-05
-25.906 0.00031238 7.0385e-05
-25.848 0.00030281 6.8587e-05
-25.79 0.00030479 6.9035e-05
-25.732 0.00027611 6.3659e-05
-25.674 0.00032579 7.3219e-05
-25.616 0.0002644 6.158e-05
-25.558 0.00032772 7.3653e-05
-25.5 0.00035303 7.8594e-05
-25.442 0.00038632 8.4934e-05
-25.384 0.0002916 6.7018e-05
-25.326 0.00035116 7.8355e-05
-25.268 0.00028428 6.5758e-05
-25.21 0.00027709 6.4537e-05
-25.152 0.00031003 7.0821e-05
-25.094 0.0002887 6.6779e-05
-25.036 0.00032397 7.3583e-05
-24.978 0.00042388 9.2503e-05
-24.92 0.0003046 7.0005e-05
-24.862 0.00028859 6.698e-05
-24.804 0.0003829 8.5054e-05
-24.746 0.00036775 8.225e-05
-24.688 0.00026556 6.2796e-05
-24.63 0.0002834 6.6244e-05
-24.572 0.00033266 7.5769e-05
-24.514 0.00026648 6.3272e-05
-24.456 0.00019213 4.8962e-05
-24.398 0.00030313 7.0355e-05
-24.34 0.0003119 7.2147e-05
-24.282 0.00025377 6.1059e-05
-24.224 0.0002828 6.6606e-05
-24.166 0.00020149 5.0994e-05
-24.108 0.00036539 8.2541e-05
-24.05 0.00025967 6.2478e-05
-23.992 0.00023643 5.8047e-05
-23.934 0.00030671 7.1434e-05
-23.876 0.00031594 7.3328e-05
-23.818 0.00027498 6.557e-05
-23.76 0.00031971 7.4204e-05
-23.702 0.00032533 7.5253e-05
-23.644 0.00029668 6.9874e-05
-23.586 0.00024242 5.9519e-05
-23.528 0.00039659 8.8912e-05
-23.47 0.00036765 8.3503e-05
-23.412 0.00030489 7.1532e-05
-23.353 0.00030836 7.2347e-05
-23.295 0.00025753 6.2568e-05
-23.237 0.00025743 6.2545e-05
-23.179 0.00035316 8.0914e-05
-23.121 0.00034429 7.9379e-05
-23.063 0.00023459 5.8255e-05
-23.005 0.00034762 7.9891e-05
-22.947 0.00033156 7.6954e-05
-22.889 0.00036161 8.2851e-05
-22.831 0.00039969 9.0057e-05
-22.773 0.00026251 6.3778e-05
-22.715 0.00028722 6.8792e-05
-22.657 0.00027545 6.6591e-05
-22.599 0.00026098 6.3734e-05
-22.541 0.00027979 6.7321e-05
-22.483 0.00030351 7.2065e-05
-22.425 0.00024493 6.0822e-05
-22.367 0.00035778 8.2488e-05
-22.309 0.00030464 7.2334e-05
-22.251 0.00025499 6.2955e-05
-22.193 0.00030902 7.3374e-05
-22.135 0.00028861 6.9444e-05
-22.077 0.00032233 7.5915e-05
-22.019 0.00033822 7.9058e-05
-21.961 0.00034789 8.1025e-05
-21.903 0.0003193 7.5502e-05
-21.845 0.00037599 8.6413e-05
-21.787 0.00032097 7.5898e-05
-21.729 0.00031782 7.5461e-05
-21.671 0.00028191 6.8491e-05
-21.613 0.00035798 8.3086e-05
-21.555 0.00031109 7.4179e-05
-21.497 0.00027269 6.6951e-05
-21.439 0.00021721 5.618e-05
-21.381 0.00023519 5.9521e-05
-21.323 0.00028045 6.8487e-05
-21.265 0.00030963 7.4159e-05
-21.207 0.00028766 6.9888e-05
-21.149 0.00032141 7.6315e-05
-21.091 0.00029599 7.1558e-05
-21.033 0.00025532 6.3786e-05
-20.975 0.00031963 7.6218e-05
-20.917 0.00033974 8.0018e-05
-20.859 0.00027752 6.8136e-05
-20.801 0.00023585 6.0103e-05
-20.743 0.00025685 6.4169e-05
-20.685 0.00034264 8.0699e-05
-20.626 0.00030167 7.2931e-05
-20.568 0.00032509 7.7519e-05
-20.51 0.00035907 8.393e-05
-20.452 0.00032431 7.7333e-05
-20.394 0.00031723 7.598e-05
-20.336 0.00029208 7.1327e-05
-20.278 0.0003934 9.07e-05
-20.22 0.00028249 6.9357e-05
-20.162 0.00037217 8.668e-05
-20.104 0.00026393 6.5939e-05
-20.046 0.00027985 6.9091e-05
-19.988 0.00035209 8.2926e-05
-19.93 0.00022026 5.7424e-05
-19.872 0.00034148 8.108e-05
-19.814 0.00024372 6.2109e-05
-19.756 0.00033192 7.9148e-05
-19.698 0.00034145 8.1073e-05
-19.64 0.00022499 5.8658e-05
-19.582 0.00032132 7.7312e-05
-19.524 0.00028138 6.947e-05
-19.466 0.00025444 6.4394e-05
-19.408 0.00036013 8.4819e-05
-19.35 0.00026329 6.6193e-05
-19.292 0.00029955 7.3151e-05
-19.234 0.00036838 8.6428e-05
-19.176 0.00033471 8.0167e-05
-19.118 0.00030199 7.3749e-05
-19.06 0.0002324 6.0109e-05
-19.002 0.00027299 6.8201e-05
-18.944 0.00031982 7.7319e-05
-18.886 0.00040421 9.3499e-05
-18.828 0.00034787 8.2597e-05
-18.77 0.00028245 7.0138e-05
-18.712 0.00026787 6.7347e-05
-18.654 0.00034187 8.152e-05
-18.596 0.00029662 7.2826e-05
-18.538 0.00029219 7.2138e-05
-18.48 0.00040067 9.2994e-05
-18.422 0.0003009 7.3875e-05
-18.364 0.00026738 6.7222e-05
-18.306 0.00027697 6.9196e-05
-18.248 0.0003338 8.0315e-05
-18.19 0.00026518 6.7113e-05
-18.132 0.00029415 7.2622e-05
-18.074 0.00023338 6.0844e-05
-18.016 0.00035487 8.462e-05
-17.958 0.00029704 7.3336e-05
-17.9 0.00031984 7.7707e-05
-17.841 0.00025843 6.5856e-05
-17.783 0.0004322 9.933e-05
-17.725 0.00030588 7.5099e-05
-17.667 0.0002502 6.4223e-05
-17.609 0.00028539 7.1298e-05
-17.551 0.00034112 8.2078e-05
-17.493 0.00029021 7.2067e-05
-17.435 0.00024583 6.3582e-05
-17.377 0.00035505 8.4662e-05
-17.319 0.00030967 7.6029e-05
-17.261 0.00028894 7.2187e-05
-17.203 0.00025226 6.4753e-05
-17.145 0.00027908 7.0166e-05
-17.087 0.00026457 6.7421e-05
-17.029 0.00027212 6.8869e-05
-16.971 0.00034082 8.2004e-05
-16.913 0.00039223 9.2025e-05
-16.855 0.00028255 7.1037e-05
-16.797 0.00038419 9.0485e-05
-16.739 0.0002791 7.017e-05
-16.681 0.00025724 6.6031e-05
-16.623 0.00033763 8.1626e-05
-16.565 0.00030661 7.5699e-05
-16.507 0.00029845 7.4113e-05
-16.449 0.00025695 6.5954e-05
-16.391 0.00033452 8.1273e-05
-16.333 0.00031378 7.7038e-05
-16.275 0.00032965 8.009e-05
-16.217 0.00026689 6.8014e-05
-16.159 0.00027688 7.0073e-05
-16.101 0.00030655 7.5683e-05
-16.043 0.00031663 7.7738e-05
-15.985 0.00042064 9.7628e-05
-15.927 0.00036184 8.6665e-05
-15.869 0.00028576 7.1845e-05
-15.811 0.00021816 5.8407e-05
-15.753 0.0002614 6.7099e-05
-15.695 0.00030214 7.5028e-05
-15.637 0.00023643 6.216e-05
-15.579 0.0003188 7.8271e-05
-15.521 0.00033627 8.17e-05
-15.463 0.00025476 6.5892e-05
-15.405 0.00030571 7.5914e-05
-15.347 0.0003121 7.7054e-05
-15.289 0.00030601 7.599e-05
-15.231 0.00029166 7.3328e-05
-15.173 0.00017327 4.9695e-05
-15.114 0.00032886 8.031e-05
-15.056 0.0002564 6.6315e-05
-14.998 0.00024222 6.3683e-05
-14.94 0.00040638 9.5343e-05
-14.882 0.00028862 7.2563e-05
-14.824 0.00031595 7.8005e-05
-14.766 0.0004185 9.7823e-05
-14.708 0.00029792 7.443e-05
-14.65 0.00032086 7.8777e-05
-14.592 0.00030769 7.6406e-05
-14.534 0.00024184 6.3582e-05
-14.476 0.00025911 6.7017e-05
-14.418 0.00039511 9.3058e-05
-14.36 0.0002835 7.1748e-05
-14.302 0.0002939 7.3891e-05
-14.244 0.00024114 6.3397e-05
-14.186 0.00030921 7.6785e-05
-14.128 0.00031851 7.8636e-05
-14.07 0.00028743 7.2742e-05
-14.012 0.00030235 7.5537e-05
-13.954 0.00031838 7.8605e-05
-13.896 0.00033569 8.1977e-05
-13.838 0.00028776 7.2827e-05
-13.78 0.00034632 8.414e-05
-13.722 0.00031901 7.8759e-05
-13.664 0.00033963 8.2941e-05
-13.606 0.00033142 8.1368e-05
-13.548 0.00034448 8.3694e-05
-13.49 0.00042987 0.00010012
-13.432 0.00026334 6.8111e-05
-13.374 0.00038293 9.1312e-05
-13.316 0.00040737 9.5946e-05
-13.258 0.00028679 7.258e-05
-13.2 0.00038255 9.1221e-05
-13.142 0.00029016 7.3432e-05
-13.084 0.00025318 6.6006e-05
-13.026 0.00027964 7.1263e-05
-12.968 0.00032121 7.9303e-05
-12.91 0.00034246 8.3632e-05
-12.852 0.00028713 7.2667e-05
-12.794 0.00030631 7.6526e-05
-12.736 0.00022302 6.0297e-05
-12.678 0.00026546 6.8659e-05
-12.62 0.00028158 7.1755e-05
-12.562 0.00041662 9.7747e-05
-12.504 0.00027182 6.9773e-05
-12.446 0.00029353 7.4287e-05
-12.388 0.0002734 7.0177e-05
-12.329 0.00035023 8.509e-05
-12.271 0.00030079 7.5622e-05
-12.213 0.00025092 6.597e-05
-12.155 0.00025572 6.6668e-05
-12.097 0.00029241 7.4002e-05
-12.039 0.00034273 8.3696e-05
-11.981 0.00020742 5.7296e-05
-11.923 0.00046673 0.00010761
-11.865 0.00033414 8.2037e-05
-11.807 0.00033893 8.3213e-05
-11.749 0.00033694 8.2724e-05
-11.691 0.00024732 6.5023e-05
-11.633 0.0003264 8.0583e-05
-11.575 0.00027596 7.0835e-05
-11.517 0.00035496 8.624e-05
-11.459 0.00030051 7.5553e-05
-11.401 0.00025977 6.7724e-05
-11.343 0.00023303 6.2386e-05
-11.285 0.00038296 9.1722e-05
-11.227 0.0004074 9.6335e-05
-11.169 0.00044874 0.00010415
-11.111 0.00034783 8.4943e-05
-11.053 0.00037479 9.0178e-05
-10.995 0.00027844 7.147e-05
-10.937 0.00034433 8.4088e-05
-10.879 0.0002769 7.1076e-05
-10.821 0.00023649 6.3313e-05
-10.763 0.0002873 7.3215e-05
-10.705 0.00030265 7.6089e-05
-10.647 0.00034801 8.4988e-05
-10.589 0.00040397 9.5917e-05
-10.531 0.00040205 9.5461e-05
-10.473 0.00022412 6.0595e-05
-10.415 0.00030706 7.72e-05
-10.357 0.00031544 7.8807e-05
-10.299 0.00032016 7.9504e-05
-10.241 0.00033392 8.2441e-05
-10.183 0.00032131 7.9788e-05
-10.125 0.00038763 9.2841e-05
-10.067 0.00033377 8.2404e-05
-10.009 0.00031267 7.8114e-05
-9.9506 0.00035817 8.7019e-05
-9.8926 0.00027039 6.9933e-05
-9.8346 0.00036984 8.9411e-05
-9.7766 0.00025327 6.6587e-05
-9.7185 0.00036488 8.8213e-05
-9.6605 0.00025805 6.7843e-05
-9.6025 0.00027162 7.0252e-05
-9.5445 0.00024455 6.4864e-05
-9.4864 0.00024578 6.5192e-05
-9.4284 0.00028257 7.2531e-05
-9.3704 0.00037926 9.1254e-05
-9.3124 0.00039189 9.3446e-05
-9.2544 0.00040217 9.5491e-05
-9.1963 0.00032298 8.0691e-05
-9.1383 0.00023576 6.3119e-05
-9.0803 0.00037064 8.9605e-05
-9.0223 0.00023821 6.3773e-05
-8.9643 0.0003763 9.0974e-05
-8.9062 0.00041776 9.8392e-05
-8.8482 0.00036283 8.8153e-05
-8.7902 0.00036 8.7464e-05
-8.7322 0.00031282 7.8648e-05
-8.6742 0.0003008 7.6126e-05
-8.6161 0.00038457 9.2108e-05
-8.5581 0.00041059 9.7489e-05
-8.5001 0.00034322 8.4265e-05
-8.4421 0.00029728 7.5235e-05
-8.384 0.00031845 7.9558e-05
-8.326 0.0003953 9.426e-05
-8.268 0.00035409 8.6471e-05
-8.21 0.00034773 8.5375e-05
-8.152 0.00033309 8.2235e-05
-8.0939 0.00036012 8.7492e-05
-8.0359 0.00039044 9.3515e-05
-7.9779 0.00038103 9.168e-05
-7.9199 0.00034574 8.4885e-05
-7.8619 0.00026424 6.889e-05
-7.8038 0.00040249 9.5975e-05
-7.7458 0.0003271 8.1226e-05
-7.6878 0.0003637 8.8362e-05
-7.6298 0.00033883 8.3652e-05
-7.5718 0.00033306 8.2707e-05
-7.5137 0.0003557 8.6864e-05
-7.4557 0.00040649 9.6517e-05
-7.3977 0.000324 8.0946e-05
-7.3397 0.0004054 9.6668e-05
-7.2816 0.00033186 8.2409e-05
-7.2236 0.00035115 8.5753e-05
-7.1656 0.0003452 8.5225e-05
-7.1076 0.00037157 9.0275e-05
-7.0496 0.00034486 8.467e-05
-6.9915 0.00043763 0.00010268
-6.9335 0.00044879 0.0001049
-6.8755 0.00031069 7.8111e-05
-6.8175 0.00037721 9.1194e-05
-6.7595 0.00034797 8.5432e-05
-6.7014 0.00044227 0.00010338
-6.6434 0.00043214 0.00010219
-6.5854 0.0004133 9.773e-05
-6.5274 0.00033472 8.3118e-05
-6.4694 0.00035889 8.7195e-05
-6.4113 0.00042388 0.00010064
-6.3533 0.00037359 9.0318e-05
-6.2953 0.00044032 0.00010331
-6.2373 0.00037486 9.0194e-05
-6.1792 0.0004347 0.00010279
-6.1212 0.0004735 0.00010917
-6.0632 0.0005493 0.00012409
-6.0052 0.00033607 8.3453e-05
-5.9472 0.00044597 0.00010424
-5.8891 0.00048666 0.0001122
-5.8311 0.00041357 9.8198e-05
-5.7731 0.00053476 0.0001208
-5.7151 0.00050217 0.00011578
-5.6571 0.00042705 0.00010019
-5.599 0.00042773 0.00010074
-5.541 0.00044143 0.00010397
-5.483 0.00031489 7.9167e-05
-5.425 0.00046828 0.00010832
-5.3669 0.00034684 8.5156e-05
-5.3089 0.00043543 0.00010255
-5.2509 0.00041782 9.9205e-05
-5.1929 0.00037548 9.0344e-05
-5.1349 0.00039546 9.4716e-05
-5.0768 0.00038247 9.2027e-05
-5.0188 0.00053465 0.00012178
-4.9608 0.00043917 0.00010304
-4.9028 0.00050393 0.00011511
-4.8448 0.0004906 0.00011311
-4.7867 0.00038855 9.3062e-05
-4.7287 0.00049068 0.00011277
-4.6707 0.00044551 0.00010452
-4.6127 0.00040612 9.6428e-05
-4.5547 0.00052539 0.00011933
-4.4966 0.00047935 0.00011088
-4.4386 0.00057941 0.0001299
-4.3806 0.00051376 0.00011702
-4.3226 0.00051737 0.00011784
-4.2645 0.00061634 0.00013691
-4.2065 0.00051135 0.00011681
-4.1485 0.00057154 0.00012814
-4.0905 0.00064431 0.00014193
-4.0325 0.0006097 0.00013543
-3.9744 0.00055533 0.00012512
-3.9164 0.0005878 0.00013147
-3.8584 0.00066053 0.00014551
-3.8004 0.00056349 0.00012664
-3.7424 0.00062131 0.00013743
-3.6843 0.00071513 0.00015526
-3.6263 0.00055051 0.00012469
-3.5683 0.00062509 0.00013885
-3.5103 0.0008442 0.00017919
-3.4523 0.00060945 0.00013509
-3.3942 0.00071941 0.00015672
-3.3362 0.00082393 0.00017623
-3.2782 0.00070624 0.00015284
-3.2202 0.00060733 0.00013552
-3.1621 0.0006564 0.00014519
-3.1041 0.00072506 0.00015642
-3.0461 0.0006012 0.00013446
-2.9881 0.00078438 0.00016896
-2.9301 0.00073278 0.00015762
-2.872 0.00072555 0.00015862
-2.814 0.00076013 0.00016281
-2.756 0.00068723 0.00015169
-2.698 0.00080244 0.0001714
-2.64 0.00081607 0.00017431
-2.5819 0.00089321 0.00018915
-2.5239 0.00089877 0.0001901
-2.4659 0.00092264 0.00019515
-2.4079 0.00083606 0.0001779
-2.3499 0.00099303 0.0002069
-2.2918 0.00096448 0.00020497
-2.2338 0.00096048 0.0001991
-2.1758 0.0013561 0.0002777
-2.1178 0.0011035 0.00022737
-2.0597 0.001144 0.00023553
-2.0017 0.0010885 0.00022785
-1.9437 0.0012338 0.00025062
-1.8857 0.0014167 0.00028777
-1.8277 0.0011543 0.00023967
-1.7696 0.0013346 0.00026788
-1.7116 0.0011313 0.0002375
-1.6536 0.0014725 0.00029706
-1.5956 0.0015332 0.00030812
-1.5376 0.0017691 0.00035028
-1.4795 0.0019252 0.0003854
-1.4215 0.0020753 0.00040956
-1.3635 0.0022291 0.00043861
-1.3055 0.0027891 0.00053961
-1.2475 0.0034916 0.00067625
-1.1894 0.0038721 0.000743
-1.1314 0.0044549 0.00085707
-1.0734 0.0055633 0.0010591
-1.0154 0.0067099 0.0012709
-0.95735 0.0075292 0.0014248
-0.89933 0.0088395 0.0016689
-0.84131 0.010502 0.0019769
-0.78328 0.011597 0.002182
-0.72526 0.013375 0.0025126
-0.66724 0.014433 0.0027105
-0.60922 0.014506 0.0027275
-0.5512 0.016273 0.0030553
-0.49318 0.017545 0.0032868
-0.43516 0.017447 0.0032678
-0.37714 0.018052 0.0033831
-0.31912 0.018084 0.0033918
-0.26109 0.017934 0.0033694
-0.20307 0.017592 0.0032944
-0.14505 0.01752 0.0032833
-0.087032 0.016186 0.0030405
-0.029011 0.016482 0.0030902
0.029011 0.014903 0.0028019
0.087032 0.014945 0.0028039
0.14505 0.01178 0.0022128
0.20307 0.010982 0.0020758
0.26109 0.0099122 0.0018708
0.31912 0.0085497 0.0016145
0.37714 0.0068986 0.0013043
0.43516 0.0055535 0.001055
0.49318 0.0044621 0.00085697
0.5512 0.003609 0.00069906
0.60922 0.0030757 0.0005963
0.66724 0.0023251 0.00045527
0.72526 0.0022626 0.00044447
0.78328 0.0021452 0.00042142
0.84131 0.001679 0.00033527
0.89933 0.0019252 0.00038149
0.95735 0.0014982 0.00030014
1.0154 0.0013987 0.00028381
1.0734 0.0014418 0.00029507
1.1314 0.0014014 0.00028284
1.1894 0.0012522 0.00025857
1.2475 0.0014406 0.00028807
1.3055 0.0012542 0.00025701
1.3635 0.00095945 0.00020122
1.4215 0.0010171 0.00021589
1.4795 0.001026 0.00021138
1.5376 0.00098489 0.00020595
1.5956 0.00099004 0.00020684
1.6536 0.00084767 0.00018435
1.7116 0.00082109 0.00017187
1.7696 0.00078802 0.00017167
1.8277 0.0007556 0.00016405
1.8857 0.00074917 0.00015961
1.9437 0.00071864 0.00015895
2.0017 0.00079912 0.00017069
2.0597 0.00086539 0.00018284
2.1178 0.0007285 0.00016048
2.1758 0.00068771 0.00014792
2.2338 0.00069315 0.00015431
2.2918 0.00078123 0.0001671
2.3499 0.00071953 0.00015648
2.4079 0.00053984 0.00012261
2.4659 0.00067706 0.00014886
2.5239 0.00060815 0.00013509
2.5819 0.00053246 0.00012128
2.64 0.0006114 0.00013523
2.698 0.00043078 0.00010318
2.756 0.00045939 0.00010626
2.814 0.0005815 0.00013171
2.872 0.00057022 0.00012724
2.9301 0.00046071 0.00010769
2.9881 0.00040342 9.7066e-05
3.0461 0.00039861 9.4646e-05
3.1041 0.00057647 0.00013022
3.1621 0.00059447 0.00013328
3.2202 0.00051063 0.00011598
3.2782 0.00043513 0.00010289
3.3362 0.00045781 0.00010741
3.3942 0.00053022 0.00012043
3.4523 0.00046756 0.00010815
3.5103 0.00055622 0.00012599
3.5683 0.00042475 0.00010085
3.6263 0.00057036 0.00012818
3.6843 0.00045688 0.00010641
3.7424 0.00048133 0.00011134
3.8004 0.00051387 0.0001181
3.8584 0.00037568 9.1274e-05
3.9164 0.00046391 0.00010805
3.9744 0.00055321 0.00012497
4.0325 0.00043485 0.00010242
4.0905 0.00041149 9.8121e-05
4.1485 0.000357 8.765e-05
4.2065 0.00051661 0.00011836
4.2645 0.00049092 0.00011318
4.3226 0.00042244 9.9891e-05
4.3806 0.00036834 8.9952e-05
4.4386 0.00038736 9.3648e-05
4.4966 0.0004651 0.00010832
4.5547 0.00034862 8.5592e-05
4.6127 0.00035235 8.6991e-05
4.6707 0.00033606 8.3451e-05
4.7287 0.00041866 9.8998e-05
4.7867 0.00038672 9.3492e-05
4.8448 0.00031478 7.914e-05
4.9028 0.00026272 6.9071e-05
4.9608 0.00033459 8.3591e-05
5.0188 0.00029808 7.596e-05
5.0768 0.00034487 8.5145e-05
5.1349 0.00034412 8.4486e-05
5.1929 0.00052791 0.00012059
5.2509 0.00038713 9.3592e-05
5.3089 0.00037053 9.0022e-05
5.3669 0.00026025 6.8421e-05
5.425 0.00029537 7.5817e-05
5.483 0.00033588 8.3914e-05
5.541 0.00036349 8.8767e-05
5.599 0.00047047 0.00010883
5.6571 0.00039153 9.5126e-05
5.7151 0.00037654 9.1031e-05
5.7731 0.00032907 8.2212e-05
5.8311 0.00039934 9.6086e-05
5.8891 0.00045366 0.00010604
5.9472 0.00034523 8.5729e-05
6.0052 0.00021989 6.0739e-05
6.0632 0.00027662 7.1544e-05
6.1212 0.00027424 7.21e-05
6.1792 0.00040477 9.6518e-05
6.2373 0.00023008 6.2856e-05
6.2953 0.00035246 8.6535e-05
6.3533 0.00031136 7.9345e-05
6.4113 0.00035763 8.7337e-05
6.4694 0.00034372 8.5355e-05
6.5274 0.00027726 7.171e-05
6.5854 0.00036816 9.039e-05
6.6434 0.00032053 8.0586e-05
6.7014 0.00039049 9.3956e-05
6.7595 0.00033341 8.3297e-05
6.8175 0.00028122 7.2735e-05
6.8755 0.00030423 7.7529e-05
6.9335 0.00033024 8.2503e-05
6.9915 0.00031673 7.9629e-05
7.0496 0.00027009 7.101e-05
7.1076 0.00026029 6.904e-05
7.1656 0.000343 8.4683e-05
7.2236 0.00032907 8.2211e-05
7.2816 0.00030528 7.7796e-05
7.3397 0.0002949 7.5698e-05
7.3977 0.00022584 6.17e-05
7.4557 0.00038278 9.254e-05
7.5137 0.00029556 7.5867e-05
7.5718 0.00030207 7.6977e-05
7.6298 0.00038337 9.2684e-05
7.6878 0.00029038 7.4537e-05
7.7458 0.00032968 8.2363e-05
7.8038 0.00033516 8.3228e-05
7.8619 0.00020956 5.8569e-05
7.9199 0.00029079 7.4642e-05
7.9779 0.00028358 7.3345e-05
8.0359 0.00026271 6.9068e-05
8.0939 0.00022566 6.1651e-05
8.152 0.00035591 8.7382e-05
8.21 0.00038993 9.3821e-05
8.268 0.0002864 7.3515e-05
8.326 0.00026262 6.9046e-05
8.384 0.00029822 7.5996e-05
8.4421 0.0002719 7.0886e-05
8.5001 0.0003496 8.6311e-05
8.5581 0.00022484 6.1427e-05
8.6161 0.00027391 7.1412e-05
8.6742 0.00030332 7.7297e-05
8.7322 0.00024408 6.5346e-05
8.7902 0.00020963 5.8591e-05
8.8482 0.00027076 7.059e-05
8.9062 0.0002313 6.319e-05
8.9643 0.00023758 6.4234e-05
9.0223 0.00029008 7.446e-05
9.0803 0.00028039 7.2522e-05
9.1383 0.00033433 8.3525e-05
9.1963 0.00019021 5.4552e-05
9.2544 0.00020745 5.7981e-05
9.3124 0.00027178 7.0856e-05
9.3704 0.00035573 8.7338e-05
9.4284 0.00029717 7.5729e-05
9.4864 0.00027 7.0392e-05
9.5445 0.00027292 7.1154e-05
9.6025 0.00027428 7.1508e-05
9.6605 0.00029695 7.5674e-05
9.7185 0.00024314 6.5094e-05
9.7766 0.00031031 7.8534e-05
9.8346 0.00027881 7.2111e-05
9.8926 0.00022517 6.1515e-05
9.9506 0.00037466 9.0578e-05
10.009 0.00025423 6.7433e-05
10.067 0.00027363 7.1337e-05
10.125 0.0002143 5.9198e-05
10.183 0.00027972 7.2347e-05
10.241 0.00039534 9.4688e-05
10.299 0.00025443 6.7484e-05
10.357 0.00024584 6.5816e-05
10.415 0.00029615 7.5468e-05
10.473 0.00023441 6.3378e-05
10.531 0.0002716 7.0808e-05
10.589 0.0002257 6.166e-05
10.647 0.0002667 6.9531e-05
10.705 0.0002615 6.8751e-05
10.763 0.00025351 6.7242e-05
10.821 0.00026002 6.836e-05
10.879 0.00027476 7.1065e-05
10.937 0.0003053 7.7265e-05
10.995 0.00027231 7.0993e-05
11.053 0.0002773 7.1723e-05
11.111 0.00024204 6.4799e-05
11.169 0.00027777 7.1843e-05
11.227 0.00031442 7.905e-05
11.285 0.00019749 5.5892e-05
11.343 0.00025798 6.7824e-05
11.401 0.00037539 9.0752e-05
11.459 0.00031406 7.896e-05
11.517 0.00036865 8.9565e-05
11.575 0.00026696 6.96e-05
11.633 0.00026647 6.9472e-05
11.691 0.00037678 9.1091e-05
11.749 0.00021541 5.9504e-05
11.807 0.00023117 6.25e-05
11.865 0.00027823 7.1962e-05
11.923 0.0002872 7.3721e-05
11.981 0.00022378 6.1135e-05
12.039 0.00029382 7.4876e-05
12.097 0.00022317 6.0971e-05
12.155 0.00029814 7.5976e-05
12.213 0.00022416 6.1241e-05
12.271 0.00023945 6.4105e-05
12.329 0.00032691 8.1179e-05
12.388 0.0002417 6.4708e-05
12.446 0.00025732 6.7652e-05
12.504 0.00031894 7.9682e-05
12.562 0.00030753 7.7316e-05
12.62 0.00027537 7.1223e-05
12.678 0.00027262 7.051e-05
12.736 0.00023741 6.3559e-05
12.794 0.00017642 5.1325e-05
12.852 0.00018459 5.2941e-05
12.91 0.00029661 7.5066e-05
12.968 0.00027174 7.0283e-05
13.026 0.00025226 6.6321e-05
13.084 0.00023754 6.3594e-05
13.142 0.00023593 6.3162e-05
13.2 0.00027882 7.1569e-05
13.258 0.00022651 6.1242e-05
13.316 0.00022916 6.1957e-05
13.374 0.00035094 8.5702e-05
13.432 0.00024538 6.5084e-05
13.49 0.00030391 7.6408e-05
13.548 0.00025309 6.6539e-05
13.606 0.00022866 6.1824e-05
13.664 0.00025128 6.6062e-05
13.722 0.00020074 5.6105e-05
13.78 0.00027083 7.0048e-05
13.838 0.00029746 7.528e-05
13.896 0.00016466 4.8642e-05
13.954 0.00024279 6.4398e-05
14.012 0.00026139 6.8147e-05
14.07 0.00019926 5.5693e-05
14.128 0.00037113 8.9297e-05
14.186 0.00029565 7.4823e-05
14.244 0.00026984 6.9791e-05
14.302 0.00021575 5.8942e-05
14.36 0.00027544 7.0701e-05
14.418 0.0002341 6.2675e-05
14.476 0.00025099 6.5986e-05
14.534 0.0002249 6.0807e-05
14.592 0.00021615 5.9051e-05
14.65 0.00025825 6.733e-05
14.708 0.00021742 5.9398e-05
14.766 0.00033785 8.2947e-05
14.824 0.00029001 7.3395e-05
14.882 0.00026714 6.9093e-05
14.94 0.00029278 7.4096e-05
14.998 0.00024091 6.3899e-05
15.056 0.00021494 5.8721e-05
15.114 0.00021516 5.8783e-05
15.173 0.00025901 6.7527e-05
15.231 0.00020633 5.6994e-05
15.289 0.00022922 6.1366e-05
15.347 0.0001886 5.3373e-05
15.405 0.00031654 7.8605e-05
15.463 0.00022839 6.1144e-05
15.521 0.00033031 8.1096e-05
15.579 0.00030679 7.6646e-05
15.637 0.000231 6.1844e-05
15.695 0.00031292 7.7707e-05
15.753 0.00031192 7.7456e-05
15.811 0.00018587 5.2602e-05
15.869 0.00040094 9.4808e-05
15.927 0.0002442 6.4202e-05
15.985 0.00021921 5.9269e-05
16.043 0.00034481 8.3775e-05
16.101 0.00027121 6.9617e-05
16.159 0.00017649 5.0618e-05
16.217 0.00021005 5.7384e-05
16.275 0.00024415 6.4189e-05
16.333 0.00027774 7.0779e-05
16.391 0.00029136 7.3251e-05
16.449 0.00023315 6.1841e-05
16.507 0.00026782 6.8745e-05
16.565 0.00018388 5.2038e-05
16.623 0.0002178 5.8886e-05
16.681 0.00024695 6.4383e-05
16.739 0.00023997 6.309e-05
16.797 0.00024345 6.4005e-05
16.855 0.00019718 5.4469e-05
16.913 0.00027063 6.8965e-05
16.971 0.00022278 5.9642e-05
17.029 0.00021469 5.8045e-05
17.087 0.00036312 8.697e-05
17.145 0.00031779 7.8023e-05
17.203 0.00032752 7.9984e-05
17.261 0.00029075 7.3099e-05
17.319 0.00020459 5.5895e-05
17.377 0.00028593 7.1886e-05
17.435 0.00029363 7.3357e-05
17.493 0.00023811 6.26e-05
17.551 0.000261 6.6995e-05
17.609 0.00019348 5.3444e-05
17.667 0.00022909 6.0764e-05
17.725 0.00020321 5.5517e-05
17.783 0.00024369 6.3532e-05
17.841 0.0002816 7.0797e-05
17.9 0.00019229 5.3117e-05
17.958 0.00031555 7.7472e-05
18.016 0.00020891 5.6483e-05
18.074 0.00027098 6.8579e-05
18.132 0.00029587 7.3471e-05
18.19 0.00028672 7.163e-05
18.248 0.00029685 7.3715e-05
18.306 0.00021422 5.7352e-05
18.364 0.00024606 6.3642e-05
18.422 0.00031223 7.6658e-05
18.48 0.00021472 5.7486e-05
18.538 0.00028366 7.0868e-05
18.596 0.00029924 7.388e-05
18.654 0.00027828 6.9964e-05
18.712 0.00022253 5.9025e-05
18.77 0.00030568 7.5051e-05
18.828 0.00017302 4.8965e-05
18.886 0.00023625 6.1593e-05
18.944 0.00024254 6.273e-05
19.002 0.0002017 5.4534e-05
19.06 0.00024259 6.2743e-05
19.118 0.00025128 6.4501e-05
19.176 0.00024075 6.2267e-05
19.234 0.00022517 5.9199e-05
19.292 0.00023395 6.0994e-05
19.35 0.00023227 6.0554e-05
19.408 0.00024742 6.3508e-05
19.466 0.00020719 5.5469e-05
19.524 0.00022313 5.8662e-05
19.582 0.00018642 5.1496e-05
19.64 0.00030517 7.4524e-05
19.698 0.00025974 6.5735e-05
19.756 0.00022141 5.8209e-05
19.814 0.00020708 5.5441e-05
19.872 0.00021947 5.7701e-05
19.93 0.00023443 6.0633e-05
19.988 0.00026606 6.6892e-05
20.046 0.00027238 6.8048e-05
20.104 0.00021123 5.6025e-05
20.162 0.00022594 5.8905e-05
20.22 0.00030901 7.5076e-05
20.278 0.00025737 6.5135e-05
20.336 0.00026209 6.5894e-05
20.394 0.00023082 5.97e-05
20.452 0.00024039 6.1705e-05
20.51 0.00027777 6.8977e-05
20.568 0.00024582 6.2643e-05
20.626 0.00021361 5.616e-05
20.685 0.00029515 7.2079e-05
20.743 0.00022778 5.8914e-05
20.801 0.0001998 5.349e-05
20.859 0.00024165 6.158e-05
20.917 0.00020546 5.4496e-05
20.975 0.000285 6.9971e-05
21.033 0.00034235 8.0954e-05
21.091 0.00030308 7.3273e-05
21.149 0.00016063 4.546e-05
21.207 0.00020354 5.3986e-05
21.265 0.00020202 5.3583e-05
21.323 0.00021541 5.616e-05
21.381 0.00026081 6.5158e-05
21.439 0.00031739 7.6018e-05
21.497 0.00028669 7.0013e-05
21.555 0.00025563 6.3865e-05
21.613 0.00024954 6.2738e-05
21.671 0.00027134 6.6991e-05
21.729 0.00026913 6.6445e-05
21.787 0.00029554 7.1448e-05
21.845 0.0002309 5.8841e-05
21.903 0.00031672 7.5522e-05
21.961 0.00025843 6.4175e-05
22.019 0.0002901 7.0134e-05
22.077 0.00030207 7.2348e-05
22.135 0.0002547 6.3248e-05
22.193 0.00021959 5.6366e-05
22.251 0.00027952 6.7911e-05
22.309 0.00021903 5.6222e-05
22.367 0.00028027 6.8094e-05
22.425 0.00020447 5.3307e-05
22.483 0.00020955 5.4197e-05
22.541 0.00022347 5.6947e-05
22.599 0.00023069 5.8383e-05
22.657 0.00025039 6.2179e-05
22.715 0.00021283 5.4629e-05
22.773 0.00018132 4.8543e-05
22.831 0.00026167 6.4243e-05
22.889 0.00024571 6.1017e-05
22.947 0.0002954 7.0438e-05
23.005 0.0001708 4.6178e-05
23.063 0.00025006 6.1736e-05
23.121 0.00027454 6.6373e-05
23.179 0.00018835 4.952e-05
23.237 0.00029058 6.929e-05
23.295 0.00018152 4.8146e-05
23.353 0.00030289 7.1622e-05
23.412 0.00030599 7.2068e-05
23.47 0.0002801 6.7086e-05
23.528 0.00037619 8.5442e-05
23.586 0.00023544 5.8466e-05
23.644 0.00028222 6.7297e-05
23.702 0.00024503 6.0158e-05
23.76 0.00021318 5.3952e-05
23.818 0.00027486 6.5831e-05
23.876 0.00022814 5.6654e-05
23.934 0.00030941 7.2323e-05
23.992 0.00020945 5.3006e-05
24.05 0.00024432 5.9664e-05
24.108 0.00025493 6.1631e-05
24.166 0.00036876 8.3303e-05
24.224 0.00021072 5.2977e-05
24.282 0.00023994 5.8596e-05
24.34 0.00031364 7.2548e-05
24.398 0.0002325 5.7083e-05
24.456 0.00026841 6.4003e-05
24.514 0.00030783 7.1447e-05
24.572 0.00026958 6.4009e-05
24.63 0.00025228 6.07e-05
24.688 0.00021007 5.2483e-05
24.746 0.00027141 6.4178e-05
24.804 0.00030946 7.1349e-05
24.862 0.00024003 5.8029e-05
24.92 0.00024915 5.9674e-05
24.978 0.00027563 6.4668e-05
25.036 0.00021196 5.2329e-05
25.094 0.00028402 6.615e-05
25.152 0.00031134 7.1334e-05
25.21 0.00023039 5.5698e-05
25.268 0.00021167 5.1969e-05
25.326 0.00028281 6.564e-05
25.384 0.00028237 6.5537e-05
25.442 0.00025267 5.9747e-05
25.5 0.00027101 6.312e-05
25.558 0.00030685 6.9891e-05
25.616 0.00023677 5.6457e-05
25.674 0.0003294 7.4031e-05
25.732 0.00027897 6.4318e-05
25.79 0.00034349 7.647e-05
25.848 0.00027572 6.357e-05
25.906 0.00025285 5.9102e-05
25.964 0.00026017 6.0385e-05
26.022 0.00025675 5.9798e-05
26.08 0.00022509 5.3673e-05
26.138 0.00026771 6.1722e-05
26.197 0.00026502 6.1101e-05
26.255 0.00027626 6.3295e-05
26.313 0.00027951 6.3849e-05
26.371 0.0002614 6.0267e-05
26.429 0.00025763 5.9398e-05
26.487 0.00020886 5.0025e-05
26.545 0.00022628 5.3294e-05
26.603 0.00029726 6.6643e-05
26.661 0.00023319 5.4311e-05
26.719 0.00024946 5.7333e-05
26.777 0.00022019 5.1661e-05
26.835 0.00027748 6.2521e-05
26.893 0.00023737 5.4726e-05
26.951 0.00019195 4.5975e-05
27.009 0.00028528 6.3656e-05
27.067 0.00023906 5.4772e-05
27.125 0.00024743 5.6198e-05
27.183 0.00025515 5.7488e-05
27.241 0.0002535 5.7118e-05
27.299 0.00028429 6.2751e-05
27.357 0.0002967 6.4984e-05
27.415 0.00023997 5.4209e-05
27.473 0.00021511 4.9437e-05
27.531 0.00030405 6.6124e-05
27.589 0.00025363 5.6464e-05
27.647 0.00026267 5.8098e-05
27.705 0.00024319 5.4265e-05
27.763 0.00032035 6.8613e-05
27.821 0.0002537 5.5887e-05
27.879 0.00029327 6.3175e-05
27.937 0.00023154 5.1434e-05
27.995 0.00029011 6.2311e-05
28.053 0.00030238 6.4421e-05
28.111 0.00028353 6.0811e-05
28.169 0.00025415 5.509e-05
28.227 0.00028708 6.1162e-05
28.285 0.00031928 6.7027e-05
28.343 0.0002624 5.6201e-05
28.401 0.00023919 5.1682e-05
28.459 0.00026277 5.5913e-05
28.517 0.00026129 5.546e-05
28.575 0.00025781 5.4593e-05
28.633 0.00024215 5.1398e-05
28.691 0.00024039 5.0788e-05
28.749 0.00025919 5.4002e-05
28.807 0.0002988 6.123e-05
28.865 0.00026708 5.5149e-05
28.924 0.0002667 5.4871e-05
28.982 0.00021393 4.4735e-05
29.04 0.00027695 5.6227e-05
29.098 0.00030439 6.1002e-05
29.156 0.0002556 5.1496e-05
29.214 0.00027368 5.4387e-05
29.272 0.00027852 5.4759e-05
29.33 0.00028012 5.4609e-05
29.388 0.0002687 5.1478e-05
29.446 0.00026912 5.1717e-05
29.504 0 1
29.562 0 1
29.62 0 1
29.678 0 1
