-29.678 0 1
-29.62 0 1
-29.562 0 1
-29.504 0.00084442 0.00015414
-29.446 0.00091411 0.00016447
-29.388 0.00077331 0.00014906
-29.33 0.00088518 0.00017151
-29.272 0.0008919 0.00017652
-29.214 0.00091462 0.00018413
-29.156 0.00090392 0.00018579
-29.098 0.00083316 0.00017631
-29.04 0.00096282 0.00020061
-28.982 0.00090382 0.00019258
-28.924 0.00087599 0.00018945
-28.865 0.00097916 0.00020863
-28.807 0.0008347 0.0001853
-28.749 0.0010971 0.00023294
-28.691 0.0007837 0.00018073
-28.633 0.00097598 0.00021564
-28.575 0.00098444 0.00021854
-28.517 0.00090061 0.00020524
-28.459 0.00070616 0.00017268
-28.401 0.00097729 0.00022146
-28.343 0.00095464 0.00021882
-28.285 0.00076286 0.00018655
-28.227 0.00077544 0.00018963
-28.169 0.0007657 0.00018892
-28.111 0.0010032 0.00023136
-28.053 0.00063094 0.00016598
-27.995 0.0008604 0.00020862
-27.937 0.0008711 0.00021122
-27.879 0.00086183 0.00021075
-27.821 0.00078899 0.00019844
-27.763 0.0011018 0.00025571
-27.705 0.00088156 0.00021751
-27.647 0.00080767 0.00020525
-27.589 0.00099698 0.00023978
-27.531 0.00071257 0.0001899
-27.473 0.00087067 0.00021898
-27.415 0.00044046 0.00013857
-27.357 0.00072927 0.00019435
-27.299 0.00087598 0.00022261
-27.241 0.00090396 0.00022735
-27.183 0.00082305 0.0002139
-27.125 0.0009069 0.00023047
-27.067 0.00094975 0.00023887
-27.009 0.00092204 0.00023431
-26.951 0.00069078 0.00019236
-26.893 0.0010899 0.00026653
-26.835 0.00060888 0.00017894
-26.777 0.0010049 0.00025275
-26.719 0.00084081 0.00022407
-26.661 0.0010287 0.00025874
-26.603 0.0010492 0.00026388
-26.545 0.00078635 0.00021558
-26.487 0.00094412 0.00024537
-26.429 0.0011055 0.00027531
-26.371 0.00092311 0.00024285
-26.313 0.00085226 0.00023026
-26.255 0.00069606 0.00020065
-26.197 0.00078012 0.00021724
-26.138 0.0006296 0.00018892
-26.08 0.0010659 0.00027087
-26.022 0.00067117 0.00019724
-25.964 0.00064101 0.00019235
-25.906 0.00085253 0.00023373
-25.848 0.00089958 0.00024305
-25.79 0.00081697 0.0002275
-25.732 0.00082867 0.00023075
-25.674 0.00079262 0.00022443
-25.616 0.0007133 0.00020962
-25.558 0.0008398 0.00023385
-25.5 0.00076627 0.00022089
-25.442 0.00098379 0.00026217
-25.384 0.00072888 0.0002142
-25.326 0.00086247 0.00024017
-25.268 0.00077921 0.00022462
-25.21 0.00092095 0.00025248
-25.152 0.00092269 0.00025296
-25.094 0.00083577 0.00023665
-25.036 0.00092938 0.00025479
-24.978 0.00071514 0.00021459
-24.92 0.00076243 0.00022406
-24.862 0.00049028 0.00016874
-24.804 0.00096235 0.00026383
-24.746 0.0010528 0.00028056
-24.688 0.00064442 0.00020273
-24.63 0.00073944 0.00022188
-24.572 0.0007894 0.00023199
-24.514 0.00051794 0.00017826
-24.456 0.0010813 0.00028815
-24.398 0.00070519 0.00021645
-24.34 0.00090255 0.00025556
-24.282 0.0010065 0.00027593
-24.224 0.00085977 0.00024784
-24.166 0.00095669 0.0002664
-24.108 0.00092236 0.00026117
-24.05 0.0012186 0.00031669
-23.992 0.0010704 0.0002892
-23.934 0.00063893 0.00020651
-23.876 0.00083953 0.00024672
-23.818 0.00049659 0.00017735
-23.76 0.00064094 0.00020716
-23.702 0.00084517 0.00024838
-23.644 0.0010501 0.0002879
-23.586 0.00060687 0.00020208
-23.528 0.00070244 0.00022098
-23.47 0.00090448 0.00026073
-23.412 0.00080775 0.00024238
-23.353 0.00086198 0.00025332
-23.295 0.00096316 0.00027272
-23.237 0.00081842 0.00024558
-23.179 0.00081834 0.00024556
-23.121 0.00061767 0.00020567
-23.063 0.0013441 0.00034531
-23.005 0.00025608 0.00012215
-22.947 0.0005162 0.00018435
-22.889 0.00094033 0.00027107
-22.831 0.00047007 0.00017504
-22.773 0.00072883 0.00022929
-22.715 0.00099735 0.0002824
-22.657 0.0011082 0.00030383
-22.599 0.00047503 0.00017688
-22.541 0.00047601 0.00017725
-22.483 0.00058723 0.0002021
-22.425 0.0010706 0.00029811
-22.367 0.00081 0.00024862
-22.309 0.00075544 0.00023766
-22.251 0.00092238 0.00027107
-22.193 0.0010903 0.0003036
-22.135 0.00075927 0.00023886
-22.077 0.00048706 0.00018136
-22.019 0.0011918 0.00032201
-21.961 0.00055248 0.00019731
-21.903 0.0011509 0.00031553
-21.845 0.0014923 0.00037923
-21.787 0.00094218 0.00027689
-21.729 0.00055691 0.00019889
-21.671 0.0006104 0.00021008
-21.613 0.00077366 0.00024339
-21.555 0.00073051 0.00023611
-21.497 0.00078953 0.00024838
-21.439 0.00096262 0.0002829
-21.381 0.00084482 0.0002593
-21.323 0.00039678 0.00016379
-21.265 0.0010321 0.00029751
-21.207 0.0010165 0.00029302
-21.149 0.00039534 0.00016319
-21.091 0.00096734 0.00028428
-21.033 0.00097429 0.00028632
-20.975 0.00057231 0.00020439
-20.917 0.00063057 0.00021702
-20.859 0.00081103 0.00025515
-20.801 0.00086583 0.00026575
-20.743 0.0009776 0.0002873
-20.685 0.00081036 0.00025494
-20.626 0.00086718 0.00026617
-20.568 0.00058332 0.00020832
-20.51 0.00099138 0.00029135
-20.452 0.00092663 0.00027805
-20.394 0.00081314 0.00025581
-20.336 0.0012907 0.00034873
-20.278 0.00076432 0.00024704
-20.22 0.0008799 0.00027007
-20.162 0.001066 0.0003073
-20.104 0.00082798 0.00026048
-20.046 0.00095228 0.00028575
-19.988 0.00094955 0.00028493
-19.93 0.0011341 0.00032111
-19.872 0.00096766 0.00029037
-19.814 0.0010191 0.00029951
-19.756 0.00089639 0.00027513
-19.698 0.0007758 0.00025075
-19.64 0.0006064 0.00021656
-19.582 0.0010209 0.00030003
-19.524 0.00072436 0.0002412
-19.466 0.0010919 0.00031477
-19.408 0.00078729 0.00025446
-19.35 0.00067373 0.00023187
-19.292 0.00079018 0.0002554
-19.234 0.0010997 0.00031699
-19.176 0.00080216 0.00025927
-19.118 0.0007986 0.00025812
-19.06 0.0010398 0.00030557
-19.002 0.00067479 0.00023224
-18.944 0.00085707 0.00026963
-18.886 0.0004898 0.0001913
-18.828 0.0003056 0.00014578
-18.77 0.00093585 0.00028724
-18.712 0.00049347 0.00019273
-18.654 0.00098519 0.00029562
-18.596 0.00043107 0.00017794
-18.538 0.00074328 0.0002475
-18.48 0.00049989 0.00019524
-18.422 0.00043659 0.00018022
-18.364 0.00061928 0.00022116
-18.306 0.0006887 0.00023703
-18.248 0.00075372 0.00025097
-18.19 0.00087856 0.00027639
-18.132 0.0010625 0.00031225
-18.074 0.00087958 0.00027671
-18.016 0.00082398 0.00026632
-17.958 0.0013186 0.0003615
-17.9 0.0012591 0.00035061
-17.841 0.00056999 0.00021224
-17.783 0.00063924 0.00022829
-17.725 0.00095433 0.00029292
-17.667 0.00075468 0.00025129
-17.609 0.00070599 0.00024298
-17.551 0.00057509 0.00021414
-17.493 0.00089625 0.00028196
-17.435 0.001148 0.00033092
-17.377 0.00051201 0.00019997
-17.319 0.00058076 0.00021625
-17.261 0.00057901 0.0002156
-17.203 0.00051303 0.00020037
-17.145 0.00032509 0.00015507
-17.087 0.00070797 0.00024366
-17.029 0.00071013 0.0002444
-16.971 0.00044878 0.00018525
-16.913 0.00064993 0.00023211
-16.855 0.00084856 0.00027426
-16.797 0.00077458 0.00025792
-16.739 0.00083499 0.00026988
-16.681 0.00065187 0.0002328
-16.623 0.00032369 0.00015441
-16.565 0.00045417 0.00018748
-16.507 0.0011071 0.00032536
-16.449 0.00077954 0.00025957
-16.391 0.00052523 0.00020514
-16.333 0.00038908 0.00017147
-16.275 0.00078681 0.00026199
-16.217 0.00098454 0.00030219
-16.159 0.0011136 0.00032727
-16.101 0.00065232 0.00023296
-16.043 0.00072199 0.00024848
-15.985 0.00085162 0.00027525
-15.927 0.0013213 0.00036792
-15.869 0.0011211 0.00032947
-15.811 0.00032595 0.00015548
-15.753 0.00078697 0.00026204
-15.695 0.00073109 0.00025162
-15.637 0.00059453 0.00022138
-15.579 0.00039846 0.0001756
-15.521 0.00072385 0.00024912
-15.463 0.0012009 0.00034618
-15.405 0.00053163 0.00020764
-15.347 0.00092603 0.00029132
-15.289 0.00086496 0.00027957
-15.231 0.00067351 0.00024053
-15.173 0.00053535 0.00020909
-15.114 0.000468 0.00019319
-15.056 0.0010655 0.00031973
-14.998 0.00046887 0.00019355
-14.94 0.0011465 0.00033693
-14.882 0.0010027 0.00030775
-14.824 0.00080398 0.00026771
-14.766 0.00067631 0.00024153
-14.708 0.00093748 0.00029493
-14.65 0.00066801 0.00023857
-14.592 0.00047244 0.00019502
-14.534 0.00094456 0.00029715
-14.476 0.00074495 0.00025639
-14.418 0.00074187 0.00025533
-14.36 0.0006729 0.00024031
-14.302 0.00067835 0.00024226
-14.244 0.00053946 0.0002107
-14.186 0.0012718 0.0003601
-14.128 0.00054185 0.00021163
-14.07 0.00060975 0.00022705
-14.012 0.00068155 0.0002434
-13.954 0.00080776 0.00026897
-13.896 0.00074131 0.00025513
-13.838 0.0006859 0.00024496
-13.78 0.00034326 0.00016374
-13.722 0.00074646 0.00025691
-13.664 0.0013064 0.00036989
-13.606 0.00075587 0.00026014
-13.548 0.00054533 0.00021299
-13.49 0.00088227 0.00028516
-13.432 0.00027436 0.00014454
-13.374 0.0010345 0.00031751
-13.316 0.00075401 0.00025951
-13.258 0.00095844 0.00030152
-13.2 0.0011686 0.00034344
-13.142 0.00055286 0.00021593
-13.084 0.00040959 0.0001805
-13.026 0.00095387 0.00030008
-12.968 0.00089272 0.00028853
-12.91 0.00083144 0.00027685
-12.852 0.00034405 0.00016411
-12.794 0.00068687 0.0002453
-12.736 0.00076158 0.00026211
-12.678 0.0005545 0.00021657
-12.62 0.00082861 0.00027591
-12.562 0.00068707 0.00024537
-12.504 0.00082923 0.00027612
-12.446 0.00076949 0.00026483
-12.388 0.0010411 0.00031954
-12.329 0.00061914 0.00023055
-12.271 0.00048761 0.00020128
-12.213 0.0006273 0.00023358
-12.155 0.00097246 0.00030593
-12.097 0.00069488 0.00024816
-12.039 0.00048525 0.00020031
-11.981 0.00076916 0.00026472
-11.923 0.00063111 0.000235
-11.865 0.00096476 0.00030351
-11.807 0.0004894 0.00020202
-11.749 0.0010527 0.0003231
-11.691 0.00076123 0.00026199
-11.633 0.0012544 0.0003616
-11.575 0.00069321 0.00024757
-11.517 0.0011986 0.00035224
-11.459 0.00097209 0.00030581
-11.401 0.00069806 0.0002493
-11.343 0.0004928 0.00020342
-11.285 0.0009144 0.00029554
-11.227 0.00076485 0.00026324
-11.169 0.00055738 0.00021769
-11.111 0.00056134 0.00021924
-11.053 0.00063227 0.00023543
-10.995 0.0010592 0.0003251
-10.937 0.00034862 0.0001663
-10.879 0.00084587 0.00028166
-10.821 0.0010573 0.00032452
-10.763 0.00091514 0.00029578
-10.705 0.0003484 0.00016619
-10.647 0.00077827 0.00026785
-10.589 0.0010683 0.0003279
-10.531 0.00084518 0.00028143
-10.473 0.0012626 0.00036398
-10.415 0.00077991 0.00026842
-10.357 0.00077741 0.00026756
-10.299 0.00042205 0.00018599
-10.241 0.00099098 0.00031176
-10.183 0.001057 0.00032442
-10.125 0.00056848 0.00022203
-10.067 0.00049783 0.0002055
-10.009 0.00063018 0.00023466
-9.9506 0.001133 0.00033998
-9.8926 0.00064035 0.00023844
-9.8346 0.00071494 0.00025533
-9.7766 0.00063527 0.00023655
-9.7185 0.00098448 0.00030971
-9.6605 0.00092942 0.0003004
-9.6025 0.00056733 0.00022158
-9.5445 0.00091456 0.00029559
-9.4864 0.00077797 0.00026775
-9.4284 0.00050196 0.00020721
-9.3704 0.0010779 0.00033084
-9.3124 0.00091786 0.00029666
-9.2544 0.0011998 0.00035261
-9.1963 0.0007307 0.00026096
-9.1383 0.00056257 0.00021972
-9.0803 0.0012024 0.00035335
-9.0223 0.0010016 0.0003151
-8.9643 0.00050952 0.00021033
-8.9062 0.00091837 0.00029683
-8.8482 0.0010027 0.00031545
-8.7902 0.00063979 0.00023823
-8.7322 0.00086487 0.00028798
-8.6742 0.00079172 0.00027248
-8.6161 0.00078358 0.00026968
-8.5581 0.0013023 0.00037541
-8.5001 0.00064451 0.00023999
-8.4421 0.0009213 0.00029777
-8.384 0.0010757 0.00033017
-8.326 0.00035435 0.00016903
-8.268 0.0007153 0.00025545
-8.21 0.00071601 0.00025571
-8.152 0.0012129 0.00035645
-8.0939 0.00071158 0.00025413
-8.0359 0.0010804 0.0003316
-7.9779 0.00085895 0.00028601
-7.9199 0.00078754 0.00027105
-7.8619 0.00071162 0.00025414
-7.8038 0.00050624 0.00020897
-7.7458 0.00057125 0.00022311
-7.6878 0.00078919 0.00027161
-7.6298 0.00050292 0.0002076
-7.5718 0.00087118 0.00029008
-7.5137 0.0010107 0.00031795
-7.4557 0.001004 0.00031584
-7.3977 0.00043422 0.00019136
-7.3397 0.00080177 0.00027594
-7.2816 0.00087402 0.00029103
-7.2236 0.00092015 0.0002974
-7.1656 0.00066103 0.00024614
-7.1076 0.00065972 0.00024566
-7.0496 0.00085887 0.00028599
-6.9915 0.00050428 0.00020816
-6.9335 0.00073278 0.0002617
-6.8755 0.000642 0.00023906
-6.8175 0.0011609 0.00034835
-6.7595 0.00079152 0.00027241
-6.7014 0.0012215 0.00035898
-6.6434 0.0010335 0.00032513
-6.5854 0.00042665 0.00018802
-6.5274 0.000655 0.00024389
-6.4694 0.00063535 0.00023658
-6.4113 0.0010348 0.00032555
-6.3533 0.00079635 0.00027408
-6.2953 0.00036146 0.00017242
-6.2373 0.00077858 0.00026796
-6.1792 0.00052389 0.00021626
-6.1212 0.00078272 0.00026939
-6.0632 0.00071957 0.00025698
-6.0052 0.0010267 0.00032301
-5.9472 0.00065234 0.00024291
-5.8891 0.00050863 0.00020996
-5.8311 0.00086959 0.00028956
-5.7731 0.00049785 0.00020551
-5.7151 0.0007527 0.00026881
-5.6571 0.00085075 0.00028328
-5.599 0.00086711 0.00028873
-5.541 0.00088752 0.00029553
-5.483 0.00058221 0.00022739
-5.425 0.0012894 0.00037169
-5.3669 0.00085791 0.00028567
-5.3089 0.0006626 0.00024673
-5.2509 0.00066214 0.00024655
-5.1929 0.00091563 0.00029594
-5.1349 0.00050797 0.00020969
-5.0768 0.0011536 0.00034617
-5.0188 0.00096111 0.00031064
-4.9608 0.0005768 0.00022528
-4.9028 0.0008636 0.00028756
-4.8448 0.00044033 0.00019405
-4.7867 0.00092953 0.00030043
-4.7287 0.00086648 0.00028852
-4.6707 0.0012432 0.00036536
-4.6127 0.00049917 0.00020606
-4.5547 0.0011522 0.00034575
-4.4966 0.00088031 0.00029312
-4.4386 0.00095106 0.00030739
-4.3806 0.00071884 0.00025672
-4.3226 0.001156 0.00034687
-4.2645 0.0011751 0.00035261
-4.2065 0.00087474 0.00029127
-4.1485 0.0010198 0.00032083
-4.0905 0.0013063 0.00037657
-4.0325 0.00086899 0.00028935
-3.9744 0.00094189 0.00030443
-3.9164 0.0010975 0.00033686
-3.8584 0.00081207 0.00027949
-3.8004 0.00093431 0.00030198
-3.7424 0.0013619 0.00038563
-3.6843 0.0010922 0.00033524
-3.6263 0.0011077 0.00034
-3.5683 0.0011807 0.00035428
-3.5103 0.0011325 0.00033983
-3.4523 0.0012767 0.00036802
-3.3942 0.00075143 0.00026836
-3.3362 0.00073976 0.00026419
-3.2782 0.00097345 0.00030624
-3.2202 0.00067418 0.00025104
-3.1621 0.0012152 0.00036465
-3.1041 0.0009704 0.00030528
-3.0461 0.0010517 0.00033085
-2.9881 0.0013454 0.00038783
-2.9301 0.001103 0.00033097
-2.872 0.00054087 0.00022327
-2.814 0.0011156 0.00033475
-2.756 0.00046667 0.00020566
-2.698 0.0015695 0.00042405
-2.64 0.0009367 0.00030275
-2.5819 0.0015438 0.00042323
-2.5239 0.00094241 0.0003046
-2.4659 0.0013593 0.00039183
-2.4079 0.0010786 0.00033105
-2.3499 0.0014072 0.00039184
-2.2918 0.0016385 0.00045627
-2.2338 0.00071036 0.00024448
-2.1758 0.00087569 0.00030138
-2.1178 0.0012421 0.00035805
-2.0597 0.001291 0.00037215
-2.0017 0.00088674 0.00030519
-1.9437 0.0010535 0.00031611
-1.8857 0.00076123 0.00027186
-1.8277 0.0007142 0.00026594
-1.7696 0.0011597 0.00032837
-1.7116 0.0012011 0.00037787
-1.6536 0.00094021 0.00030389
-1.5956 0.0018552 0.00047663
-1.5376 0.0010434 0.00031308
-1.4795 0.0011917 0.00037491
-1.4215 0.0021022 0.00052354
-1.3635 0.0022829 0.00055827
-1.3055 0.002648 0.00060006
-1.2475 0.0029291 0.00068892
-1.1894 0.003213 0.0007099
-1.1314 0.0032637 0.00075742
-1.0734 0.0037407 0.00080899
-1.0154 0.0043242 0.00089842
-0.95735 0.0049472 0.0010143
-0.89933 0.0072514 0.0014031
-0.84131 0.0073093 0.0014022
-0.78328 0.0075075 0.0014454
-0.72526 0.0096326 0.0017966
-0.66724 0.0096392 0.0018078
-0.60922 0.0086146 0.0016648
-0.5512 0.0085885 0.0016495
-0.49318 0.009015 0.0016814
-0.43516 0.0084529 0.001579
-0.37714 0.009922 0.0018478
-0.31912 0.0087672 0.0016761
-0.26109 0.0082399 0.0016308
-0.20307 0.0090379 0.0016749
-0.14505 0.0079746 0.0015149
-0.087032 0.0085582 0.0016582
-0.029011 0.007109 0.0013721
0.029011 0.0057434 0.0011836
0.087032 0.0040078 0.00084537
0.14505 0.0034045 0.00072799
0.20307 0.0039812 0.00090725
0.26109 0.0035577 0.00079364
0.31912 0.0024639 0.00058365
0.37714 0.0024623 0.0005644
0.43516 0.0026263 0.00060199
0.49318 0.0014579 0.00042027
0.5512 0.0016691 0.00046478
0.60922 0.0011696 0.00035096
0.66724 0.0014703 0.0004031
0.72526 0.0016687 0.0004447
0.78328 0.0013786 0.0003839
0.84131 0.0013545 0.00038353
0.89933 0.0010735 0.00032951
0.95735 0.00080052 0.00026656
1.0154 0.00096226 0.00031101
1.0734 0.00067507 0.00026366
1.1314 0.0010403 0.0003193
1.1894 0.0011421 0.00035931
1.2475 0.0011336 0.00032679
1.3055 0.00073914 0.00026397
1.3635 0.00079256 0.00027277
1.4215 0.0011975 0.00037673
1.4795 0.0009103 0.00028638
1.5376 0.0010175 0.0003201
1.5956 0.0010222 0.00032159
1.6536 0.0012124 0.0003814
1.7116 0.0011504 0.00032575
1.7696 0.0010536 0.00034054
1.8277 0.00068475 0.00025497
1.8857 0.00097586 0.00029952
1.9437 0.0011649 0.00036646
2.0017 0.00063991 0.00023828
2.0597 0.0005623 0.00021962
2.1178 0.0014756 0.00042537
2.1758 0.00083899 0.00027117
2.2338 0.00066594 0.00026009
2.2918 0.00084098 0.00028003
2.3499 0.0010343 0.00032539
2.4079 0.00081172 0.00027937
2.4659 0.00082552 0.00028412
2.5239 0.00086924 0.00028944
2.5819 0.00096532 0.000312
2.64 0.00099433 0.00031281
2.698 0.00071174 0.00026503
2.756 0.001112 0.00033368
2.814 0.0009332 0.00031074
2.872 0.0006985 0.00024945
2.9301 0.00052198 0.00021547
2.9881 0.00060883 0.00023779
3.0461 0.00076875 0.00026458
3.1041 0.001151 0.00035328
3.1621 0.00068202 0.00025396
3.2202 0.00069652 0.00024875
3.2782 0.00097465 0.00031502
3.3362 0.00098722 0.00031908
3.3942 0.00071809 0.00025645
3.4523 0.0010032 0.0003156
3.5103 0.0010504 0.00033045
3.5683 0.00090041 0.00029982
3.6263 0.00080158 0.00027588
3.6843 0.001233 0.00036236
3.7424 0.0008036 0.00027657
3.8004 0.00090039 0.00029981
3.8584 0.00097027 0.0003136
3.9164 0.00080824 0.00027817
3.9744 0.00087923 0.00029277
4.0325 0.00088076 0.00029327
4.0905 0.00081173 0.00027937
4.1485 0.0011017 0.00033815
4.2065 0.0011125 0.00034145
4.2645 0.00073795 0.00026354
4.3226 0.0010881 0.00033397
4.3806 0.0010384 0.00032668
4.4386 0.0010451 0.0003288
4.4966 0.00051376 0.00021208
4.5547 0.00050835 0.00020985
4.6127 0.00089398 0.00029767
4.6707 0.0009492 0.00030679
4.7287 0.00093823 0.00030325
4.7867 0.0011945 0.00035842
4.8448 0.00072942 0.0002605
4.9028 0.0010312 0.0003244
4.9608 0.00060209 0.00023515
5.0188 0.0009515 0.00030753
5.0768 0.00059284 0.00023154
5.1349 0.0011475 0.00034433
5.1929 0.0012016 0.00036058
5.2509 0.00044706 0.00019701
5.3089 0.0010998 0.00033757
5.3669 0.00036287 0.00017309
5.425 0.001203 0.00036097
5.483 0.00075233 0.00026868
5.541 0.00058332 0.00022782
5.599 0.00072467 0.0002588
5.6571 0.00046308 0.00020407
5.7151 0.00043337 0.00019098
5.7731 0.00073754 0.0002634
5.8311 0.00074774 0.00026704
5.8891 0.00066267 0.00024675
5.9472 0.00067755 0.00025229
6.0052 0.00081666 0.00028107
6.0632 0.00086748 0.00028885
6.1212 0.00046066 0.00020301
6.1792 0.0006547 0.00024379
6.2373 0.00081703 0.00028119
6.2953 0.00065817 0.00024508
6.3533 0.00099208 0.00032065
6.4113 0.0010856 0.00033319
6.4694 0.00067223 0.00025031
6.5274 0.00065402 0.00024353
6.5854 0.00060929 0.00023797
6.6434 0.00059287 0.00023155
6.7014 0.00073603 0.00026286
6.7595 0.0009634 0.00031138
6.8175 0.00065427 0.00024363
6.8755 0.00044949 0.00019808
6.9335 0.00044075 0.00019424
6.9915 0.00044148 0.00019456
7.0496 0.00075239 0.0002687
7.1076 0.0013499 0.00038913
7.1656 0.0012413 0.00036479
7.2236 0.001333 0.00038425
7.2816 0.0011977 0.00035938
7.3397 0.00075003 0.00026786
7.3977 0.00058294 0.00022768
7.4557 0.00088797 0.00029567
7.5137 0.00059456 0.00023222
7.5718 0.00074431 0.00026581
7.6298 0.0011125 0.00034145
7.6878 0.00051919 0.00021432
7.7458 0.00073608 0.00026287
7.8038 0.00081246 0.00027962
7.8619 0.00029499 0.00015541
7.9199 0.0005877 0.00022953
7.9779 0.0011043 0.00033895
8.0359 0.0010175 0.00032009
8.0939 0.0010919 0.00033514
8.152 0.00081623 0.00028092
8.21 0.0010328 0.00032493
8.268 0.0006598 0.00024568
8.326 0.00051393 0.00021215
8.384 0.00080315 0.00027642
8.4421 0.0011023 0.00033833
8.5001 0.00044765 0.00019727
8.5581 0.00094039 0.00030394
8.6161 0.00074154 0.00026483
8.6742 0.00096494 0.00031188
8.7322 0.00065882 0.00024532
8.7902 0.00036738 0.00017525
8.8482 0.00043851 0.00019325
8.9062 0.00067495 0.00025132
8.9643 0.00080696 0.00027773
9.0223 0.00095194 0.00030768
9.0803 0.0006549 0.00024386
9.1383 0.00066851 0.00024893
9.1963 0.00072922 0.00026043
9.2544 0.00080121 0.00027575
9.3124 0.00088459 0.00029455
9.3704 0.00081049 0.00027894
9.4284 0.0012414 0.00036483
9.4864 0.00058238 0.00022746
9.5445 0.00058207 0.00022734
9.6025 0.00066679 0.00024828
9.6605 0.00072954 0.00026054
9.7185 0.0010928 0.00033542
9.7766 0.0011096 0.00034058
9.8346 0.00065684 0.00024458
9.8926 0.00095144 0.00030752
9.9506 0.00043464 0.00019154
10.009 0.00087831 0.00029246
10.067 0.000662 0.0002465
10.125 0.00087235 0.00029047
10.183 0.00065715 0.0002447
10.241 0.00058113 0.00022697
10.299 0.00073191 0.00026139
10.357 0.00036623 0.0001747
10.415 0.0010045 0.000316
10.473 0.00065416 0.00024359
10.531 0.00058766 0.00022952
10.589 0.0007308 0.00026099
10.647 0.00079515 0.00027366
10.705 0.00058443 0.00022826
10.763 0.00080321 0.00027644
10.821 0.00087283 0.00029063
10.879 0.00050238 0.00020738
10.937 0.00058198 0.0002273
10.995 0.00079648 0.00027412
11.053 0.00050303 0.00020765
11.111 0.00079391 0.00027324
11.169 0.00072504 0.00025893
11.227 0.00065402 0.00024353
11.285 0.00094472 0.00030534
11.343 0.00086446 0.00028785
11.401 0.00086342 0.0002875
11.459 0.0012397 0.00036431
11.517 0.00057695 0.00022534
11.575 0.00086546 0.00028818
11.633 0.00043343 0.00019101
11.691 0.00072427 0.00025866
11.749 0.00079939 0.00027512
11.807 0.00086042 0.0002865
11.865 0.0010187 0.00032048
11.923 0.00014569 0.00010582
11.981 0.0005025 0.00020743
12.039 0.00064963 0.0002419
12.097 0.00093334 0.00030167
12.155 0.001094 0.00033578
12.213 0.0010078 0.00031705
12.271 0.00057204 0.00022342
12.329 0.00050643 0.00020905
12.388 0.00050561 0.00020871
12.446 0.0007163 0.00025581
12.504 0.001138 0.00034148
12.562 0.00056869 0.00022211
12.62 0.00086222 0.0002871
12.678 0.0010691 0.00032814
12.736 0.00070622 0.00025221
12.794 0.00099111 0.0003118
12.852 0.00021384 0.00012846
12.91 0.00049387 0.00020387
12.968 0.0013413 0.00037978
13.026 0.00042598 0.00018772
13.084 0.00084583 0.00028164
13.142 0.00098771 0.00031073
13.2 0.00098465 0.00030977
13.258 0.00085159 0.00028356
13.316 0.0013475 0.00038153
13.374 0.00028214 0.00014864
13.432 0.00077011 0.00026505
13.49 0.00077549 0.0002669
13.548 0.00056557 0.00022089
13.606 0.00091535 0.00029585
13.664 0.00049055 0.0002025
13.722 0.0011317 0.0003396
13.78 0.00084754 0.00028221
13.838 0.00070374 0.00025133
13.896 0.00035292 0.00016835
13.954 0.00098303 0.00030926
14.012 0.0011293 0.00033886
14.07 0.00091433 0.00029552
14.128 0.0011189 0.00033574
14.186 0.00056177 0.00021941
14.244 0.00070179 0.00025063
14.302 0.00049063 0.00020253
14.36 0.00097403 0.00030643
14.418 0.00076806 0.00026434
14.476 0.00125 0.00036034
14.534 0.0011846 0.00034812
14.592 0.0011138 0.00033421
14.65 0.0011874 0.00034894
14.708 0.00049407 0.00020395
14.766 0.00091111 0.00029448
14.824 0.00055174 0.00021549
14.882 0.00098125 0.0003087
14.94 0.00055839 0.00021809
14.998 0.0010352 0.00031774
15.056 0.00075169 0.00025871
15.114 0.00048638 0.00020078
15.173 0.00069325 0.00024758
15.231 0.00069362 0.00024771
15.289 0.00075091 0.00025844
15.347 0.00096906 0.00030486
15.405 0.00062243 0.00023177
15.463 0.00061775 0.00023003
15.521 0.00089021 0.00028773
15.579 0.00068917 0.00024612
15.637 0.00034438 0.00016428
15.695 0.00041048 0.00018089
15.753 0.00054391 0.00021243
15.811 0.0010922 0.00032772
15.869 0.0011699 0.0003438
15.927 0.00094931 0.00029865
15.985 0.00095293 0.00029979
16.043 0.00033976 0.00016207
16.101 0.0005476 0.00021387
16.159 0.00061639 0.00022952
16.217 0.00088117 0.0002848
16.275 0.00081716 0.0002721
16.333 0.0014945 0.00040378
16.391 0.00054395 0.00021245
16.449 0.00093808 0.00029512
16.507 0.00087829 0.00028387
16.565 0.00094569 0.00029751
16.623 0.0008057 0.00026828
16.681 0.0010712 0.00032144
16.739 0.00099871 0.00030654
16.797 0.0011433 0.00033599
16.855 0.0004668 0.00019269
16.913 0.00072675 0.00025012
16.971 0.00046666 0.00019264
17.029 0.0010725 0.00032183
17.087 0.0013293 0.00037016
17.145 0.00092292 0.00029035
17.203 0.00086624 0.00027998
17.261 0.00086825 0.00028063
17.319 0.00073087 0.00025154
17.377 0.00078892 0.0002627
17.435 0.00046049 0.00019009
17.493 0.0010649 0.00031955
17.551 0.00032987 0.00015735
17.609 0.00084788 0.00027404
17.667 0.00072476 0.00024944
17.725 0.00085298 0.00027569
17.783 0.00065541 0.00023407
17.841 0.00058868 0.0002192
17.9 0.0010419 0.00031264
17.958 0.00085103 0.00027506
18.016 0.00090704 0.00028535
18.074 0.00064152 0.00022911
18.132 0.00084531 0.00027321
18.19 0.00097051 0.00029788
18.248 0.0010357 0.00031078
18.306 0.0012157 0.00034423
18.364 0.0010355 0.00031073
18.422 0.00090218 0.00028382
18.48 0.00070646 0.00024314
18.538 0.0012834 0.00035738
18.596 0.00076236 0.00025385
18.654 0.00070795 0.00024365
18.712 0.00090021 0.0002832
18.77 0.00076358 0.00025426
18.828 0.0007657 0.00025496
18.886 0.00070614 0.00024303
18.944 0.00063415 0.00022647
19.002 0.00094543 0.00029018
19.06 0.0011383 0.00032814
19.118 0.00069661 0.00023975
19.176 0.00056678 0.00021105
19.234 0.00075533 0.00025151
19.292 0.00062431 0.00022296
19.35 0.00037649 0.00016591
19.408 0.0013175 0.00036119
19.466 0.00018533 0.00011133
19.524 0.00056253 0.00020946
19.582 0.00068758 0.00023664
19.64 0.00043421 0.00017924
19.698 0.00067969 0.00023393
19.756 0.00055395 0.00020627
19.814 0.00075038 0.00024986
19.872 0.00073723 0.00024548
19.93 0.0010438 0.00030676
19.988 0.0010436 0.00030669
20.046 0.000735 0.00024474
20.104 0.0010995 0.00031694
20.162 0.00054583 0.00020325
20.22 0.00085892 0.00027021
20.278 0.0013472 0.00036398
20.336 0.00066939 0.00023038
20.394 0.00084465 0.00026572
20.452 0.00090282 0.00027711
20.51 0.00098018 0.00029412
20.568 0.00072545 0.00024156
20.626 0.00089158 0.00027366
20.685 0.0010653 0.00030709
20.743 0.00089465 0.0002746
20.801 0.0010732 0.00030938
20.859 0.0010032 0.00029481
20.917 0.0010079 0.00029619
20.975 0.0012358 0.0003388
21.033 0.00065095 0.00022404
21.091 0.00099197 0.00029152
21.149 0.00058578 0.0002092
21.207 0.00076432 0.00024704
21.265 0.00087661 0.00026906
21.323 0.00063588 0.00021885
21.381 0.00023318 0.00012284
21.439 0.0004087 0.00016871
21.497 0.00069449 0.00023125
21.555 0.0011511 0.00032053
21.613 0.00080442 0.00025307
21.671 0.0010349 0.00029833
21.729 0.0007983 0.00025114
21.787 0.0008004 0.0002518
21.845 0.0010184 0.00029357
21.903 0.00096127 0.0002825
21.961 0.00039404 0.00016266
22.019 0.0011116 0.00030955
22.077 0.0007811 0.00024573
22.135 0.00094729 0.00027839
22.193 0.00077062 0.00024243
22.251 0.00093131 0.00027369
22.309 0.00016633 9.9919e-05
22.367 0.00088569 0.00026577
22.425 0.00060637 0.00020869
22.483 0.00059898 0.00020615
22.541 0.00098822 0.00028487
22.599 0.00093471 0.00027469
22.657 0.00065396 0.00021776
22.715 0.00091538 0.00026901
22.773 0.00070651 0.00022835
22.831 0.00043571 0.00017017
22.889 0.0011245 0.00030829
22.947 0.00058417 0.00020105
23.005 0.00053375 0.00019062
23.063 0.00047845 0.00017815
23.121 0.00063719 0.00021217
23.179 0.00084073 0.00025228
23.237 0.00057754 0.00019877
23.295 0.00099306 0.00028118
23.353 0.0010885 0.00029842
23.412 0.00057099 0.00019651
23.47 0.00061866 0.000206
23.528 0.00077441 0.00023769
23.586 0.0004606 0.00017151
23.644 0.00071441 0.00022475
23.702 0.0012239 0.00032197
23.76 0.00080999 0.00024305
23.818 0.0012061 0.00031729
23.876 0.00069862 0.00021978
23.934 0.00089782 0.00025881
23.992 0.00094576 0.00026779
24.05 0.00089096 0.00025683
24.108 0.00083209 0.00024454
24.166 0.00058932 0.00019623
24.224 0.0010752 0.0002905
24.282 0.00077539 0.00023267
24.34 0.001057 0.00028559
24.398 0.0010616 0.00028683
24.456 0.00072167 0.0002215
24.514 0.00052279 0.00017993
24.572 0.001038 0.00028045
24.63 0.0013717 0.00034162
24.688 0.00075378 0.00022619
24.746 0.0010273 0.00027755
24.804 0.00050553 0.00017399
24.862 0.0006932 0.00021277
24.92 0.00050599 0.00017414
24.978 0.00072549 0.0002177
25.036 0.0010789 0.00028384
25.094 0.00094641 0.00025946
25.152 0.0007173 0.00021524
25.21 0.0009294 0.0002548
25.268 0.00079679 0.00022969
25.326 0.00083614 0.00023675
25.384 0.00087337 0.0002432
25.442 0.0010446 0.00027481
25.5 0.00047454 0.00016332
25.558 0.00093813 0.00025346
25.616 0.0010264 0.00027001
25.674 0.00076183 0.00021961
25.732 0.00083216 0.00023173
25.79 0.00062252 0.00019107
25.848 0.00082628 0.00023009
25.906 0.00081882 0.00022801
25.964 0.00096973 0.00025511
26.022 0.0011384 0.00028632
26.08 0.0011246 0.00028284
26.138 0.00064215 0.00019269
26.197 0.00099321 0.00025812
26.255 0.00059394 0.0001823
26.313 0.0011475 0.00028578
26.371 0.00097604 0.00025366
26.429 0.00085072 0.00022985
26.487 0.00091986 0.00024199
26.545 0.00095283 0.00024763
26.603 0.00063818 0.00018755
26.661 0.00070155 0.00019864
26.719 0.00088679 0.00023329
26.777 0.0009892 0.00025138
26.835 0.00065094 0.00018765
26.893 0.00078232 0.00021137
26.951 0.0010987 0.00026868
27.009 0.0010145 0.00025266
27.067 0.00058632 0.00017231
27.125 0.0012584 0.00029395
27.183 0.00056443 0.00016588
27.241 0.00085723 0.00022023
27.299 0.00081351 0.00021142
27.357 0.00070265 0.00018984
27.415 0.00076512 0.00020128
27.473 0.00063173 0.00017591
27.531 0.00074783 0.00019674
27.589 0.00061571 0.00017145
27.647 0.00087777 0.00021861
27.705 0.00074367 0.00019327
27.763 0.00066988 0.00017852
27.821 0.00085543 0.00021106
27.879 0.00083743 0.00020662
27.937 0.0010995 0.00025203
27.995 0.00088654 0.00021322
28.053 0.0010245 0.00023626
28.111 0.00088578 0.00021139
28.169 0.00073667 0.00018347
28.227 0.00072371 0.00018024
28.285 0.0006351 0.00016317
28.343 0.00099811 0.00022618
28.401 0.0008685 0.00020288
28.459 0.00072346 0.00017542
28.517 0.00083709 0.00019427
28.575 0.0010457 0.00022898
28.633 0.00079529 0.00018341
28.691 0.00071683 0.00016745
28.749 0.00078741 0.00017747
28.807 0.0011171 0.00023276
28.865 0.00097106 0.0002069
28.924 0.00091489 0.00019563
28.982 0.00084746 0.00018188
29.04 0.00075196 0.00016328
29.098 0.00081304 0.00017095
29.156 0.0007991 0.00016556
29.214 0.00095657 0.00018837
29.272 0.00097513 0.00018706
29.33 0.00076392 0.00014802
29.388 0.00089849 0.00016208
29.446 0.00087088 0.00015889
29.504 0 1
29.562 0 1
29.62 0 1
29.678 0 1
