-29.678 0 1
-29.62 0 1
-29.562 0 1
-29.504 0.00020471 4.0086e-05
-29.446 0.00023074 4.4765e-05
-29.388 0.00022587 4.5017e-05
-29.33 0.00021821 4.4114e-05
-29.272 0.00020899 4.2921e-05
-29.214 0.00020647 4.301e-05
-29.156 0.00021478 4.5069e-05
-29.098 0.00021339 4.5204e-05
-29.04 0.00021127 4.5135e-05
-28.982 0.00023636 5.0126e-05
-28.924 0.00021945 4.7202e-05
-28.865 0.00020416 4.4538e-05
-28.807 0.00018282 4.0755e-05
-28.749 0.00020943 4.6109e-05
-28.691 0.00021142 4.6827e-05
-28.633 0.00018149 4.139e-05
-28.575 0.00019287 4.3743e-05
-28.517 0.0002277 5.0539e-05
-28.459 0.00023552 5.2276e-05
-28.401 0.0001987 4.5449e-05
-28.343 0.00016771 3.9704e-05
-28.285 0.000225 5.0895e-05
-28.227 0.00023236 5.2424e-05
-28.169 0.00023353 5.2824e-05
-28.111 0.00022016 5.0357e-05
-28.053 0.00023649 5.3636e-05
-27.995 0.00017668 4.2366e-05
-27.937 0.00020803 4.8512e-05
-27.879 0.0002002 4.7208e-05
-27.821 0.00022055 5.1253e-05
-27.763 0.00020425 4.8356e-05
-27.705 0.00026413 5.9905e-05
-27.647 0.0002144 5.0558e-05
-27.589 0.00022708 5.3144e-05
-27.531 0.00023673 5.5204e-05
-27.473 0.00020152 4.8544e-05
-27.415 0.0002028 4.8851e-05
-27.357 0.00011907 3.256e-05
-27.299 0.00019451 4.7554e-05
-27.241 0.00021446 5.1426e-05
-27.183 0.00028151 6.4389e-05
-27.125 0.00013983 3.7125e-05
-27.067 0.00023824 5.6402e-05
-27.009 0.00019536 4.8285e-05
-26.951 0.00018616 4.6558e-05
-26.893 0.00017841 4.5201e-05
-26.835 0.00020363 5.0329e-05
-26.777 0.00022096 5.3745e-05
-26.719 0.00019074 4.8006e-05
-26.661 0.00021438 5.2692e-05
-26.603 0.00024084 5.8016e-05
-26.545 0.00020789 5.168e-05
-26.487 0.00017582 4.552e-05
-26.429 0.00021823 5.3939e-05
-26.371 0.00020672 5.1701e-05
-26.313 0.00012762 3.6147e-05
-26.255 0.00019208 4.8999e-05
-26.197 0.00020431 5.142e-05
-26.138 0.00012956 3.6698e-05
-26.08 0.00013614 3.8084e-05
-26.022 0.00014213 3.9297e-05
-25.964 0.00020929 5.2675e-05
-25.906 0.00017009 4.5156e-05
-25.848 0.00019437 4.9942e-05
-25.79 0.00027029 6.4812e-05
-25.732 0.00019247 4.9831e-05
-25.674 0.00016283 4.4064e-05
-25.616 0.00020169 5.1824e-05
-25.558 0.0002814 6.7179e-05
-25.5 0.0002028 5.2108e-05
-25.442 0.00016025 4.382e-05
-25.384 0.00016064 4.3926e-05
-25.326 0.00023852 5.9295e-05
-25.268 0.00022841 5.7488e-05
-25.21 0.00020949 5.3828e-05
-25.152 0.0002305 5.8013e-05
-25.094 0.00015857 4.3839e-05
-25.036 0.00016683 4.5618e-05
-24.978 0.00020082 5.2408e-05
-24.92 0.00019424 5.1116e-05
-24.862 0.00018915 5.0218e-05
-24.804 0.00014249 4.0901e-05
-24.746 0.00020615 5.3798e-05
-24.688 0.00024105 6.0669e-05
-24.63 0.00021438 5.5504e-05
-24.572 0.00018795 5.0366e-05
-24.514 0.00023309 5.946e-05
-24.456 0.00021082 5.5018e-05
-24.398 0.00023318 5.9483e-05
-24.34 0.00014198 4.1337e-05
-24.282 0.00017248 4.7686e-05
-24.224 0.00027231 6.7303e-05
-24.166 0.00016511 4.6187e-05
-24.108 0.000246 6.2324e-05
-24.05 0.0001311 3.9401e-05
-23.992 0.00021254 5.5934e-05
-23.934 0.00021956 5.7299e-05
-23.876 0.00018349 5.0174e-05
-23.818 0.00020101 5.3866e-05
-23.76 0.0002444 6.2345e-05
-23.702 0.00020011 5.3625e-05
-23.644 0.00016429 4.6533e-05
-23.586 0.0002861 7.0713e-05
-23.528 0.00027748 6.898e-05
-23.47 0.00013467 4.0475e-05
-23.412 0.00018162 5.0213e-05
-23.353 0.0002221 5.8447e-05
-23.295 0.00020493 5.4916e-05
-23.237 0.00015286 4.4505e-05
-23.179 0.00023786 6.1583e-05
-23.121 0.00020848 5.5867e-05
-23.063 0.0001848 5.1092e-05
-23.005 0.00021462 5.698e-05
-22.947 0.00024007 6.2154e-05
-22.889 0.00018778 5.1916e-05
-22.831 0.00018001 5.0355e-05
-22.773 0.00022679 5.9683e-05
-22.715 0.00023624 6.1652e-05
-22.657 0.00021486 5.7577e-05
-22.599 0.00022163 5.8841e-05
-22.541 0.00019677 5.3806e-05
-22.483 0.00016011 4.6618e-05
-22.425 0.00030531 7.5461e-05
-22.367 0.00023354 6.1458e-05
-22.309 0.00016061 4.6762e-05
-22.251 0.00016174 4.7093e-05
-22.193 0.00023655 6.2251e-05
-22.135 0.00022785 6.0492e-05
-22.077 0.00023611 6.2134e-05
-22.019 0.00013946 4.2666e-05
-21.961 0.00028021 7.0991e-05
-21.903 0.0001971 5.4493e-05
-21.845 0.00011507 3.7499e-05
-21.787 0.00023953 6.3036e-05
-21.729 0.00018413 5.2154e-05
-21.671 0.00022493 6.0275e-05
-21.613 0.00010017 3.4424e-05
-21.555 0.00016711 4.8656e-05
-21.497 0.00021152 5.7839e-05
-21.439 0.00018583 5.2636e-05
-21.381 0.0001602 4.7361e-05
-21.323 0.00015209 4.5709e-05
-21.265 0.00017895 5.1366e-05
-21.207 0.00017912 5.1413e-05
-21.149 0.00018737 5.307e-05
-21.091 0.00022276 6.0284e-05
-21.033 0.00018069 5.1864e-05
-20.975 0.00017198 5.0074e-05
-20.917 0.0001462 4.4727e-05
-20.859 0.00012963 4.1286e-05
-20.801 0.00025983 6.7808e-05
-20.743 0.00019839 5.5495e-05
-20.685 0.00026867 6.956e-05
-20.626 0.0002699 6.9877e-05
-20.568 0.00015753 4.7344e-05
-20.51 0.00028752 7.3345e-05
-20.452 0.00021715 5.9379e-05
-20.394 0.00017473 5.0875e-05
-20.336 0.00024706 6.5593e-05
-20.278 0.00016727 4.9452e-05
-20.22 0.00026238 6.8473e-05
-20.162 0.00033636 8.3134e-05
-20.104 0.00018629 5.3471e-05
-20.046 0.00023134 6.2605e-05
-19.988 0.0001864 5.3504e-05
-19.93 0.0001074 3.6909e-05
-19.872 0.00020696 5.7892e-05
-19.814 0.00024177 6.4787e-05
-19.756 0.00014259 4.4471e-05
-19.698 0.0002427 6.5036e-05
-19.64 0.00016211 4.8721e-05
-19.582 0.00014435 4.502e-05
-19.524 0.00020701 5.7908e-05
-19.466 0.00024482 6.5605e-05
-19.408 0.00029267 7.5201e-05
-19.35 0.00034613 8.555e-05
-19.292 0.00024487 6.5618e-05
-19.234 0.00022759 6.2234e-05
-19.176 0.00020298 5.7494e-05
-19.118 0.00019273 5.5322e-05
-19.06 0.00025691 6.8209e-05
-19.002 0.00021973 6.075e-05
-18.944 0.00018485 5.3819e-05
-18.886 0.00024021 6.5004e-05
-18.828 0.00015624 4.78e-05
-18.77 0.00024033 6.5038e-05
-18.712 0.00018664 5.4342e-05
-18.654 0.00024855 6.6604e-05
-18.596 0.00018528 5.3946e-05
-18.538 0.00018582 5.4104e-05
-18.48 0.00022442 6.2046e-05
-18.422 0.00023306 6.3728e-05
-18.364 0.00019569 5.617e-05
-18.306 0.00014035 4.47e-05
-18.248 0.00024384 6.5988e-05
-18.19 0.00023527 6.4334e-05
-18.132 0.00015923 4.8714e-05
-18.074 0.00020779 5.8854e-05
-18.016 0.00020049 5.7548e-05
-17.958 0.00018944 5.5158e-05
-17.9 0.00024581 6.6519e-05
-17.841 0.00018009 5.3243e-05
-17.783 0.00022939 6.3421e-05
-17.725 0.00017127 5.1474e-05
-17.667 0.00016035 4.9056e-05
-17.609 0.00019139 5.5725e-05
-17.551 0.00025887 6.937e-05
-17.493 0.00020073 5.7617e-05
-17.435 0.00018122 5.3576e-05
-17.377 0.00022108 6.1844e-05
-17.319 0.00025165 6.81e-05
-17.261 0.00024053 6.5773e-05
-17.203 0.00015285 4.7673e-05
-17.145 0.00019365 5.6382e-05
-17.087 0.00017428 5.2378e-05
-17.029 0.00022168 6.2012e-05
-16.971 0.0001831 5.4133e-05
-16.913 0.00014517 4.6237e-05
-16.855 0.00021394 6.0596e-05
-16.797 0.000175 5.2596e-05
-16.739 0.00030961 7.9554e-05
-16.681 0.00021559 6.1063e-05
-16.623 0.0002049 5.8813e-05
-16.565 0.00022397 6.2651e-05
-16.507 0.00025233 6.8286e-05
-16.449 0.00025214 6.8233e-05
-16.391 0.00020683 5.9368e-05
-16.333 0.00014683 4.6764e-05
-16.275 0.00017478 5.253e-05
-16.217 0.00020616 5.9176e-05
-16.159 0.0001381 4.5003e-05
-16.101 0.0002653 7.1094e-05
-16.043 0.00019644 5.7196e-05
-15.985 0.00027437 7.2843e-05
-15.927 0.00021743 6.1585e-05
-15.869 0.00020787 5.9668e-05
-15.811 9.8052e-05 3.5996e-05
-15.753 0.00017899 5.3796e-05
-15.695 0.00017931 5.3891e-05
-15.637 0.00016846 5.1539e-05
-15.579 0.00027608 7.3297e-05
-15.521 0.00024828 6.789e-05
-15.463 0.00029952 7.8167e-05
-15.405 0.00029871 7.7953e-05
-15.347 0.00016867 5.1602e-05
-15.289 0.00030031 7.8373e-05
-15.231 0.00025094 6.862e-05
-15.173 0.00012969 4.3344e-05
-15.114 0.00015938 4.9709e-05
-15.056 0.00025976 7.0296e-05
-14.998 0.00027191 7.2864e-05
-14.94 0.00026137 7.0731e-05
-14.882 0.00030937 8.0096e-05
-14.824 0.00013088 4.3741e-05
-14.766 0.00024285 6.7143e-05
-14.708 0.000161 5.0213e-05
-14.65 0.00020095 5.8507e-05
-14.592 0.00017089 5.228e-05
-14.534 0.00017154 5.2481e-05
-14.476 0.00020172 5.8733e-05
-14.418 0.00019074 5.6391e-05
-14.36 0.00021243 6.0977e-05
-14.302 0.00018282 5.4945e-05
-14.244 0.000172 5.262e-05
-14.186 0.00025334 6.9274e-05
-14.128 0.00022423 6.3511e-05
-14.07 0.00028635 7.6023e-05
-14.012 0.0002731 7.3184e-05
-13.954 0.00020268 5.9012e-05
-13.896 0.00019316 5.7107e-05
-13.838 0.0002045 5.9542e-05
-13.78 0.00020405 5.941e-05
-13.722 0.00022324 6.323e-05
-13.664 0.00020606 5.9996e-05
-13.606 0.00026744 7.2375e-05
-13.548 0.00030763 8.0282e-05
-13.49 0.00022422 6.3508e-05
-13.432 0.00021615 6.2044e-05
-13.374 0.00028874 7.6658e-05
-13.316 0.00020646 6.0112e-05
-13.258 0.00021505 6.1727e-05
-13.2 0.00027845 7.4617e-05
-13.142 0.00024879 6.8784e-05
-13.084 0.00017498 5.3532e-05
-13.026 0.00030821 8.0432e-05
-12.968 0.00024577 6.7951e-05
-12.91 0.00025883 7.0776e-05
-12.852 0.00023769 6.649e-05
-12.794 0.00018536 5.571e-05
-12.736 0.00014536 4.7369e-05
-12.678 0.00022939 6.4974e-05
-12.62 0.00028948 7.6855e-05
-12.562 0.00029866 7.8598e-05
-12.504 0.00021739 6.24e-05
-12.446 0.00019851 5.8687e-05
-12.388 0.00014496 4.7241e-05
-12.329 0.00023802 6.6582e-05
-12.271 0.00021781 6.2519e-05
-12.213 0.00031343 8.1796e-05
-12.155 0.00017681 5.4093e-05
-12.097 0.00021683 6.2239e-05
-12.039 0.0001868 5.6141e-05
-11.981 0.00026281 7.1863e-05
-11.923 0.00026157 7.1524e-05
-11.865 0.00017624 5.3918e-05
-11.807 0.00019793 5.8518e-05
-11.749 0.00014675 4.7823e-05
-11.691 0.00020858 6.0728e-05
-11.633 0.00018766 5.6401e-05
-11.575 0.00028108 7.5323e-05
-11.517 0.00026174 7.157e-05
-11.459 0.00023975 6.7066e-05
-11.401 0.00025014 6.9157e-05
-11.343 0.00028245 7.5688e-05
-11.285 0.00026385 7.215e-05
-11.227 0.00027361 7.4045e-05
-11.169 0.00024001 6.7138e-05
-11.111 0.00026206 7.1658e-05
-11.053 0.00023253 6.5863e-05
-10.995 0.00019948 5.8975e-05
-10.937 0.00019814 5.8578e-05
-10.879 0.00027404 7.4161e-05
-10.821 0.00028481 7.632e-05
-10.763 0.00027569 7.4605e-05
-10.705 0.00024108 6.7438e-05
-10.647 0.00024203 6.7703e-05
-10.589 0.00028664 7.681e-05
-10.531 0.00018981 5.7047e-05
-10.473 0.00024044 6.7258e-05
-10.415 0.00017995 5.5054e-05
-10.357 0.00020138 5.9535e-05
-10.299 0.00027449 7.4282e-05
-10.241 0.00029578 7.8528e-05
-10.183 0.00033749 8.6718e-05
-10.125 0.00032158 8.3922e-05
-10.067 0.00019109 5.743e-05
-10.009 0.00019926 5.8908e-05
-9.9506 0.00032905 8.5191e-05
-9.8926 0.00028742 7.7021e-05
-9.8346 0.0002775 7.5098e-05
-9.7766 0.00032683 8.4617e-05
-9.7185 0.0001914 5.7525e-05
-9.6605 0.00022435 6.4398e-05
-9.6025 0.00028644 7.6759e-05
-9.5445 0.0002431 6.8002e-05
-9.4864 0.00032039 8.3611e-05
-9.4284 0.00026715 7.305e-05
-9.3704 0.00030832 8.1138e-05
-9.3124 0.00029794 7.91e-05
-9.2544 0.00036055 9.1343e-05
-9.1963 0.0003031 8.0471e-05
-9.1383 0.00022303 6.4019e-05
-9.0803 0.00026676 7.2945e-05
-9.0223 0.00026813 7.332e-05
-8.9643 0.00020451 6.046e-05
-8.9062 0.00028613 7.6675e-05
-8.8482 0.00027736 7.5058e-05
-8.7902 0.00023381 6.6224e-05
-8.7322 0.00024791 6.9347e-05
-8.6742 0.00027927 7.5576e-05
-8.6161 0.00028596 7.663e-05
-8.5581 0.0002798 7.5718e-05
-8.5001 0.00022621 6.493e-05
-8.4421 0.00025627 7.0854e-05
-8.384 0.00021224 6.1794e-05
-8.326 0.00022431 6.4386e-05
-8.268 0.00023737 6.7235e-05
-8.21 0.00039546 9.8308e-05
-8.152 0.00022395 6.4284e-05
-8.0939 0.00030049 7.9777e-05
-8.0359 0.00036625 9.2788e-05
-7.9779 0.00030026 7.9718e-05
-7.9199 0.0003115 8.1976e-05
-7.8619 0.00035372 9.0234e-05
-7.8038 0.00024843 6.9494e-05
-7.7458 0.00025738 7.1161e-05
-7.6878 0.00030033 7.9735e-05
-7.6298 0.0003239 8.4528e-05
-7.5718 0.00030529 8.1053e-05
-7.5137 0.00034678 8.9104e-05
-7.4557 0.0004307 0.0001053
-7.3977 0.00033548 8.6856e-05
-7.3397 0.00042479 0.00010441
-7.2816 0.00039131 9.7866e-05
-7.2236 0.00027986 7.5734e-05
-7.1656 0.0002378 6.7354e-05
-7.1076 0.00021935 6.3867e-05
-7.0496 0.00042184 0.00010368
-6.9915 0.00032097 8.3764e-05
-6.9335 0.00032713 8.5371e-05
-6.8755 0.00031507 8.2914e-05
-6.8175 0.00028025 7.5842e-05
-6.7595 0.00023701 6.713e-05
-6.7014 0.00040982 0.00010129
-6.6434 0.00040385 0.0001004
-6.5854 0.00037826 9.52e-05
-6.5274 0.0003581 9.135e-05
-6.4694 0.00032173 8.3962e-05
-6.4113 0.00032908 8.5879e-05
-6.3533 0.00025073 7.0138e-05
-6.2953 0.00032397 8.4546e-05
-6.2373 0.00032181 8.3982e-05
-6.1792 0.00037433 9.4835e-05
-6.1212 0.00035475 9.0497e-05
-6.0632 0.00036765 9.3142e-05
-6.0052 0.00041407 0.00010234
-5.9472 0.00026086 7.2123e-05
-5.8891 0.00032781 8.5548e-05
-5.8311 0.00030257 8.0331e-05
-5.7731 0.00034522 8.8703e-05
-5.7151 0.00027494 7.5182e-05
-5.6571 0.00041729 0.00010257
-5.599 0.00029127 7.8051e-05
-5.541 0.0003398 8.7975e-05
-5.483 0.00031634 8.325e-05
-5.425 0.00029135 7.8075e-05
-5.3669 0.00029142 7.8093e-05
-5.3089 0.00049104 0.00011723
-5.2509 0.00035967 9.1751e-05
-5.1929 0.00028952 7.7583e-05
-5.1349 0.00042378 0.00010416
-5.0768 0.00027043 7.3948e-05
-5.0188 0.00030681 8.1457e-05
-4.9608 0.00028178 7.6254e-05
-4.9028 0.00037627 9.4701e-05
-4.8448 0.0004045 0.00010056
-4.7867 0.00041001 0.00010134
-4.7287 0.00039154 9.7923e-05
-4.6707 0.00026237 7.2539e-05
-4.6127 0.00033321 8.6269e-05
-4.5547 0.00033786 8.7473e-05
-4.4966 0.00038241 9.6245e-05
-4.4386 0.00038442 9.6752e-05
-4.3806 0.000396 9.8444e-05
-4.3226 0.00029493 7.9034e-05
-4.2645 0.00047944 0.00011496
-4.2065 0.00042226 0.00010379
-4.1485 0.00049113 0.00011725
-4.0905 0.00039192 9.802e-05
-4.0325 0.00044623 0.00010854
-3.9744 0.00048783 0.00011646
-3.9164 0.00042444 0.00010432
-3.8584 0.00044005 0.00010758
-3.8004 0.00042262 0.00010388
-3.7424 0.00039989 9.9411e-05
-3.6843 0.00039139 9.7886e-05
-3.6263 0.00039692 9.9269e-05
-3.5683 0.00042989 0.00010566
-3.5103 0.00043092 0.00010535
-3.4523 0.00042075 0.00010342
-3.3942 0.00046566 0.00011271
-3.3362 0.00040709 0.0001012
-3.2782 0.00040594 0.00010033
-3.2202 0.00043972 0.0001075
-3.1621 0.00042278 0.00010449
-3.1041 0.0004601 0.00011083
-3.0461 0.00044877 0.00010915
-2.9881 0.0003325 8.6772e-05
-2.9301 0.00055908 0.00012992
-2.872 0.00044397 0.00010854
-2.814 0.00043929 0.00010685
-2.756 0.00060247 0.00013908
-2.698 0.00053225 0.00012503
-2.64 0.00050193 0.00011932
-2.5819 0.0004098 0.00010187
-2.5239 0.0005389 0.00012612
-2.4659 0.00055131 0.00012951
-2.4079 0.00063657 0.00014477
-2.3499 0.00052763 0.00012394
-2.2918 0.00052173 0.00012403
-2.2338 0.00063245 0.00014344
-2.1758 0.00056939 0.00013278
-2.1178 0.00048301 0.00011531
-2.0597 0.00074717 0.0001662
-2.0017 0.00055183 0.00012963
-1.9437 0.00072203 0.00016061
-1.8857 0.00063613 0.00014508
-1.8277 0.00062569 0.00014354
-1.7696 0.00076237 0.00016752
-1.7116 0.0006751 0.00015397
-1.6536 0.00078718 0.00017331
-1.5956 0.00077653 0.00017164
-1.5376 0.00084668 0.00018379
-1.4795 0.00097105 0.00020948
-1.4215 0.0011544 0.00024272
-1.3635 0.0016632 0.00033804
-1.3055 0.0016995 0.00034406
-1.2475 0.0017765 0.00036016
-1.1894 0.0026415 0.00051991
-1.1314 0.0028412 0.00056041
-1.0734 0.0034412 0.00066991
-1.0154 0.0040937 0.00079094
-0.95735 0.0046292 0.00089183
-0.89933 0.0051842 0.00099592
-0.84131 0.006217 0.0011869
-0.78328 0.0067227 0.0012813
-0.72526 0.0078518 0.0014929
-0.66724 0.0080061 0.001523
-0.60922 0.008391 0.0015959
-0.5512 0.0090602 0.0017197
-0.49318 0.0092419 0.0017506
-0.43516 0.0085431 0.0016196
-0.37714 0.0091842 0.0017409
-0.31912 0.0085887 0.0016307
-0.26109 0.0093104 0.0017705
-0.20307 0.0082886 0.0015723
-0.14505 0.0073132 0.0013916
-0.087032 0.0080076 0.0015238
-0.029011 0.01 0.001865
0.029011 0.006597 0.0012605
0.087032 0.0055781 0.0010679
0.14505 0.0046945 0.00090207
0.20307 0.0043092 0.00083723
0.26109 0.003148 0.00061554
0.31912 0.0025756 0.0005079
0.37714 0.0023403 0.00046234
0.43516 0.0014106 0.00028933
0.49318 0.0015986 0.00032728
0.5512 0.0011778 0.00024921
0.60922 0.00097887 0.00021055
0.66724 0.00078483 0.00017279
0.72526 0.00089031 0.00019206
0.78328 0.00079786 0.00017499
0.84131 0.00077216 0.00017103
0.89933 0.00058522 0.0001351
0.95735 0.00060478 0.00013833
1.0154 0.00060379 0.00013852
1.0734 0.0006014 0.00014024
1.1314 0.00057327 0.00013234
1.1894 0.0005862 0.00013622
1.2475 0.00066115 0.00014879
1.3055 0.00053472 0.00012561
1.3635 0.00052195 0.00012308
1.4215 0.00075507 0.0001691
1.4795 0.00054005 0.0001255
1.5376 0.00062483 0.00014292
1.5956 0.00058579 0.00013523
1.6536 0.00061704 0.00014291
1.7116 0.00045955 0.00010971
1.7696 0.00040538 0.00010138
1.8277 0.00055837 0.00013068
1.8857 0.00051679 0.0001214
1.9437 0.00056073 0.00013172
2.0017 0.00040255 0.00010007
2.0597 0.00052963 0.00012441
2.1178 0.00041183 0.000103
2.1758 0.00038646 9.6073e-05
2.2338 0.00062411 0.00014407
2.2918 0.00039872 9.912e-05
2.3499 0.00032898 8.5855e-05
2.4079 0.00033571 8.761e-05
2.4659 0.00033257 8.6791e-05
2.5239 0.00033028 8.6193e-05
2.5819 0.00049649 0.00011853
2.64 0.00036999 9.3736e-05
2.698 0.00044449 0.00010925
2.756 0.00036719 9.3026e-05
2.814 0.00048601 0.00011708
2.872 0.00044212 0.00010754
2.9301 0.00042379 0.00010474
2.9881 0.00039896 9.9779e-05
3.0461 0.00054365 0.00012723
3.1041 0.0004497 0.00010994
3.1621 0.0005266 0.00012467
3.2202 0.00039653 9.8574e-05
3.2782 0.00040417 0.00010108
3.3362 0.00032328 8.5076e-05
3.3942 0.00038241 9.6245e-05
3.4523 0.00045373 0.00010982
3.5103 0.00032325 8.5066e-05
3.5683 0.00049021 0.00011755
3.6263 0.00030899 8.2036e-05
3.6843 0.00041656 0.00010296
3.7424 0.00027396 7.4912e-05
3.8004 0.00039165 9.8572e-05
3.8584 0.00036606 9.3382e-05
3.9164 0.00031793 8.3668e-05
3.9744 0.00039716 9.933e-05
4.0325 0.00025394 7.1036e-05
4.0905 0.0003222 8.479e-05
4.1485 0.00044019 0.00010762
4.2065 0.00031117 8.2613e-05
4.2645 0.00035446 9.1079e-05
4.3226 0.00039321 9.8341e-05
4.3806 0.0002759 7.5443e-05
4.4386 0.00032303 8.5011e-05
4.4966 0.00024285 6.8786e-05
4.5547 0.00031687 8.3389e-05
4.6127 0.00033283 8.6858e-05
4.6707 0.00033175 8.6578e-05
4.7287 0.00026293 7.2693e-05
4.7867 0.00029879 8.0067e-05
4.8448 0.00030597 8.1232e-05
4.9028 0.00031935 8.4041e-05
4.9608 0.00041095 0.00010216
5.0188 0.00045062 0.0001096
5.0768 0.00032932 8.5943e-05
5.1349 0.00026137 7.2264e-05
5.1929 0.0002671 7.3848e-05
5.2509 0.00031012 8.2333e-05
5.3089 0.00030863 8.1939e-05
5.3669 0.00036021 9.1889e-05
5.425 0.00036738 9.3717e-05
5.483 0.0003348 8.7374e-05
5.541 0.00030708 8.1528e-05
5.599 0.0003284 8.5702e-05
5.6571 0.00027011 7.468e-05
5.7151 0.00028489 7.7096e-05
5.7731 0.00033194 8.6626e-05
5.8311 0.0003457 8.9502e-05
5.8891 0.00033294 8.6887e-05
5.9472 0.00032294 8.4986e-05
6.0052 0.00024304 6.884e-05
6.0632 0.0003526 9.06e-05
6.1212 0.00028149 7.6972e-05
6.1792 0.00013196 4.5352e-05
6.2373 0.00017741 5.5331e-05
6.2953 0.00030804 8.1783e-05
6.3533 0.00037253 9.5031e-05
6.4113 0.00027433 7.5014e-05
6.4694 0.00020038 6.0222e-05
6.5274 0.00027458 7.5083e-05
6.5854 0.00025936 7.2551e-05
6.6434 0.0003787 9.5941e-05
6.7014 0.00031886 8.3912e-05
6.7595 0.00033182 8.6596e-05
6.8175 0.00025552 7.1478e-05
6.8755 0.00030226 8.0998e-05
6.9335 0.00034331 8.8883e-05
6.9915 0.00014311 4.7827e-05
7.0496 0.00022511 6.5543e-05
7.1076 0.00016696 5.3175e-05
7.1656 0.00031917 8.3994e-05
7.2236 0.00034479 8.9266e-05
7.2816 0.00029132 7.8836e-05
7.3397 0.0002444 6.9224e-05
7.3977 0.00018718 5.7265e-05
7.4557 0.00028962 7.8377e-05
7.5137 0.00020118 6.0462e-05
7.5718 0.00018898 5.7814e-05
7.6298 0.0002874 7.7774e-05
7.6878 0.00026581 7.3491e-05
7.7458 0.00035683 9.1686e-05
7.8038 0.00018792 5.7492e-05
7.8619 0.00023088 6.6271e-05
7.9199 0.00014333 4.7901e-05
7.9779 0.00017822 5.5586e-05
8.0359 0.00025241 7.0607e-05
8.0939 0.00027345 7.4774e-05
8.152 0.0002199 6.4025e-05
8.21 0.00017733 5.5306e-05
8.268 0.00029695 7.9573e-05
8.326 0.00029621 7.9375e-05
8.384 0.00034021 8.808e-05
8.4421 0.00018742 5.7338e-05
8.5001 0.00022095 6.4332e-05
8.5581 0.00032721 8.5391e-05
8.6161 0.00022087 6.4309e-05
8.6742 0.00025477 7.1268e-05
8.7322 0.00013206 4.5384e-05
8.7902 0.000164 5.2233e-05
8.8482 0.00023209 6.6618e-05
8.9062 0.00026593 7.3523e-05
8.9643 0.00022032 6.4147e-05
9.0223 0.00018757 5.7385e-05
9.0803 0.00018655 5.7074e-05
9.1383 0.00029995 8.0377e-05
9.1963 0.00020948 6.1932e-05
9.2544 0.00021722 6.3246e-05
9.3124 0.00020949 6.1934e-05
9.3704 0.00022074 6.4271e-05
9.4284 0.00025128 7.0291e-05
9.4864 0.00021804 6.3484e-05
9.5445 0.00022022 6.4119e-05
9.6025 0.00027727 7.5817e-05
9.6605 0.00020839 6.1607e-05
9.7185 0.00016233 5.1701e-05
9.7766 0.00018691 5.7182e-05
9.8346 0.00028696 7.7655e-05
9.8926 0.00024147 6.8395e-05
9.9506 0.00017498 5.4573e-05
10.009 0.00017525 5.4659e-05
10.067 0.00017577 5.4819e-05
10.125 0.0002398 6.7921e-05
10.183 0.00019601 5.8911e-05
10.241 0.00019634 5.901e-05
10.299 0.00018629 5.6992e-05
10.357 0.00024131 6.8349e-05
10.415 0.00017413 5.4308e-05
10.473 0.0002845 7.6992e-05
10.531 0.00024077 6.8197e-05
10.589 0.0002389 6.7666e-05
10.647 0.00032586 8.5041e-05
10.705 0.0001521 4.9565e-05
10.763 0.00015295 4.9843e-05
10.821 0.00024908 6.9675e-05
10.879 0.00016181 5.1535e-05
10.937 0.00015224 4.9613e-05
10.995 0.00016409 5.2263e-05
11.053 0.00019571 5.8818e-05
11.111 0.00030115 7.9953e-05
11.169 0.00024917 6.9701e-05
11.227 0.0001741 5.43e-05
11.285 0.00026059 7.2048e-05
11.343 0.00023798 6.7407e-05
11.401 0.00019485 5.8562e-05
11.459 0.00016326 5.1997e-05
11.517 0.00014109 4.7154e-05
11.575 0.00011881 4.212e-05
11.633 0.00017368 5.417e-05
11.691 0.00017339 5.4078e-05
11.749 0.00030316 8.0487e-05
11.807 0.00021539 6.2713e-05
11.865 0.00021665 6.308e-05
11.923 0.00019677 5.9139e-05
11.981 0.00014059 4.6987e-05
12.039 0.00019447 5.8448e-05
12.097 0.00020503 6.0617e-05
12.155 0.00018406 5.6311e-05
12.213 0.00020575 6.0829e-05
12.271 0.00027866 7.5411e-05
12.329 0.00021534 6.2697e-05
12.388 0.00026116 7.2204e-05
12.446 0.00025726 7.1125e-05
12.504 0.00022423 6.4364e-05
12.562 0.00012862 4.4202e-05
12.62 0.00019403 5.8316e-05
12.678 0.0001706 5.3208e-05
12.736 0.00013833 4.6231e-05
12.794 0.00025678 7.0993e-05
12.852 0.00018132 5.5471e-05
12.91 0.00021168 6.1632e-05
12.968 0.00015964 5.0845e-05
13.026 0.00023338 6.6103e-05
13.084 0.00021358 6.2186e-05
13.142 0.00021245 6.1856e-05
13.2 0.0001587 5.0544e-05
13.258 0.0002128 6.1958e-05
13.316 0.00022352 6.416e-05
13.374 0.00011705 4.1494e-05
13.432 0.00014783 4.8174e-05
13.49 0.00014807 4.8253e-05
13.548 0.00026556 7.2617e-05
13.606 0.00023304 6.6006e-05
13.664 0.0002326 6.5882e-05
13.722 0.00015906 5.066e-05
13.78 0.00025398 7.0218e-05
13.838 0.00024339 6.8085e-05
13.896 0.00024001 6.7138e-05
13.954 0.00021086 6.1392e-05
14.012 0.00012678 4.3569e-05
14.07 0.00014758 4.8093e-05
14.128 0.0002403 6.7221e-05
14.186 0.00022108 6.3458e-05
14.244 0.00017851 5.4612e-05
14.302 0.00015692 4.9977e-05
14.36 0.00016684 5.2035e-05
14.418 0.00017863 5.4648e-05
14.476 0.00014674 4.7819e-05
14.534 0.00019968 5.9034e-05
14.592 0.00019858 5.8708e-05
14.65 0.00021767 6.248e-05
14.708 0.00015789 5.0288e-05
14.766 0.00021128 6.1515e-05
14.824 0.00020769 6.047e-05
14.882 0.00019946 5.897e-05
14.94 0.00012522 4.3033e-05
14.998 0.00021776 6.2504e-05
15.056 0.00022882 6.4812e-05
15.114 0.00019709 5.8267e-05
15.173 0.00024935 6.894e-05
15.231 0.00017678 5.4084e-05
15.289 0.00016504 5.1472e-05
15.347 0.00022779 6.452e-05
15.405 0.00022812 6.4614e-05
15.463 0.00023608 6.604e-05
15.521 0.0001637 5.1056e-05
15.579 0.00028915 7.6767e-05
15.637 0.00019479 5.7588e-05
15.695 0.00022537 6.3835e-05
15.753 0.00020365 5.9294e-05
15.811 0.00020471 5.9602e-05
15.869 0.00010282 3.7748e-05
15.927 0.00016328 5.0925e-05
15.985 0.00016261 5.0716e-05
16.043 0.00016366 5.1044e-05
16.101 0.000265 7.1715e-05
16.159 0.00016343 5.0971e-05
16.217 0.00020333 5.9201e-05
16.275 0.00020371 5.931e-05
16.333 0.00019431 5.7445e-05
16.391 0.00015208 4.8438e-05
16.449 0.00015188 4.8374e-05
16.507 0.0001623 5.0619e-05
16.565 0.00017236 5.2731e-05
16.623 0.00014196 4.6262e-05
16.681 0.00018974 5.6094e-05
16.739 0.00023054 6.4489e-05
16.797 0.00019237 5.6873e-05
16.855 0.00014917 4.7509e-05
16.913 0.00019891 5.7913e-05
16.971 0.00019934 5.8038e-05
17.029 0.00020949 6.0133e-05
17.087 0.00024986 6.8324e-05
17.145 9.8825e-05 3.628e-05
17.203 0.00020943 6.0115e-05
17.261 0.00027924 7.4135e-05
17.319 0.00013851 4.5137e-05
17.377 0.00020725 5.9488e-05
17.435 0.00019777 5.7582e-05
17.493 0.00012907 4.3135e-05
17.551 0.00018749 5.5428e-05
17.609 0.00018636 5.5095e-05
17.667 0.0001478 4.7073e-05
17.725 0.00019648 5.7208e-05
17.783 0.00012713 4.2489e-05
17.841 0.00013638 4.4443e-05
17.9 0.00016556 5.0649e-05
17.958 0.00018632 5.5084e-05
18.016 0.00023304 6.443e-05
18.074 0.00014523 4.6255e-05
18.132 0.00022403 6.2669e-05
18.19 0.00016334 4.9971e-05
18.248 0.00015481 4.8284e-05
18.306 0.00022996 6.3578e-05
18.364 0.00010597 3.7569e-05
18.422 0.0001065 3.7754e-05
18.48 0.00023116 6.391e-05
18.538 0.00014354 4.5718e-05
18.596 0.00015326 4.7799e-05
18.654 0.00018232 5.3901e-05
18.712 0.00020223 5.8048e-05
18.77 0.00014297 4.5534e-05
18.828 0.00020038 5.7518e-05
18.886 7.6691e-05 3.0655e-05
18.944 0.00019968 5.7316e-05
19.002 0.00018882 5.4976e-05
19.06 0.00015179 4.7342e-05
19.118 0.00012393 4.1418e-05
19.176 0.0001697 5.1003e-05
19.234 0.00018741 5.4565e-05
19.292 0.00017872 5.2837e-05
19.35 0.00019758 5.6714e-05
19.408 0.00013164 4.29e-05
19.466 0.00019542 5.6093e-05
19.524 0.00019548 5.6111e-05
19.582 0.00013073 4.2602e-05
19.64 0.00022264 6.1554e-05
19.698 0.00023063 6.3065e-05
19.756 0.00020299 5.7495e-05
19.814 0.00020497 5.8056e-05
19.872 0.0001567 4.794e-05
19.93 0.00011016 3.7857e-05
19.988 0.00015636 4.7837e-05
20.046 0.00011011 3.7839e-05
20.104 0.00016497 4.9582e-05
20.162 0.00014558 4.5403e-05
20.22 0.00017389 5.141e-05
20.278 0.00020957 5.8624e-05
20.336 0.00012694 4.1367e-05
20.394 0.00017251 5.1002e-05
20.452 0.00025318 6.7218e-05
20.51 0.00016329 4.9076e-05
20.568 0.00016189 4.8655e-05
20.626 0.00012538 4.0859e-05
20.685 0.00012476 4.0659e-05
20.743 0.00020559 5.7509e-05
20.801 0.00012445 4.0556e-05
20.859 0.00015955 4.7953e-05
20.917 0.00017766 5.1728e-05
20.975 0.00018594 5.3371e-05
21.033 0.00016802 4.9674e-05
21.091 0.0002011 5.6253e-05
21.149 0.0001844 5.293e-05
21.207 0.00015782 4.7431e-05
21.265 0.00022673 6.1358e-05
21.323 0.00013004 4.1416e-05
21.381 0.00014851 4.5435e-05
21.439 0.00014896 4.5571e-05
21.497 0.00021684 5.9295e-05
21.555 0.00017967 5.1573e-05
21.613 0.00018976 5.3748e-05
21.671 0.00013815 4.3087e-05
21.729 0.00019679 5.5049e-05
21.787 0.00016915 4.9248e-05
21.845 0.00013618 4.2471e-05
21.903 0.00023804 6.3197e-05
21.961 0.0001846 5.2287e-05
22.019 0.00021678 5.8664e-05
22.077 0.00014194 4.3425e-05
22.135 0.00018413 5.2154e-05
22.193 0.00017494 5.0215e-05
22.251 0.00010685 3.5711e-05
22.309 0.00014084 4.3088e-05
22.367 0.00011557 3.7661e-05
22.425 0.00014855 4.4645e-05
22.483 0.00016378 4.7685e-05
22.541 0.00019674 5.4395e-05
22.599 0.00023057 6.1215e-05
22.657 0.00014666 4.408e-05
22.715 0.00016251 4.7316e-05
22.773 0.00014627 4.396e-05
22.831 0.00013032 4.0646e-05
22.889 0.00020144 5.5082e-05
22.947 0.00019925 5.4484e-05
23.005 0.00017577 4.9785e-05
23.063 0.00023231 6.1136e-05
23.121 0.00019037 5.2634e-05
23.179 0.00018131 5.0719e-05
23.237 0.00014116 4.2425e-05
23.295 0.00017246 4.8848e-05
23.353 0.00018599 5.1423e-05
23.412 0.00020865 5.5914e-05
23.47 0.00017018 4.8203e-05
23.528 0.00013921 4.184e-05
23.586 0.00013812 4.1513e-05
23.644 0.00013697 4.1165e-05
23.702 0.00015143 4.4089e-05
23.76 0.00022765 5.941e-05
23.818 0.00015806 4.5368e-05
23.876 0.00019386 5.2463e-05
23.934 9.7034e-05 3.243e-05
23.992 0.00018599 5.0858e-05
24.05 0.00017018 4.7605e-05
24.108 0.00019758 5.2947e-05
24.166 6.5899e-05 2.517e-05
24.224 0.00018998 5.1413e-05
24.282 0.00015256 4.379e-05
24.34 0.00016546 4.6284e-05
24.398 0.00019502 5.226e-05
24.456 0.00026549 6.6e-05
24.514 0.00014268 4.1542e-05
24.572 0.00012029 3.6802e-05
24.63 0.00019873 5.2761e-05
24.688 0.00016259 4.5482e-05
24.746 0.00016154 4.5189e-05
24.804 0.00024272 6.1088e-05
24.862 0.00012396 3.7255e-05
24.92 0.0001236 3.7147e-05
24.978 0.00021764 5.5923e-05
25.036 0.00015527 4.3433e-05
25.094 0.000195 5.1316e-05
25.152 0.00016071 4.4432e-05
25.21 0.00017948 4.8096e-05
25.268 0.00013903 3.9907e-05
25.326 0.00024424 6.0716e-05
25.384 0.00013742 3.9444e-05
25.442 0.00015708 4.3428e-05
25.5 0.00019992 5.1761e-05
25.558 0.00010293 3.2103e-05
25.616 0.0001529 4.2272e-05
25.674 0.0001774 4.7099e-05
25.732 0.00015585 4.2617e-05
25.79 0.00015513 4.2421e-05
25.848 0.0002045 5.2169e-05
25.906 0.00022793 5.6663e-05
25.964 0.00017031 4.5217e-05
26.022 0.00018239 4.7598e-05
26.08 0.00015098 4.1284e-05
26.138 0.00015636 4.2314e-05
26.197 0.00017223 4.5325e-05
26.255 0.00016711 4.4367e-05
26.313 0.00015934 4.2699e-05
26.371 0.0001467 4.0114e-05
26.429 0.00015077 4.0801e-05
26.487 0.00017276 4.5086e-05
26.545 0.00018318 4.7068e-05
26.603 0.00012415 3.5165e-05
26.661 0.00018823 4.7688e-05
26.719 0.00016462 4.2961e-05
26.777 0.00016885 4.3715e-05
26.835 0.00020577 5.0859e-05
26.893 0.00020269 5.0096e-05
26.951 0.00020646 5.0746e-05
27.009 0.00016756 4.3054e-05
27.067 0.00013974 3.7446e-05
27.125 0.0002078 5.0543e-05
27.183 0.00011981 3.3126e-05
27.241 0.00022317 5.3278e-05
27.299 0.00014568 3.8018e-05
27.357 0.0001822 4.5033e-05
27.415 0.00017138 4.2863e-05
27.473 0.00017046 4.2633e-05
27.531 0.0001864 4.5572e-05
27.589 0.00012896 3.4237e-05
27.647 0.00016358 4.0911e-05
27.705 0.00016106 4.028e-05
27.763 0.00017881 4.3492e-05
27.821 0.00017537 4.2655e-05
27.879 0.00019687 4.6608e-05
27.937 0.00019782 4.6648e-05
27.995 0.00017703 4.245e-05
28.053 0.00016536 4.0022e-05
28.111 0.00019951 4.6524e-05
28.169 0.00016419 3.9551e-05
28.227 0.00016893 4.033e-05
28.285 0.0001604 3.8461e-05
28.343 0.00014267 3.488e-05
28.401 0.00020655 4.6974e-05
28.459 0.00016965 3.9704e-05
28.517 0.00021415 4.796e-05
28.575 0.00017859 4.097e-05
28.633 0.00020144 4.5009e-05
28.691 0.00015685 3.6208e-05
28.749 0.00018754 4.1716e-05
28.807 0.00022049 4.7709e-05
28.865 0.00015798 3.5735e-05
28.924 0.00016932 3.7663e-05
28.982 0.00014667 3.3092e-05
29.04 0.00020541 4.3828e-05
29.098 0.00017436 3.7559e-05
29.156 0.00017651 3.7522e-05
29.214 0.00017669 3.7004e-05
29.272 0.0001879 3.8492e-05
29.33 0.00016596 3.3877e-05
29.388 0.00017166 3.3767e-05
29.446 0.00018082 3.5673e-05
29.504 0 1
29.562 0 1
29.62 0 1
29.678 0 1
