-29.678 0 1
-29.62 0 1
-29.562 0 1
-29.504 0.00021224 4.0769e-05
-29.446 0.0002217 4.2429e-05
-29.388 0.00021764 4.236e-05
-29.33 0.00022675 4.4367e-05
-29.272 0.00023249 4.5758e-05
-29.214 0.00022984 4.5605e-05
-29.156 0.00022675 4.5339e-05
-29.098 0.00021366 4.3133e-05
-29.04 0.00023858 4.799e-05
-28.982 0.00018366 3.7855e-05
-28.924 0.00021227 4.3376e-05
-28.865 0.00022074 4.5106e-05
-28.807 0.00022384 4.5846e-05
-28.749 0.00020276 4.2095e-05
-28.691 0.00021041 4.3717e-05
-28.633 0.00023597 4.8669e-05
-28.575 0.00021051 4.4034e-05
-28.517 0.00018899 4.0094e-05
-28.459 0.00021744 4.561e-05
-28.401 0.00021184 4.4652e-05
-28.343 0.0002274 4.7698e-05
-28.285 0.00018516 3.9884e-05
-28.227 0.00023382 4.9139e-05
-28.169 0.00022132 4.6901e-05
-28.111 0.00020758 4.4355e-05
-28.053 0.00020979 4.4884e-05
-27.995 0.00020678 4.4417e-05
-27.937 0.00019117 4.1556e-05
-27.879 0.00021105 4.5398e-05
-27.821 0.00023916 5.0796e-05
-27.763 0.00021859 4.7086e-05
-27.705 0.00022386 4.8152e-05
-27.647 0.00019607 4.2985e-05
-27.589 0.00017604 3.9297e-05
-27.531 0.00022525 4.8734e-05
-27.473 0.00019922 4.3836e-05
-27.415 0.00021539 4.6976e-05
-27.357 0.00019021 4.2275e-05
-27.299 0.00022744 4.944e-05
-27.241 0.00022457 4.8896e-05
-27.183 0.00021362 4.6919e-05
-27.125 0.00021074 4.6461e-05
-27.067 0.00021093 4.6593e-05
-27.009 0.00018612 4.1941e-05
-26.951 0.00023309 5.0923e-05
-26.893 0.00022813 5.0104e-05
-26.835 0.00021292 4.7323e-05
-26.777 0.00023328 5.1237e-05
-26.719 0.00021356 4.7567e-05
-26.661 0.0002169 4.8311e-05
-26.603 0.00020724 4.6585e-05
-26.545 0.00021511 4.8127e-05
-26.487 0.00019606 4.4525e-05
-26.429 0.0002643 5.7547e-05
-26.371 0.00022027 4.9282e-05
-26.313 0.00018454 4.2519e-05
-26.255 0.00026489 5.777e-05
-26.197 0.00025673 5.6285e-05
-26.138 0.00023491 5.2211e-05
-26.08 0.00023968 5.3159e-05
-26.022 0.00022269 4.994e-05
-25.964 0.00025634 5.6407e-05
-25.906 0.00020363 4.6499e-05
-25.848 0.00020423 4.6637e-05
-25.79 0.00025862 5.7016e-05
-25.732 0.00025487 5.6412e-05
-25.674 0.00019821 4.5668e-05
-25.616 0.0002498 5.552e-05
-25.558 0.00027536 6.0368e-05
-25.5 0.0002312 5.2098e-05
-25.442 0.00019616 4.5487e-05
-25.384 0.0002041 4.7026e-05
-25.326 0.00027525 6.0566e-05
-25.268 0.00021453 4.913e-05
-25.21 0.00023149 5.2431e-05
-25.152 0.00025058 5.6063e-05
-25.094 0.0001951 4.5553e-05
-25.036 0.00018761 4.4125e-05
-24.978 0.00026341 5.8672e-05
-24.92 0.00018249 4.3256e-05
-24.862 0.00019441 4.5554e-05
-24.804 0.00021285 4.9198e-05
-24.746 0.00025328 5.6934e-05
-24.688 0.00020327 4.7459e-05
-24.63 0.00019116 4.5132e-05
-24.572 0.00020554 4.799e-05
-24.514 0.0001592 3.9174e-05
-24.456 0.00023272 5.3297e-05
-24.398 0.00018804 4.4753e-05
-24.34 0.00021075 4.9205e-05
-24.282 0.00023538 5.3907e-05
-24.224 0.00020745 4.8611e-05
-24.166 0.00019462 4.6131e-05
-24.108 0.00021784 5.0685e-05
-24.05 0.00021118 4.9484e-05
-23.992 0.00020246 4.78e-05
-23.934 0.00021205 4.9687e-05
-23.876 0.00020868 4.908e-05
-23.818 0.00020157 4.7777e-05
-23.76 0.00023946 5.5005e-05
-23.702 0.00018936 4.5459e-05
-23.644 0.00024106 5.5373e-05
-23.586 0.00027405 6.1755e-05
-23.528 0.00024772 5.6733e-05
-23.47 0.00020818 4.9149e-05
-23.412 0.0001662 4.1122e-05
-23.353 0.00018453 4.4715e-05
-23.295 0.0002021 4.8101e-05
-23.237 0.00021938 5.1406e-05
-23.179 0.00023048 5.3627e-05
-23.121 0.00014767 3.7709e-05
-23.063 0.00024532 5.6524e-05
-23.005 0.00023227 5.4042e-05
-22.947 0.00021592 5.0976e-05
-22.889 0.00022684 5.3152e-05
-22.831 0.00019468 4.6952e-05
-22.773 0.00019892 4.7754e-05
-22.715 0.00016381 4.1012e-05
-22.657 0.00026644 6.0843e-05
-22.599 0.00019341 4.6866e-05
-22.541 0.00019219 4.6569e-05
-22.483 0.00022652 5.3275e-05
-22.425 0.00019932 4.8069e-05
-22.367 0.0002878 6.5016e-05
-22.309 0.00024632 5.7121e-05
-22.251 0.00019646 4.7606e-05
-22.193 0.00025432 5.8783e-05
-22.135 0.00022886 5.3826e-05
-22.077 0.00023414 5.4863e-05
-22.019 0.00016112 4.0863e-05
-21.961 0.00024688 5.7443e-05
-21.903 0.00026633 6.1176e-05
-21.845 0.00026618 6.1142e-05
-21.787 0.00019073 4.6683e-05
-21.729 0.00022181 5.2792e-05
-21.671 0.00022084 5.2559e-05
-21.613 0.00023963 5.6151e-05
-21.555 0.00017433 4.3646e-05
-21.497 0.00027825 6.3724e-05
-21.439 0.00021075 5.0827e-05
-21.381 0.00024719 5.7715e-05
-21.323 0.00026123 6.0578e-05
-21.265 0.00019181 4.7198e-05
-21.207 0.00016787 4.2572e-05
-21.149 0.00023084 5.4716e-05
-21.091 0.00021277 5.1314e-05
-21.033 0.00020944 5.0751e-05
-20.975 0.00018982 4.6967e-05
-20.917 0.0002619 6.0733e-05
-20.859 0.00022977 5.4686e-05
-20.801 0.00024044 5.6766e-05
-20.743 0.00021433 5.169e-05
-20.685 0.00022464 5.3692e-05
-20.626 0.0001609 4.1385e-05
-20.568 0.00023803 5.6419e-05
-20.51 0.00016157 4.1557e-05
-20.452 0.0002512 5.8862e-05
-20.394 0.00023782 5.637e-05
-20.336 0.00022873 5.467e-05
-20.278 0.00018326 4.5881e-05
-20.22 8.1222e-05 2.5349e-05
-20.162 0.00021031 5.1212e-05
-20.104 0.00021513 5.2129e-05
-20.046 0.00020025 4.9273e-05
-19.988 0.00021007 5.1153e-05
-19.93 0.00023117 5.5254e-05
-19.872 0.00025952 6.081e-05
-19.814 0.00018551 4.6446e-05
-19.756 0.00022745 5.4603e-05
-19.698 0.00027958 6.4623e-05
-19.64 0.00016254 4.2123e-05
-19.582 0.00023506 5.6182e-05
-19.524 0.00019225 4.7843e-05
-19.466 0.00018306 4.6122e-05
-19.408 0.00020011 4.9512e-05
-19.35 0.00025273 5.9668e-05
-19.292 0.00017807 4.516e-05
-19.234 0.00021013 5.143e-05
-19.176 0.00030993 7.0774e-05
-19.118 0.00022711 5.4772e-05
-19.06 0.00027433 6.3829e-05
-19.002 0.00024887 5.8988e-05
-18.944 0.00028258 6.5528e-05
-18.886 0.00018666 4.7029e-05
-18.828 0.00027046 6.3147e-05
-18.77 0.0002409 5.758e-05
-18.712 0.00021035 5.1759e-05
-18.654 0.00022383 5.4237e-05
-18.596 0.00021809 5.3107e-05
-18.538 0.00014473 3.882e-05
-18.48 0.00021735 5.3199e-05
-18.422 0.00020509 5.0745e-05
-18.364 0.00028465 6.6008e-05
-18.306 0.00022163 5.3968e-05
-18.248 0.00021184 5.2126e-05
-18.19 0.0002177 5.3284e-05
-18.132 0.00021628 5.2936e-05
-18.074 0.00026245 6.1961e-05
-18.016 0.00025412 6.0482e-05
-17.958 0.0002785 6.5024e-05
-17.9 0.00023477 5.6618e-05
-17.841 0.00025748 6.1031e-05
-17.783 0.00024259 5.8237e-05
-17.725 0.00024889 5.9488e-05
-17.667 0.00019152 4.8252e-05
-17.609 0.0002043 5.0843e-05
-17.551 0.00022803 5.5526e-05
-17.493 0.00017653 4.5406e-05
-17.435 0.00019353 4.876e-05
-17.377 0.00021557 5.3044e-05
-17.319 0.00029004 6.7484e-05
-17.261 0.00018912 4.7964e-05
-17.203 0.00020382 5.0723e-05
-17.145 0.00023998 5.7875e-05
-17.087 0.00024058 5.8019e-05
-17.029 0.00015016 4.0276e-05
-16.971 0.00025628 6.0996e-05
-16.913 0.00019951 4.9951e-05
-16.855 0.00026517 6.2854e-05
-16.797 0.00020165 5.0487e-05
-16.739 0.00025009 5.9776e-05
-16.681 0.00024709 5.932e-05
-16.623 0.00023612 5.7214e-05
-16.565 0.00021347 5.282e-05
-16.507 0.00023619 5.7231e-05
-16.449 0.00022505 5.5083e-05
-16.391 0.0002392 5.7962e-05
-16.333 0.00019745 4.9748e-05
-16.275 0.00020744 5.1625e-05
-16.217 0.00025053 6.0144e-05
-16.159 0.0002444 5.8941e-05
-16.101 0.00021572 5.3376e-05
-16.043 0.00028286 6.628e-05
-15.985 0.00025558 6.1087e-05
-15.927 0.00020551 5.1453e-05
-15.869 0.00019351 4.9076e-05
-15.811 0.00020405 5.1088e-05
-15.753 0.00022811 5.5832e-05
-15.695 0.00027064 6.4151e-05
-15.637 0.00024606 5.9342e-05
-15.579 0.00020635 5.1664e-05
-15.521 0.00018317 4.7112e-05
-15.463 0.00026654 6.3436e-05
-15.405 0.00017273 4.5123e-05
-15.347 0.00028577 6.6962e-05
-15.289 0.00023127 5.6606e-05
-15.231 0.00027841 6.5731e-05
-15.173 0.00026629 6.3378e-05
-15.114 0.00016152 4.2923e-05
-15.056 0.00031198 7.211e-05
-14.998 0.0002727 6.4637e-05
-14.94 0.00025069 6.0457e-05
-14.882 0.00022467 5.5283e-05
-14.824 0.00019217 4.9073e-05
-14.766 0.00026959 6.4162e-05
-14.708 0.00020918 5.2372e-05
-14.65 0.00020818 5.2122e-05
-14.592 0.00023302 5.7033e-05
-14.534 0.0001742 4.5507e-05
-14.476 0.00020505 5.1661e-05
-14.418 0.00026112 6.2413e-05
-14.36 0.00025255 6.0906e-05
-14.302 0.00023446 5.7385e-05
-14.244 0.0002395 5.8319e-05
-14.186 0.00029002 6.7958e-05
-14.128 0.00015258 4.1329e-05
-14.07 0.00020069 5.0897e-05
-14.012 0.00025825 6.1999e-05
-13.954 0.00021023 5.2636e-05
-13.896 0.00018312 4.7457e-05
-13.838 0.00023618 5.7807e-05
-13.78 0.00017759 4.6392e-05
-13.722 0.00031667 7.3195e-05
-13.664 0.00027174 6.4674e-05
-13.606 0.000298 6.9828e-05
-13.548 0.00027746 6.5765e-05
-13.49 0.00026564 6.3493e-05
-13.432 0.00024308 5.9191e-05
-13.374 0.00019784 5.0522e-05
-13.316 0.00022548 5.5789e-05
-13.258 0.00022421 5.5475e-05
-13.2 0.00029124 6.8496e-05
-13.142 0.00026203 6.2906e-05
-13.084 0.00027909 6.6152e-05
-13.026 0.00024824 6.0151e-05
-12.968 0.00025091 6.0799e-05
-12.91 0.00020837 5.2498e-05
-12.852 0.00023984 5.8701e-05
-12.794 0.00029104 6.845e-05
-12.736 0.00023818 5.8297e-05
-12.678 0.00024789 6.0362e-05
-12.62 0.00027303 6.4981e-05
-12.562 0.00027877 6.6076e-05
-12.504 0.00025269 6.123e-05
-12.446 0.00029295 6.8899e-05
-12.388 0.00022227 5.5314e-05
-12.329 0.00023773 5.8186e-05
-12.271 0.00025218 6.1107e-05
-12.213 0.00030703 7.1687e-05
-12.155 0.00019295 4.9628e-05
-12.097 0.00019674 5.0239e-05
-12.039 0.00028433 6.7394e-05
-11.981 0.00019936 5.0909e-05
-11.923 0.00019181 4.9336e-05
-11.865 0.00019241 4.9491e-05
-11.807 0.00023939 5.8591e-05
-11.749 0.0002605 6.2824e-05
-11.691 0.0002233 5.5572e-05
-11.633 0.00025795 6.2209e-05
-11.575 0.0002528 6.1257e-05
-11.517 0.00029179 6.8889e-05
-11.459 0.00025976 6.2646e-05
-11.401 0.00022334 5.5581e-05
-11.343 0.00020601 5.2246e-05
-11.285 0.00016345 4.3842e-05
-11.227 0.00030314 7.1032e-05
-11.169 0.00031262 7.2739e-05
-11.111 0.00022416 5.5785e-05
-11.053 0.00020732 5.2578e-05
-10.995 0.00024342 5.958e-05
-10.937 0.00029655 6.9744e-05
-10.879 0.00018852 4.8857e-05
-10.821 0.00020108 5.1347e-05
-10.763 0.00027262 6.5161e-05
-10.705 0.00025461 6.1695e-05
-10.647 0.0002271 5.6516e-05
-10.589 0.00026942 6.468e-05
-10.531 0.00028179 6.7068e-05
-10.473 0.0002863 6.7861e-05
-10.415 0.00020755 5.2636e-05
-10.357 0.00026357 6.3565e-05
-10.299 0.00034368 7.8945e-05
-10.241 0.00024997 6.087e-05
-10.183 0.00025542 6.1891e-05
-10.125 0.00023968 5.8977e-05
-10.067 0.00023859 5.8709e-05
-10.009 0.0002189 5.4805e-05
-9.9506 0.00026962 6.4726e-05
-9.8926 0.00023413 5.793e-05
-9.8346 0.00029527 6.9711e-05
-9.7766 0.00026812 6.4367e-05
-9.7185 0.00017711 4.6655e-05
-9.6605 0.00023453 5.8031e-05
-9.6025 0.00022141 5.5435e-05
-9.5445 0.00017129 4.552e-05
-9.4864 0.00021624 5.448e-05
-9.4284 0.0002838 6.7546e-05
-9.3704 0.00023416 5.7938e-05
-9.3124 0.0002508 6.1072e-05
-9.2544 0.00019756 5.0814e-05
-9.1963 0.00025384 6.1812e-05
-9.1383 0.00022223 5.5639e-05
-9.0803 0.00023248 5.7523e-05
-9.0223 0.0003214 7.478e-05
-8.9643 0.00027926 6.6748e-05
-8.9062 0.00031029 7.2707e-05
-8.8482 0.00019707 5.0688e-05
-8.7902 0.00026052 6.3127e-05
-8.7322 0.0002605 6.3122e-05
-8.6742 0.00030283 7.1221e-05
-8.6161 0.00027062 6.4966e-05
-8.5581 0.00020993 5.3241e-05
-8.5001 0.00032944 7.6394e-05
-8.4421 0.00022286 5.5797e-05
-8.384 0.00031902 7.4228e-05
-8.326 0.00024363 5.9948e-05
-8.268 0.00028129 6.7232e-05
-8.21 0.00017312 4.6007e-05
-8.152 0.00031253 7.2969e-05
-8.0939 0.00027928 6.6751e-05
-8.0359 0.00021798 5.4919e-05
-7.9779 0.00021013 5.3291e-05
-7.9199 0.00015446 4.2275e-05
-7.8619 0.00030519 7.1779e-05
-7.8038 0.0002575 6.2703e-05
-7.7458 0.00026366 6.3888e-05
-7.6878 0.00024114 5.9337e-05
-7.6298 0.00023588 5.8363e-05
-7.5718 0.00028234 6.7483e-05
-7.5137 0.00028233 6.7481e-05
-7.4557 0.00022401 5.6084e-05
-7.3977 0.00021143 5.3621e-05
-7.3397 0.00022521 5.6386e-05
-7.2816 0.00019455 5.0419e-05
-7.2236 0.00033209 7.701e-05
-7.1656 0.00026746 6.4503e-05
-7.1076 0.00028396 6.7872e-05
-7.0496 0.0002471 6.0801e-05
-6.9915 0.00020982 5.3211e-05
-6.9335 0.00031381 7.3532e-05
-6.8755 0.00017847 4.7429e-05
-6.8175 0.00026027 6.3066e-05
-6.7595 0.0002683 6.4705e-05
-6.7014 0.00022675 5.677e-05
-6.6434 0.00024709 6.0478e-05
-6.5854 0.00021627 5.4847e-05
-6.5274 0.00024515 6.0003e-05
-6.4694 0.00028673 6.8532e-05
-6.4113 0.00029718 7.0162e-05
-6.3533 0.0003465 7.9836e-05
-6.2953 0.00019752 5.0802e-05
-6.2373 0.00025901 6.3071e-05
-6.1792 0.0002803 6.6997e-05
-6.1212 0.00030447 7.1883e-05
-6.0632 0.00022989 5.721e-05
-6.0052 0.00033722 7.7943e-05
-5.9472 0.00020876 5.3309e-05
-5.8891 0.00028671 6.8238e-05
-5.8311 0.00034656 7.9607e-05
-5.7731 0.00027427 6.6145e-05
-5.7151 0.00027106 6.5072e-05
-5.6571 0.00030911 7.27e-05
-5.599 0.00021232 5.3847e-05
-5.541 0.00029891 7.0569e-05
-5.483 0.00030187 7.127e-05
-5.425 0.00030005 7.084e-05
-5.3669 0.00021976 5.5369e-05
-5.3089 0.00019961 5.1342e-05
-5.2509 0.0003009 7.1041e-05
-5.1929 0.00026481 6.4168e-05
-5.1349 0.00033234 7.7067e-05
-5.0768 0.00027539 6.6114e-05
-5.0188 0.00018947 4.9494e-05
-4.9608 0.00028759 6.8448e-05
-4.9028 0.0002689 6.4851e-05
-4.8448 0.00030559 7.1871e-05
-4.7867 0.00021607 5.4796e-05
-4.7287 0.00030865 7.2592e-05
-4.6707 0.0002813 6.7235e-05
-4.6127 0.00026821 6.4684e-05
-4.5547 0.00027268 6.5762e-05
-4.4966 0.00025072 6.1366e-05
-4.4386 0.00027453 6.5907e-05
-4.3806 0.00030014 7.0862e-05
-4.3226 0.00030682 7.2438e-05
-4.2645 0.00026504 6.4222e-05
-4.2065 0.00017918 4.72e-05
-4.1485 0.00029708 7.0417e-05
-4.0905 0.00028438 6.7971e-05
-4.0325 0.00029796 7.0624e-05
-3.9744 0.00026417 6.4012e-05
-3.9164 0.00026972 6.5048e-05
-3.8584 0.00028446 6.799e-05
-3.8004 0.00031952 7.4603e-05
-3.7424 0.00029453 6.9813e-05
-3.6843 0.00033238 7.7076e-05
-3.6263 0.00030496 7.1999e-05
-3.5683 0.00028841 6.8642e-05
-3.5103 0.00036459 8.3257e-05
-3.4523 0.00030935 7.2755e-05
-3.3942 0.00027577 6.6203e-05
-3.3362 0.00039101 8.8332e-05
-3.2782 0.00026669 6.4623e-05
-3.2202 0.00028507 6.7848e-05
-3.1621 0.00028871 6.8714e-05
-3.1041 0.00027719 6.685e-05
-3.0461 0.0003073 7.2008e-05
-2.9881 0.00026117 6.3597e-05
-2.9301 0.00027901 6.7289e-05
-2.872 0.00025672 6.2207e-05
-2.814 0.00029045 6.9421e-05
-2.756 0.00029 6.8737e-05
-2.698 0.00037809 8.6097e-05
-2.64 0.00028901 6.8784e-05
-2.5819 0.00034507 7.9758e-05
-2.5239 0.0002406 5.9203e-05
-2.4659 0.00033573 7.8115e-05
-2.4079 0.00045439 0.00010037
-2.3499 0.00026192 6.378e-05
-2.2918 0.00042719 9.4553e-05
-2.2338 0.00034412 8.0634e-05
-2.1758 0.00036668 8.2836e-05
-2.1178 0.00037504 8.5644e-05
-2.0597 0.00029761 7.0831e-05
-2.0017 0.000422 9.3405e-05
-1.9437 0.00041844 9.4774e-05
-1.8857 0.00034741 7.9564e-05
-1.8277 0.00042106 9.3197e-05
-1.7696 0.00042929 9.749e-05
-1.7116 0.00049311 0.00010685
-1.6536 0.00049389 0.00010753
-1.5956 0.00048355 0.0001064
-1.5376 0.00051017 0.00011145
-1.4795 0.00073842 0.00015295
-1.4215 0.00078247 0.0001622
-1.3635 0.001103 0.00022186
-1.3055 0.0010714 0.00021868
-1.2475 0.0014538 0.00028688
-1.1894 0.0018251 0.00035726
-1.1314 0.0023887 0.00046255
-1.0734 0.0032101 0.00061587
-1.0154 0.0037121 0.00071091
-0.95735 0.0043183 0.00082353
-0.89933 0.0047204 0.00089959
-0.84131 0.0055597 0.0010558
-0.78328 0.0062124 0.0011758
-0.72526 0.0067734 0.0012823
-0.66724 0.0068378 0.0012955
-0.60922 0.0076327 0.0014428
-0.5512 0.0088505 0.0016699
-0.49318 0.0090739 0.001712
-0.43516 0.0090797 0.001713
-0.37714 0.0090724 0.0017112
-0.31912 0.0086196 0.0016264
-0.26109 0.0089793 0.0016961
-0.20307 0.0088801 0.0016755
-0.14505 0.0068387 0.0012942
-0.087032 0.0087282 0.0016475
-0.029011 0.0064367 0.0012184
0.029011 0.0078631 0.0014858
0.087032 0.0042636 0.00081301
0.14505 0.0052341 0.00099454
0.20307 0.0045313 0.00086472
0.26109 0.0028267 0.00054358
0.31912 0.0026916 0.00051888
0.37714 0.0020644 0.00040219
0.43516 0.0015695 0.00030959
0.49318 0.0012253 0.00024492
0.5512 0.00090905 0.00018618
0.60922 0.00066666 0.00014159
0.66724 0.00070578 0.00014763
0.72526 0.000458 9.9557e-05
0.78328 0.00054842 0.00011884
0.84131 0.00039706 9.0417e-05
0.89933 0.00036623 8.317e-05
0.95735 0.00036866 8.5211e-05
1.0154 0.00032701 7.5346e-05
1.0734 0.00031627 7.4107e-05
1.1314 0.00037454 8.5058e-05
1.1894 0.00030382 7.0691e-05
1.2475 0.00029551 7.1958e-05
1.3055 0.00031191 7.2825e-05
1.3635 0.00029579 7.0111e-05
1.4215 0.0003767 8.4886e-05
1.4795 0.00035511 8.208e-05
1.5376 0.00026874 6.5119e-05
1.5956 0.00030547 7.1843e-05
1.6536 0.00031342 7.2924e-05
1.7116 0.00026779 6.6259e-05
1.7696 0.00031564 7.3195e-05
1.8277 0.00032348 7.5266e-05
1.8857 0.0002693 6.5914e-05
1.9437 0.00026388 6.3349e-05
2.0017 0.00028025 6.7588e-05
2.0597 0.00029607 7.0465e-05
2.1178 0.00031036 7.2464e-05
2.1758 0.00033069 7.7775e-05
2.2338 0.00029534 6.9727e-05
2.2918 0.00032418 7.5961e-05
2.3499 0.00027739 6.6594e-05
2.4079 0.0002659 6.475e-05
2.4659 0.00029571 7.0091e-05
2.5239 0.00025081 6.1716e-05
2.5819 0.00019064 4.9801e-05
2.64 0.00031513 7.4115e-05
2.698 0.00020684 5.282e-05
2.756 0.00020817 5.3543e-05
2.814 0.00031184 7.307e-05
2.872 0.00020701 5.3245e-05
2.9301 0.00026517 6.4572e-05
2.9881 0.0002807 6.709e-05
3.0461 0.00027859 6.7186e-05
3.1041 0.00028731 6.8671e-05
3.1621 0.00035276 8.103e-05
3.2202 0.00036159 8.3058e-05
3.2782 0.00027996 6.721e-05
3.3362 0.00027866 6.6897e-05
3.3942 0.0002632 6.4092e-05
3.4523 0.00022863 5.7241e-05
3.5103 0.0002476 6.0925e-05
3.5683 0.00033292 7.7462e-05
3.6263 0.00029231 6.9569e-05
3.6843 0.00026167 6.3718e-05
3.7424 0.00019655 5.0939e-05
3.8004 0.0002688 6.5133e-05
3.8584 0.00025294 6.191e-05
3.9164 0.0002282 5.7134e-05
3.9744 0.00037447 8.5513e-05
4.0325 0.00033908 7.863e-05
4.0905 0.00028187 6.7668e-05
4.1485 0.00027098 6.5351e-05
4.2065 0.00024309 6.0148e-05
4.2645 0.00018753 4.9398e-05
4.3226 0.00022991 5.7562e-05
4.3806 0.000246 6.0531e-05
4.4386 0.00028046 6.733e-05
4.4966 0.00025762 6.3054e-05
4.5547 0.00024225 5.994e-05
4.6127 0.00026605 6.4466e-05
4.6707 0.00028781 6.8792e-05
4.7287 0.00025264 6.2166e-05
4.7867 0.00020856 5.3257e-05
4.8448 0.00023956 5.9275e-05
4.9028 0.00018487 4.8697e-05
4.9608 0.00024763 6.0933e-05
5.0188 0.00023718 5.9025e-05
5.0768 0.00021522 5.4583e-05
5.1349 0.00032644 7.6218e-05
5.1929 0.00027395 6.6067e-05
5.2509 0.00026012 6.334e-05
5.3089 0.00019205 5.017e-05
5.3669 0.00028816 6.8875e-05
5.425 0.0001919 5.0129e-05
5.483 0.0003006 7.1251e-05
5.541 0.00026702 6.4702e-05
5.599 0.00023111 5.7862e-05
5.6571 0.00034275 7.9223e-05
5.7151 0.00023965 5.9641e-05
5.7731 0.00027981 6.7173e-05
5.8311 0.000331 7.7014e-05
5.8891 0.00025175 6.1946e-05
5.9472 0.00022909 5.7357e-05
6.0052 0.00027257 6.5734e-05
6.0632 0.00030254 7.171e-05
6.1212 0.00021953 5.5675e-05
6.1792 0.00021756 5.5176e-05
6.2373 0.00026648 6.457e-05
6.2953 0.00025164 6.1919e-05
6.3533 0.00024987 6.1483e-05
6.4113 0.00022019 5.5842e-05
6.4694 0.00029026 6.9083e-05
6.5274 0.00024582 6.0823e-05
6.5854 0.00021793 5.527e-05
6.6434 0.00027477 6.6266e-05
6.7014 0.00019184 5.0113e-05
6.7595 0.00028645 6.8466e-05
6.8175 0.00016928 4.5851e-05
6.8755 0.00028933 6.9155e-05
6.9335 0.00022742 5.6939e-05
6.9915 0.00025139 6.1858e-05
7.0496 0.00012267 3.6294e-05
7.1076 0.00028196 6.769e-05
7.1656 0.00022446 5.6553e-05
7.2236 0.00028844 6.8942e-05
7.2816 0.0002263 5.7015e-05
7.3397 0.00030754 7.2608e-05
7.3977 0.00025685 6.2866e-05
7.4557 0.00027056 6.5559e-05
7.5137 0.0002765 6.6682e-05
7.5718 0.00027629 6.6632e-05
7.6298 0.00022698 5.6829e-05
7.6878 0.00026381 6.424e-05
7.7458 0.00022588 5.691e-05
7.8038 0.00026378 6.4232e-05
7.8619 0.00022241 5.6037e-05
7.9199 0.00023631 5.881e-05
7.9779 0.00016764 4.5407e-05
8.0359 0.00021772 5.5216e-05
8.0939 0.00024037 5.9475e-05
8.152 0.00030356 7.1669e-05
8.21 0.00030773 7.2651e-05
8.268 0.00021844 5.5398e-05
8.326 0.00026291 6.3707e-05
8.384 0.0002419 5.9853e-05
8.4421 0.00021156 5.4023e-05
8.5001 0.0002405 5.9507e-05
8.5581 0.00020914 5.3405e-05
8.6161 0.00024209 5.99e-05
8.6742 0.00024133 5.9713e-05
8.7322 0.00021191 5.4113e-05
8.7902 0.00017725 4.7103e-05
8.8482 0.00020473 5.2658e-05
8.9062 0.00022823 5.7143e-05
8.9643 0.00024926 6.1333e-05
9.0223 0.00020234 5.2043e-05
9.0803 0.00027442 6.6182e-05
9.1383 0.0002678 6.4892e-05
9.1963 0.00025023 6.1572e-05
9.2544 0.00029646 7.0269e-05
9.3124 0.00027989 6.7193e-05
9.3704 0.00018507 4.875e-05
9.4284 0.0001831 4.8232e-05
9.4864 0.00022126 5.5745e-05
9.5445 0.0002021 5.1982e-05
9.6025 0.00020924 5.3433e-05
9.6605 0.00021679 5.498e-05
9.7185 0.00018205 4.7955e-05
9.7766 0.0002277 5.7009e-05
9.8346 0.00024255 6.0013e-05
9.8926 0.00019616 5.0837e-05
9.9506 0.00030905 7.2686e-05
10.009 0.00020704 5.287e-05
10.067 0.00026159 6.3699e-05
10.125 0.0002032 5.2264e-05
10.183 0.0002133 5.4094e-05
10.241 0.00028385 6.7845e-05
10.299 0.00016434 4.4514e-05
10.357 0.00017018 4.5647e-05
10.415 0.00023854 5.9021e-05
10.473 0.00029612 7.0189e-05
10.531 0.00019674 5.0987e-05
10.589 0.00020085 5.1659e-05
10.647 0.00022538 5.6427e-05
10.705 0.00025249 6.1798e-05
10.763 0.00020166 5.1868e-05
10.821 0.00015677 4.2906e-05
10.879 0.00022445 5.6195e-05
10.937 0.00018232 4.8025e-05
10.995 0.0002765 6.6379e-05
11.053 0.00015708 4.299e-05
11.111 0.00025359 6.1751e-05
11.169 0.00023908 5.9155e-05
11.227 0.00017616 4.6814e-05
11.285 0.00018728 4.8922e-05
11.343 0.00019388 5.0246e-05
11.401 0.00027406 6.5793e-05
11.459 0.00017633 4.6859e-05
11.517 0.00020538 5.2446e-05
11.575 0.00023115 5.7524e-05
11.633 0.00020731 5.2938e-05
11.691 0.00025188 6.1648e-05
11.749 0.0002569 6.2558e-05
11.807 0.0002296 5.7138e-05
11.865 0.00018123 4.774e-05
11.923 0.00021996 5.5418e-05
11.981 0.00029394 6.9673e-05
12.039 0.0002236 5.5981e-05
12.097 0.00020583 5.2561e-05
12.155 0.00016939 4.5435e-05
12.213 0.00016321 4.4207e-05
12.271 0.00016723 4.4855e-05
12.329 0.00019923 5.1244e-05
12.388 0.00024858 6.0842e-05
12.446 0.00017496 4.6496e-05
12.504 0.00022756 5.6632e-05
12.562 0.00028474 6.7768e-05
12.62 0.00018643 4.87e-05
12.678 0.00019702 5.0676e-05
12.736 0.00019658 5.0562e-05
12.794 0.00010504 3.2158e-05
12.852 0.00020355 5.1978e-05
12.91 0.00016554 4.4401e-05
12.968 0.00019452 5.0032e-05
13.026 0.00022728 5.6562e-05
13.084 0.00022835 5.6827e-05
13.142 0.0001656 4.4418e-05
13.2 0.00019459 5.005e-05
13.258 0.00022766 5.6657e-05
13.316 0.00020248 5.1705e-05
13.374 0.00021456 5.4057e-05
13.432 0.00018955 4.9125e-05
13.49 0.00018374 4.7999e-05
13.548 0.00019682 5.0625e-05
13.606 0.00019595 5.04e-05
13.664 0.0001776 4.6782e-05
13.722 0.00018918 4.9027e-05
13.78 0.00021562 5.4326e-05
13.838 0.00018315 4.7843e-05
13.896 0.00015814 4.2834e-05
13.954 0.00024994 6.0862e-05
14.012 0.00023107 5.7173e-05
14.07 0.00021371 5.3845e-05
14.128 0.00011482 3.397e-05
14.186 0.00016939 4.5013e-05
14.244 0.00018877 4.8922e-05
14.302 0.00020644 5.2356e-05
14.36 0.00022848 5.6534e-05
14.418 0.00017531 4.618e-05
14.476 0.00020541 5.2094e-05
14.534 0.00022991 5.6888e-05
14.592 0.00018606 4.8219e-05
14.65 0.00019895 5.0804e-05
14.708 0.00017013 4.5211e-05
14.766 0.00012716 3.653e-05
14.824 0.00020958 5.2802e-05
14.882 0.00019966 5.0985e-05
14.94 0.00028409 6.7337e-05
14.998 0.00017373 4.5763e-05
15.056 0.000227 5.6165e-05
15.114 0.00020377 5.1677e-05
15.173 0.00019324 4.9703e-05
15.231 0.00021594 5.4064e-05
15.289 0.00019063 4.9032e-05
15.347 0.00017876 4.6697e-05
15.405 0.00020928 5.2728e-05
15.463 0.00023091 5.6818e-05
15.521 0.0001836 4.7581e-05
15.579 0.00019561 4.995e-05
15.637 0.00020799 5.2404e-05
15.695 0.00017838 4.6597e-05
15.753 0.00016465 4.3756e-05
15.811 0.00022458 5.5568e-05
15.869 0.00017258 4.546e-05
15.927 0.00018863 4.8518e-05
15.985 0.00018789 4.8326e-05
16.043 0.00014735 4.0328e-05
16.101 0.00023063 5.6749e-05
16.159 0.000231 5.6841e-05
16.217 0.0001811 4.6934e-05
16.275 0.00018824 4.8416e-05
16.333 0.00017775 4.6434e-05
16.391 0.00015217 4.1219e-05
16.449 0.00019797 5.0207e-05
16.507 0.00017001 4.4784e-05
16.565 0.00021778 5.4198e-05
16.623 0.00022877 5.6291e-05
16.681 0.0001682 4.4307e-05
16.739 0.00024926 6.0114e-05
16.797 0.00018704 4.8108e-05
16.855 0.00021266 5.2923e-05
16.913 0.0001734 4.5297e-05
16.971 0.00019615 4.9746e-05
17.029 0.0002361 5.7492e-05
17.087 0.00016749 4.412e-05
17.145 0.0002098 5.221e-05
17.203 0.00019507 4.9471e-05
17.261 0.00021313 5.3041e-05
17.319 0.00012583 3.5669e-05
17.377 0.00020475 5.1263e-05
17.435 0.00022783 5.5763e-05
17.493 0.0001892 4.8314e-05
17.551 0.00021718 5.3737e-05
17.609 0.00020874 5.1947e-05
17.667 0.00017678 4.5815e-05
17.725 0.00020984 5.2222e-05
17.783 0.00015284 4.0996e-05
17.841 0.00015219 4.082e-05
17.9 0.00017449 4.522e-05
17.958 0.00019272 4.8875e-05
18.016 0.00013496 3.7346e-05
18.074 0.00013322 3.6864e-05
18.132 0.00017991 4.6275e-05
18.19 0.00023534 5.7026e-05
18.248 0.00019013 4.8218e-05
18.306 0.00021071 5.2137e-05
18.364 0.00018392 4.6965e-05
18.422 0.00015648 4.1583e-05
18.48 0.0001878 4.7628e-05
18.538 0.00022141 5.4193e-05
18.596 0.00019422 4.8933e-05
18.654 0.0001216 3.447e-05
18.712 0.00022787 5.5487e-05
18.77 0.00014268 3.8646e-05
18.828 0.00017541 4.5117e-05
18.886 0.00018256 4.6618e-05
18.944 0.00018606 4.7187e-05
19.002 0.00019672 4.9251e-05
19.06 0.000224 5.4545e-05
19.118 0.00021479 5.2851e-05
19.176 0.00021198 5.216e-05
19.234 0.00021653 5.2998e-05
19.292 0.00013602 3.7228e-05
19.35 0.0001848 4.6868e-05
19.408 0.00017364 4.4662e-05
19.466 0.0002035 5.0352e-05
19.524 0.00020969 5.1598e-05
19.582 0.00014624 3.9225e-05
19.64 0.00018756 4.7255e-05
19.698 0.00024 5.7365e-05
19.756 0.00020804 5.1192e-05
19.814 0.00016102 4.2062e-05
19.872 0.00020732 5.1013e-05
19.93 0.00022792 5.4968e-05
19.988 0.00021255 5.2024e-05
20.046 0.0001493 3.9676e-05
20.104 0.0001269 3.5116e-05
20.162 0.00016764 4.3118e-05
20.22 0.00018571 4.6789e-05
20.278 0.00022145 5.366e-05
20.336 0.00018421 4.6411e-05
20.394 0.0001721 4.3947e-05
20.452 0.00017289 4.415e-05
20.51 0.00019868 4.9159e-05
20.568 0.00024424 5.7891e-05
20.626 0.0001859 4.6544e-05
20.685 0.00021117 5.1421e-05
20.743 0.00016551 4.257e-05
20.801 0.00024235 5.7445e-05
20.859 0.00015848 4.1071e-05
20.917 0.00017931 4.5176e-05
20.975 0.00018911 4.7062e-05
21.033 0.00016345 4.204e-05
21.091 0.0001466 3.8618e-05
21.149 0.00013229 3.5833e-05
21.207 0.00023382 5.5651e-05
21.265 0.00017139 4.3467e-05
21.323 0.00014953 3.9061e-05
21.381 0.00019259 4.7653e-05
21.439 0.00017191 4.3598e-05
21.497 0.00017507 4.4108e-05
21.555 0.00023761 5.6098e-05
21.613 0.00013384 3.59e-05
21.671 0.0001692 4.291e-05
21.729 0.00019259 4.739e-05
21.787 0.00021566 5.1773e-05
21.845 0.00017159 4.3232e-05
21.903 0.00018154 4.5178e-05
21.961 0.00022304 5.3085e-05
22.019 0.00016852 4.2459e-05
22.077 0.00017835 4.4384e-05
22.135 0.00020742 5.0023e-05
22.193 0.00023552 5.5392e-05
22.251 0.00017163 4.297e-05
22.309 0.00016703 4.2084e-05
22.367 0.00020072 4.8638e-05
22.425 0.00017711 4.4077e-05
22.483 0.00017473 4.3483e-05
22.541 0.00024214 5.6536e-05
22.599 0.00019431 4.7315e-05
22.657 0.00016563 4.173e-05
22.715 0.00014995 3.857e-05
22.773 0.00018808 4.6033e-05
22.831 0.00014582 3.779e-05
22.889 0.00017719 4.3842e-05
22.947 0.00017882 4.4001e-05
23.005 0.00019411 4.7034e-05
23.063 0.00020763 4.9628e-05
23.121 0.00015991 4.0288e-05
23.179 0.00018129 4.4372e-05
23.237 0.0001859 4.5268e-05
23.295 0.00020038 4.8106e-05
23.353 0.00018837 4.5645e-05
23.412 0.0002054 4.8886e-05
23.47 0.00019132 4.614e-05
23.528 0.00024522 5.6501e-05
23.586 0.00021339 5.0381e-05
23.644 0.00017116 4.2115e-05
23.702 0.00016682 4.1277e-05
23.76 0.00018808 4.5358e-05
23.818 0.00018292 4.4324e-05
23.876 0.00015049 3.7916e-05
23.934 0.00013788 3.5464e-05
23.992 0.00022347 5.1996e-05
24.05 0.00017998 4.3612e-05
24.108 0.00018554 4.4543e-05
24.166 0.00024523 5.6e-05
24.224 0.00021417 5.0005e-05
24.282 0.00016814 4.1154e-05
24.34 0.00017077 4.1583e-05
24.398 0.00016666 4.0792e-05
24.456 0.00021202 4.9504e-05
24.514 0.00018999 4.5218e-05
24.572 0.00025879 5.8316e-05
24.63 0.0002044 4.7895e-05
24.688 0.00016721 4.0718e-05
24.746 0.00014187 3.5743e-05
24.804 0.00015553 3.8271e-05
24.862 0.00015591 3.8363e-05
24.92 0.00019486 4.583e-05
24.978 0.00016931 4.0832e-05
25.036 0.00016752 4.04e-05
25.094 0.00017466 4.1747e-05
25.152 0.0002251 5.1403e-05
25.21 0.00017615 4.1924e-05
25.268 0.00019019 4.4565e-05
25.326 0.00013679 3.4249e-05
25.384 0.00017456 4.1546e-05
25.442 0.00018106 4.2746e-05
25.5 0.00013724 3.4154e-05
25.558 0.0001483 3.6297e-05
25.616 0.00020238 4.663e-05
25.674 0.00017223 4.0823e-05
25.732 0.0001736 4.0986e-05
25.79 0.00019027 4.4123e-05
25.848 0.00012194 3.0925e-05
25.906 0.00015257 3.6794e-05
25.964 0.00016853 3.9788e-05
26.022 0.00017613 4.127e-05
26.08 0.00018527 4.2962e-05
26.138 0.00017087 4.0187e-05
26.197 0.00015793 3.7588e-05
26.255 0.00014408 3.4913e-05
26.313 0.00020553 4.6676e-05
26.371 0.00019056 4.3772e-05
26.429 0.00019071 4.3676e-05
26.487 0.0001698 3.9645e-05
26.545 0.00019461 4.4315e-05
26.603 0.00020488 4.6168e-05
26.661 0.00015416 3.6395e-05
26.719 0.0001459 3.4724e-05
26.777 0.00017428 4.0155e-05
26.835 0.0001432 3.4082e-05
26.893 0.00023956 5.2336e-05
26.951 0.00017379 3.98e-05
27.009 0.00016301 3.7678e-05
27.067 0.0001767 4.0239e-05
27.125 0.00018173 4.1055e-05
27.183 0.00018726 4.1994e-05
27.241 0.00018882 4.2246e-05
27.299 0.00014869 3.4481e-05
27.357 0.00019542 4.3342e-05
27.415 0.00018734 4.1727e-05
27.473 0.00019199 4.2581e-05
27.531 0.00016154 3.6685e-05
27.589 0.00017845 3.9834e-05
27.647 0.00018857 4.1653e-05
27.705 0.00022754 4.8945e-05
27.763 0.00023122 4.9469e-05
27.821 0.00017972 3.9623e-05
27.879 0.00018115 3.9786e-05
27.937 0.0001768 3.8903e-05
27.995 0.00021196 4.5408e-05
28.053 0.00019124 4.1377e-05
28.111 0.00014914 3.3368e-05
28.169 0.00016714 3.6643e-05
28.227 0.00017791 3.8611e-05
28.285 0.00018741 4.0258e-05
28.343 0.00017336 3.7508e-05
28.401 0.00015784 3.4482e-05
28.459 0.0001451 3.1928e-05
28.517 0.0001845 3.9232e-05
28.575 0.00017329 3.6981e-05
28.633 0.00018689 3.9355e-05
28.691 0.00019789 4.1216e-05
28.749 0.00018802 3.9161e-05
28.807 0.0002017 4.1601e-05
28.865 0.0001725 3.6019e-05
28.924 0.00021699 4.422e-05
28.982 0.00015124 3.1694e-05
29.04 0.00015463 3.2128e-05
29.098 0.00018048 3.6721e-05
29.156 0.00018627 3.7528e-05
29.214 0.0001853 3.7017e-05
29.272 0.0001851 3.6614e-05
29.33 0.00016229 3.2044e-05
29.388 0.00017147 3.3059e-05
29.446 0.00017135 3.3152e-05
29.504 0 1
29.562 0 1
29.62 0 1
29.678 0 1
