-29.678 0 1
-29.62 0 1
-29.562 0 1
-29.504 0.00024484 4.7379e-05
-29.446 0.00022971 4.4408e-05
-29.388 0.00024884 4.8848e-05
-29.33 0.00024677 4.8848e-05
-29.272 0.0002647 5.263e-05
-29.214 0.0002356 4.7573e-05
-29.156 0.00023347 4.7555e-05
-29.098 0.00025619 5.2135e-05
-29.04 0.0002104 4.3737e-05
-28.982 0.00023786 4.9112e-05
-28.924 0.00024109 4.9909e-05
-28.865 0.00022446 4.6951e-05
-28.807 0.00026742 5.5249e-05
-28.749 0.00022961 4.8364e-05
-28.691 0.00024995 5.2459e-05
-28.633 0.00025165 5.2959e-05
-28.575 0.00026084 5.4842e-05
-28.517 0.00018936 4.1459e-05
-28.459 0.00023563 5.043e-05
-28.401 0.00022744 4.8986e-05
-28.343 0.00026439 5.6137e-05
-28.285 0.00021432 4.6845e-05
-28.227 0.00026773 5.7098e-05
-28.169 0.00021753 4.7706e-05
-28.111 0.00024677 5.3294e-05
-28.053 0.00024022 5.2179e-05
-27.995 0.00022859 5.0132e-05
-27.937 0.00026689 5.7483e-05
-27.879 0.000221 4.8909e-05
-27.821 0.00020271 4.5522e-05
-27.763 0.00024874 5.446e-05
-27.705 0.00020781 4.6775e-05
-27.647 0.00020457 4.6266e-05
-27.589 0.00026051 5.7038e-05
-27.531 0.0002351 5.2339e-05
-27.473 0.00024443 5.42e-05
-27.415 0.00029907 6.468e-05
-27.357 0.00021869 4.9461e-05
-27.299 0.00028849 6.2857e-05
-27.241 0.00021596 4.909e-05
-27.183 0.00022913 5.1696e-05
-27.125 0.00024673 5.5162e-05
-27.067 0.00026193 5.8194e-05
-27.009 0.00022315 5.0859e-05
-26.951 0.00027509 6.088e-05
-26.893 0.00025326 5.6873e-05
-26.835 0.00019798 4.6383e-05
-26.777 0.0002123 4.9241e-05
-26.719 0.00019047 4.5118e-05
-26.661 0.00026398 5.928e-05
-26.603 0.00023555 5.3982e-05
-26.545 0.0002328 5.3505e-05
-26.487 0.00020975 4.9139e-05
-26.429 0.00022457 5.2088e-05
-26.371 0.00026715 6.0274e-05
-26.313 0.00018128 4.3858e-05
-26.255 0.0001895 4.544e-05
-26.197 0.00019563 4.6712e-05
-26.138 0.00023451 5.4222e-05
-26.08 0.00027216 6.1552e-05
-26.022 0.00023234 5.3888e-05
-25.964 0.0002005 4.7876e-05
-25.906 0.00017754 4.3588e-05
-25.848 0.00025213 5.7946e-05
-25.79 0.00024999 5.7626e-05
-25.732 0.00021237 5.0504e-05
-25.674 0.00025456 5.8678e-05
-25.616 0.00025529 5.8848e-05
-25.558 0.00020986 5.011e-05
-25.5 0.00025938 5.979e-05
-25.442 0.0002612 6.021e-05
-25.384 0.0001921 4.6925e-05
-25.326 0.00019268 4.7066e-05
-25.268 0.00019915 4.841e-05
-25.21 0.00027287 6.2714e-05
-25.152 0.00026738 6.1633e-05
-25.094 0.00018716 4.6194e-05
-25.036 0.00022689 5.3958e-05
-24.978 0.00022846 5.433e-05
-24.92 0.00024853 5.8225e-05
-24.862 0.00023441 5.5526e-05
-24.804 0.0002321 5.5195e-05
-24.746 0.00014928 3.9101e-05
-24.688 0.00020103 4.9355e-05
-24.63 0.0002355 5.6005e-05
-24.572 0.00020214 4.9628e-05
-24.514 0.00025502 5.9959e-05
-24.456 0.0002768 6.4201e-05
-24.398 0.00021487 5.2229e-05
-24.34 0.00022299 5.3949e-05
-24.282 0.00020763 5.0976e-05
-24.224 0.00020272 5.0035e-05
-24.166 0.00030875 7.0559e-05
-24.108 0.00029682 6.8419e-05
-24.05 0.00020135 4.997e-05
-23.992 0.00029243 6.7614e-05
-23.934 0.00020153 5.0017e-05
-23.876 0.00019346 4.8579e-05
-23.818 0.00024238 5.812e-05
-23.76 0.00025949 6.1468e-05
-23.702 0.00029757 6.8803e-05
-23.644 0.00024972 5.9627e-05
-23.586 0.00025173 6.0109e-05
-23.528 0.0002675 6.3125e-05
-23.47 0.0002512 5.9981e-05
-23.412 0.00024052 5.7927e-05
-23.353 0.00021105 5.2379e-05
-23.295 0.00024508 5.9025e-05
-23.237 0.00025422 6.0702e-05
-23.179 0.00022916 5.5977e-05
-23.121 0.00018071 4.661e-05
-23.063 0.00026908 6.3739e-05
-23.005 0.00020724 5.173e-05
-22.947 0.00022532 5.5318e-05
-22.889 0.00024503 5.9281e-05
-22.831 0.00018745 4.8004e-05
-22.773 0.00022226 5.4857e-05
-22.715 0.00021702 5.386e-05
-22.657 0.00025342 6.1034e-05
-22.599 0.00023706 5.7907e-05
-22.541 0.00027063 6.4359e-05
-22.483 0.00027957 6.6225e-05
-22.425 0.00030909 7.1922e-05
-22.367 0.00021106 5.3e-05
-22.309 0.00020409 5.1571e-05
-22.251 0.00027171 6.4879e-05
-22.193 0.00019511 4.9964e-05
-22.135 0.00019578 5.0137e-05
-22.077 0.00024851 6.0408e-05
-22.019 0.00021447 5.3856e-05
-21.961 0.00020395 5.1872e-05
-21.903 0.00019207 4.954e-05
-21.845 0.00019907 5.0979e-05
-21.787 0.00023541 5.8103e-05
-21.729 0.00026172 6.3321e-05
-21.671 0.00020596 5.2384e-05
-21.613 0.00023752 5.8624e-05
-21.555 0.00023725 5.8558e-05
-21.497 0.00023417 5.8117e-05
-21.439 0.00020204 5.1739e-05
-21.381 0.00026967 6.4949e-05
-21.323 0.00020293 5.1969e-05
-21.265 0.00022927 5.7227e-05
-21.207 0.00021628 5.465e-05
-21.149 0.00017223 4.5889e-05
-21.091 0.0001931 5.0183e-05
-21.033 0.00024234 5.9814e-05
-20.975 0.00021287 5.4142e-05
-20.917 0.00019978 5.153e-05
-20.859 0.00019955 5.1469e-05
-20.801 0.00021404 5.444e-05
-20.743 0.0001566 4.2965e-05
-20.685 0.00024507 6.0487e-05
-20.626 0.00023306 5.8173e-05
-20.568 0.00025315 6.2152e-05
-20.51 0.00019703 5.1203e-05
-20.452 0.00021584 5.4898e-05
-20.394 0.00022839 5.735e-05
-20.336 0.00028871 6.9231e-05
-20.278 0.0001666 4.524e-05
-20.22 0.00022306 5.6364e-05
-20.162 0.00030309 7.2078e-05
-20.104 0.00016779 4.5564e-05
-20.046 0.00022843 5.772e-05
-19.988 0.00017442 4.6904e-05
-19.93 0.00020783 5.3605e-05
-19.872 0.00011122 3.4117e-05
-19.814 0.00016964 4.6065e-05
-19.756 0.00015581 4.322e-05
-19.698 0.00019564 5.1244e-05
-19.64 0.00021758 5.572e-05
-19.582 0.0002166 5.5469e-05
-19.524 0.00015738 4.3656e-05
-19.466 0.00023068 5.8288e-05
-19.408 0.00022504 5.7236e-05
-19.35 0.00021927 5.6151e-05
-19.292 0.0002509 6.2267e-05
-19.234 0.00017235 4.6801e-05
-19.176 0.00020115 5.2688e-05
-19.118 0.00013358 3.9007e-05
-19.06 0.00022656 5.7624e-05
-19.002 0.00017342 4.7091e-05
-18.944 0.00018139 4.8777e-05
-18.886 0.00019508 5.1525e-05
-18.828 0.00021381 5.5147e-05
-18.77 0.0002492 6.2203e-05
-18.712 0.00024897 6.2145e-05
-18.654 0.00023489 5.9352e-05
-18.596 0.00016794 4.6076e-05
-18.538 0.00018212 4.8976e-05
-18.48 0.00025236 6.2991e-05
-18.422 0.00021754 5.611e-05
-18.364 0.00023577 5.9576e-05
-18.306 0.00025858 6.4173e-05
-18.248 0.00023938 6.0488e-05
-18.19 0.00019081 5.0841e-05
-18.132 0.00026555 6.5543e-05
-18.074 0.00020538 5.3796e-05
-18.016 0.00023639 6.0124e-05
-17.958 0.00019325 5.149e-05
-17.9 0.00021942 5.6595e-05
-17.841 0.00023455 5.9655e-05
-17.783 0.00021432 5.5697e-05
-17.725 0.00024376 6.1594e-05
-17.667 0.0002063 5.4038e-05
-17.609 0.00020051 5.2958e-05
-17.551 0.00014698 4.2318e-05
-17.493 0.00022948 5.8766e-05
-17.435 0.00018677 5.0224e-05
-17.377 0.00024374 6.159e-05
-17.319 0.00018351 4.9831e-05
-17.261 0.00013263 3.9325e-05
-17.203 0.00023669 6.0201e-05
-17.145 0.00026038 6.4992e-05
-17.087 0.00025983 6.4857e-05
-17.029 0.00016814 4.6639e-05
-16.971 0.00015377 4.3691e-05
-16.913 0.00022601 5.8294e-05
-16.855 0.00017865 4.9015e-05
-16.797 0.00028198 6.9229e-05
-16.739 0.00025984 6.4859e-05
-16.681 0.00026908 6.678e-05
-16.623 0.00024692 6.2392e-05
-16.565 0.00016267 4.5652e-05
-16.507 0.00020487 5.4111e-05
-16.449 0.00025512 6.4062e-05
-16.391 0.00012866 3.8775e-05
-16.333 0.00017045 4.728e-05
-16.275 0.00017724 4.863e-05
-16.217 0.00015653 4.4476e-05
-16.159 0.0002313 5.9659e-05
-16.101 0.00020623 5.447e-05
-16.043 0.00017876 4.9046e-05
-15.985 0.00025584 6.4245e-05
-15.927 0.00024429 6.2132e-05
-15.869 0.00022906 5.9082e-05
-15.811 0.00024921 6.2972e-05
-15.753 0.0002303 5.9401e-05
-15.695 0.00021679 5.6786e-05
-15.637 0.00015874 4.5104e-05
-15.579 0.00017997 4.9377e-05
-15.521 0.00018104 4.9672e-05
-15.463 0.00027584 6.8459e-05
-15.405 0.00027566 6.8414e-05
-15.347 0.00021661 5.6738e-05
-15.289 0.00019711 5.3004e-05
-15.231 0.00020394 5.434e-05
-15.173 0.00025428 6.4252e-05
-15.114 0.00021068 5.5646e-05
-15.056 0.00020288 5.4055e-05
-14.998 0.00021873 5.7293e-05
-14.94 0.00018302 5.0215e-05
-14.882 0.00010149 3.3152e-05
-14.824 0.00024913 6.3363e-05
-14.766 0.00025701 6.4941e-05
-14.708 0.00025579 6.4634e-05
-14.65 0.00026246 6.5906e-05
-14.592 0.00021926 5.7431e-05
-14.534 0.00028582 7.0544e-05
-14.476 0.00024904 6.3341e-05
-14.418 0.00023428 6.0427e-05
-14.36 0.00023611 6.0899e-05
-14.302 0.00016944 4.7551e-05
-14.244 0.00019772 5.317e-05
-14.186 0.00016896 4.7415e-05
-14.128 0.00020654 5.503e-05
-14.07 0.00022278 5.8355e-05
-14.012 0.00016272 4.6235e-05
-13.954 0.00019856 5.3397e-05
-13.896 0.00016342 4.6432e-05
-13.838 0.00020066 5.3961e-05
-13.78 0.00023106 6.0048e-05
-13.722 0.00026489 6.6517e-05
-13.664 0.00022348 5.8537e-05
-13.606 0.00020113 5.4087e-05
-13.548 0.00021542 5.6896e-05
-13.49 0.00022958 5.9663e-05
-13.432 0.00023306 6.0566e-05
-13.374 0.00027707 6.9159e-05
-13.316 0.00018684 5.1263e-05
-13.258 0.00020044 5.39e-05
-13.2 0.00020994 5.5936e-05
-13.142 0.00021037 5.605e-05
-13.084 0.00017925 4.9723e-05
-13.026 0.00019349 5.2542e-05
-12.968 0.00019433 5.277e-05
-12.91 0.00015078 4.403e-05
-12.852 0.00020876 5.5624e-05
-12.794 0.00029124 7.1882e-05
-12.736 0.00024085 6.2122e-05
-12.678 0.00022643 5.9309e-05
-12.62 0.00026447 6.6828e-05
-12.562 0.00019501 5.2956e-05
-12.504 0.00020287 5.4555e-05
-12.446 0.00022972 6.0172e-05
-12.388 0.00013592 4.0963e-05
-12.329 0.00018077 5.0143e-05
-12.271 0.00025541 6.4961e-05
-12.213 0.00025141 6.4383e-05
-12.155 0.00023444 6.0925e-05
-12.097 0.00023459 6.0965e-05
-12.039 0.00027173 6.8234e-05
-11.981 0.00016049 4.6208e-05
-11.923 0.00016841 4.785e-05
-11.865 0.00017969 4.9845e-05
-11.807 0.00015237 4.4495e-05
-11.749 0.00020631 5.5479e-05
-11.691 0.00028023 6.9947e-05
-11.633 0.00020476 5.5064e-05
-11.575 0.00025037 6.4116e-05
-11.517 0.00019824 5.3831e-05
-11.459 0.00024327 6.2747e-05
-11.401 0.00024251 6.2551e-05
-11.343 0.00017593 4.9372e-05
-11.285 0.00022154 5.8513e-05
-11.227 0.00022921 6.0039e-05
-11.169 0.00013678 4.1225e-05
-11.111 0.00019118 5.2453e-05
-11.053 0.00029018 7.2017e-05
-10.995 0.00022942 6.0093e-05
-10.937 0.0002804 6.9991e-05
-10.879 0.00022994 6.0229e-05
-10.821 0.00021556 5.7433e-05
-10.763 0.00018437 5.1141e-05
-10.705 0.00030363 7.4545e-05
-10.647 0.00018392 5.1018e-05
-10.589 0.00022355 5.9045e-05
-10.531 0.0002239 5.9138e-05
-10.473 0.00029539 7.2907e-05
-10.415 0.0002476 6.3864e-05
-10.357 0.00027058 6.8372e-05
-10.299 0.00023738 6.1691e-05
-10.241 0.00018492 5.1294e-05
-10.183 0.00030552 7.5011e-05
-10.125 0.00015477 4.5196e-05
-10.067 0.00020949 5.6335e-05
-10.009 0.00029044 7.208e-05
-9.9506 0.00025377 6.4987e-05
-9.8926 0.00021597 5.7544e-05
-9.8346 0.0001946 5.3391e-05
-9.7766 0.0002696 6.8123e-05
-9.7185 0.00017551 4.9255e-05
-9.6605 0.00025049 6.4609e-05
-9.6025 0.00027831 6.9887e-05
-9.5445 0.00027011 6.8253e-05
-9.4864 0.00027919 7.0107e-05
-9.4284 0.00017898 5.0228e-05
-9.3704 0.00021849 5.8214e-05
-9.3124 0.00023077 6.0447e-05
-9.2544 0.0002836 7.079e-05
-9.1963 0.00032273 7.8833e-05
-9.1383 0.00026282 6.6847e-05
-9.0803 0.00022432 5.9248e-05
-9.0223 0.00019532 5.3589e-05
-8.9643 0.00026851 6.8293e-05
-8.9062 0.00027704 6.9566e-05
-8.8482 0.00016409 4.7246e-05
-8.7902 0.00024546 6.3313e-05
-8.7322 0.00023622 6.1876e-05
-8.6742 0.00033464 8.0962e-05
-8.6161 0.0002304 6.0349e-05
-8.5581 0.00030666 7.5688e-05
-8.5001 0.00020194 5.4835e-05
-8.4421 0.00020784 5.5891e-05
-8.384 0.00015606 4.5572e-05
-8.326 0.00027814 6.9843e-05
-8.268 0.00026457 6.7291e-05
-8.21 0.00023416 6.1335e-05
-8.152 0.00017077 4.8522e-05
-8.0939 0.00016179 4.6583e-05
-8.0359 0.00025958 6.6475e-05
-7.9779 0.00022628 5.9765e-05
-7.9199 0.00023319 6.1081e-05
-7.8619 0.00021965 5.8524e-05
-7.8038 0.00021276 5.7214e-05
-7.7458 0.00016389 4.7186e-05
-7.6878 0.00020454 5.5543e-05
-7.6298 0.00030682 7.5729e-05
-7.5718 0.00021541 5.7928e-05
-7.5137 0.0002736 6.9135e-05
-7.4557 0.00032101 7.8412e-05
-7.3977 0.00021383 5.7503e-05
-7.3397 0.00022162 5.905e-05
-7.2816 0.00030881 7.622e-05
-7.2236 0.00029439 7.3062e-05
-7.1656 0.00020691 5.6185e-05
-7.1076 0.00027229 6.9255e-05
-7.0496 0.00027394 6.9221e-05
-6.9915 0.00021972 5.8543e-05
-6.9335 0.00019876 5.4532e-05
-6.8755 0.00024795 6.3953e-05
-6.8175 0.00029993 7.4437e-05
-6.7595 0.00029056 7.2525e-05
-6.7014 0.00025807 6.6089e-05
-6.6434 0.0002106 5.7188e-05
-6.5854 0.00022405 5.9177e-05
-6.5274 0.00028436 7.1406e-05
-6.4694 0.0002834 7.0739e-05
-6.4113 0.00026723 6.8435e-05
-6.3533 0.00030587 7.5493e-05
-6.2953 0.00023763 6.2243e-05
-6.2373 0.00024599 6.3448e-05
-6.1792 0.00017811 5.0607e-05
-6.1212 0.00027795 6.9795e-05
-6.0632 0.00029069 7.2558e-05
-6.0052 0.00029549 7.3756e-05
-5.9472 0.00017389 4.9409e-05
-5.8891 0.00028586 7.1781e-05
-5.8311 0.00026982 6.8627e-05
-5.7731 0.00031636 7.7277e-05
-5.7151 0.00022902 6.1022e-05
-5.6571 0.0002533 6.4867e-05
-5.599 0.0002582 6.6123e-05
-5.541 0.00021788 5.859e-05
-5.483 0.00031726 7.7891e-05
-5.425 0.00031265 7.6759e-05
-5.3669 0.00033632 8.1368e-05
-5.3089 0.00033759 8.2061e-05
-5.2509 0.00028053 7.0886e-05
-5.1929 0.00026233 6.6722e-05
-5.1349 0.00027585 6.9702e-05
-5.0768 0.00029657 7.3602e-05
-5.0188 0.0003229 7.9276e-05
-4.9608 0.00029209 7.2908e-05
-4.9028 0.00021049 5.6603e-05
-4.8448 0.00025641 6.6136e-05
-4.7867 0.00027248 6.885e-05
-4.7287 0.00036776 8.7457e-05
-4.6707 0.00032075 7.8749e-05
-4.6127 0.00033556 8.1184e-05
-4.5547 0.00032147 7.8525e-05
-4.4966 0.00036761 8.7778e-05
-4.4386 0.00037534 8.9261e-05
-4.3806 0.00024073 6.256e-05
-4.3226 0.00026679 6.7855e-05
-4.2645 0.00032693 7.986e-05
-4.2065 0.00032429 7.9213e-05
-4.1485 0.00041607 9.714e-05
-4.0905 0.00029964 7.4366e-05
-4.0325 0.00019689 5.402e-05
-3.9744 0.00036307 8.6695e-05
-3.9164 0.00024603 6.3937e-05
-3.8584 0.00029055 7.2959e-05
-3.8004 0.00037731 8.9376e-05
-3.7424 0.0003915 9.2046e-05
-3.6843 0.00025261 6.5156e-05
-3.6263 0.00039471 9.3142e-05
-3.5683 0.00037043 8.8451e-05
-3.5103 0.00036575 8.698e-05
-3.4523 0.00043542 0.00010037
-3.3942 0.00043314 0.00010079
-3.3362 0.00036473 8.7459e-05
-3.2782 0.00040934 9.4943e-05
-3.2202 0.0003961 9.3472e-05
-3.1621 0.000386 9.1794e-05
-3.1041 0.00050039 0.00011237
-3.0461 0.00034108 8.2909e-05
-2.9881 0.00044484 0.00010285
-2.9301 0.0005287 0.0001177
-2.872 0.00035299 8.5804e-05
-2.814 0.00044439 0.00010156
-2.756 0.00054093 0.00012204
-2.698 0.00046576 0.00010615
-2.64 0.00041184 9.6153e-05
-2.5819 0.00043242 0.0001003
-2.5239 0.00047256 0.00010799
-2.4659 0.00046712 0.00010736
-2.4079 0.00049095 0.00011104
-2.3499 0.00045447 0.00010386
-2.2918 0.00059062 0.00013263
-2.2338 0.00069568 0.00014836
-2.1758 0.00062556 0.00013871
-2.1178 0.00050941 0.00011414
-2.0597 0.00077228 0.00016451
-2.0017 0.00050862 0.00011656
-1.9437 0.00064068 0.00013818
-1.8857 0.00074667 0.00016082
-1.8277 0.00061242 0.00013607
-1.7696 0.00070882 0.00014988
-1.7116 0.00072338 0.00015892
-1.6536 0.00086797 0.00018283
-1.5956 0.0010018 0.00020795
-1.5376 0.0011247 0.00022942
-1.4795 0.0014613 0.00029793
-1.4215 0.0015884 0.00031858
-1.3635 0.0018462 0.00036752
-1.3055 0.0022775 0.00044572
-1.2475 0.0026722 0.00052485
-1.1894 0.0037399 0.00072212
-1.1314 0.0048754 0.00094026
-1.0734 0.0063162 0.0012071
-1.0154 0.0080625 0.0015337
-0.95735 0.0097105 0.0018445
-0.89933 0.011212 0.0021266
-0.84131 0.013262 0.0025104
-0.78328 0.014418 0.0027286
-0.72526 0.017405 0.0032894
-0.66724 0.019309 0.0036478
-0.60922 0.020141 0.0038073
-0.5512 0.02293 0.0043302
-0.49318 0.023669 0.0044645
-0.43516 0.024471 0.0046142
-0.37714 0.024618 0.0046444
-0.31912 0.02489 0.004698
-0.26109 0.025619 0.0048396
-0.20307 0.023132 0.0043624
-0.14505 0.02344 0.0044225
-0.087032 0.020753 0.0039225
-0.029011 0.021159 0.0039941
0.029011 0.018426 0.0034853
0.087032 0.017597 0.0033248
0.14505 0.013784 0.0026066
0.20307 0.013221 0.0025112
0.26109 0.010651 0.0020233
0.31912 0.0093692 0.00178
0.37714 0.0067662 0.0012887
0.43516 0.0045531 0.000874
0.49318 0.0034447 0.00066993
0.5512 0.0026507 0.00052171
0.60922 0.0021798 0.00043006
0.66724 0.001811 0.00035984
0.72526 0.0012562 0.00025588
0.78328 0.0011521 0.00023546
0.84131 0.0011091 0.00022803
0.89933 0.00096729 0.00020153
0.95735 0.00079095 0.00016676
1.0154 0.00083452 0.00017682
1.0734 0.00073202 0.00016001
1.1314 0.00063044 0.00013715
1.1894 0.00063162 0.00014005
1.2475 0.00062227 0.00013385
1.3055 0.00058286 0.00012924
1.3635 0.00058352 0.00012889
1.4215 0.00054036 0.00012384
1.4795 0.00051303 0.00011354
1.5376 0.00046585 0.00010646
1.5956 0.00056343 0.00012518
1.6536 0.00043148 0.00010303
1.7116 0.00046708 0.00010398
1.7696 0.00054928 0.00012454
1.8277 0.00035019 8.5124e-05
1.8857 0.00031145 7.5009e-05
1.9437 0.00042473 0.000101
2.0017 0.0004261 9.8521e-05
2.0597 0.00033011 7.9865e-05
2.1178 0.0003906 9.4073e-05
2.1758 0.00045703 0.00010287
2.2338 0.00050852 0.00011722
2.2918 0.00032101 7.8029e-05
2.3499 0.00036004 8.6333e-05
2.4079 0.00029783 7.4342e-05
2.4659 0.00042514 9.9258e-05
2.5239 0.00035636 8.5452e-05
2.5819 0.00030046 7.4998e-05
2.64 0.00034691 8.3186e-05
2.698 0.0003795 9.1399e-05
2.756 0.00032669 7.9038e-05
2.814 0.00032357 8.0303e-05
2.872 0.0002896 7.1873e-05
2.9301 0.00024311 6.3681e-05
2.9881 0.00024777 6.4901e-05
3.0461 0.00029064 7.2131e-05
3.1041 0.00024174 6.385e-05
3.1621 0.00031134 7.7269e-05
3.2202 0.00031394 7.6685e-05
3.2782 0.00028508 7.2036e-05
3.3362 0.00031171 7.7361e-05
3.3942 0.0003313 8.0533e-05
3.4523 0.00023381 6.1244e-05
3.5103 0.00026916 6.8927e-05
3.5683 0.00025177 6.5429e-05
3.6263 0.00023915 6.2641e-05
3.6843 0.00030023 7.4511e-05
3.7424 0.00019897 5.4592e-05
3.8004 0.00028532 7.2095e-05
3.8584 0.0002912 7.3122e-05
3.9164 0.00027178 6.9126e-05
3.9744 0.00030257 7.5092e-05
4.0325 0.00026426 6.7674e-05
4.0905 0.00029841 7.4487e-05
4.1485 0.00028913 7.2602e-05
4.2065 0.00023481 6.2018e-05
4.2645 0.0001998 5.482e-05
4.3226 0.00027804 7.0257e-05
4.3806 0.0002178 5.8569e-05
4.4386 0.00015401 4.5663e-05
4.4966 0.00023356 6.1687e-05
4.5547 0.00019841 5.4437e-05
4.6127 0.00029169 7.3246e-05
4.6707 0.00024836 6.4543e-05
4.7287 0.00019568 5.3687e-05
4.7867 0.00024227 6.346e-05
4.8448 0.00019096 5.2971e-05
4.9028 0.00022379 5.9628e-05
4.9608 0.00022957 6.1168e-05
5.0188 0.00024734 6.4278e-05
5.0768 0.00024913 6.4742e-05
5.1349 0.00030448 7.515e-05
5.1929 0.00022968 6.1196e-05
5.2509 0.00022739 6.0586e-05
5.3089 0.00016702 4.8087e-05
5.3669 0.00026132 6.692e-05
5.425 0.00025189 6.5461e-05
5.483 0.00018914 5.3079e-05
5.541 0.00020817 5.653e-05
5.599 0.00022719 6.0007e-05
5.6571 0.0002947 7.4466e-05
5.7151 0.00015009 4.4501e-05
5.7731 0.00029143 7.3179e-05
5.8311 0.00022066 5.9338e-05
5.8891 0.00023086 6.0975e-05
5.9472 0.00028679 7.2467e-05
6.0052 0.00012141 3.8766e-05
6.0632 0.00023574 6.1748e-05
6.1212 0.00018244 5.1837e-05
6.1792 0.00010307 3.4526e-05
6.2373 0.00017878 5.0796e-05
6.2953 0.00026499 6.786e-05
6.3533 0.00016621 4.8537e-05
6.4113 0.00015034 4.4576e-05
6.4694 0.00025257 6.5636e-05
6.5274 0.0002042 5.545e-05
6.5854 0.00022311 5.9998e-05
6.6434 0.00019424 5.3881e-05
6.7014 0.0001853 5.2002e-05
6.7595 0.00026126 6.7386e-05
6.8175 0.00017461 4.9612e-05
6.8755 0.00015524 4.6028e-05
6.9335 0.00018452 5.1782e-05
6.9915 0.00025513 6.5806e-05
7.0496 0.00023784 6.2818e-05
7.1076 0.00016326 4.7675e-05
7.1656 0.00025531 6.5852e-05
7.2236 0.00019427 5.3888e-05
7.2816 0.00021197 5.7561e-05
7.3397 0.00018773 5.2684e-05
7.3977 0.00017513 4.9761e-05
7.4557 0.00019299 5.3534e-05
7.5137 0.00028646 7.2384e-05
7.5718 0.00022602 6.0222e-05
7.6298 0.00017674 5.0217e-05
7.6878 0.00017615 5.0051e-05
7.7458 0.00017759 5.0461e-05
7.8038 0.00017647 5.0142e-05
7.8619 0.00018354 5.1507e-05
7.9199 0.00018407 5.1656e-05
7.9779 0.0002337 6.1725e-05
8.0359 0.00023086 6.0974e-05
8.0939 0.00020637 5.604e-05
8.152 0.00015185 4.5022e-05
8.21 0.00015213 4.5105e-05
8.268 0.00021333 5.7368e-05
8.326 0.00022452 5.982e-05
8.384 0.0001743 4.9526e-05
8.4421 0.00022314 5.9454e-05
8.5001 0.00021814 5.8662e-05
8.5581 0.00018965 5.2606e-05
8.6161 0.00021828 5.8699e-05
8.6742 0.0001939 5.3786e-05
8.7322 0.00027084 6.8885e-05
8.7902 0.00024827 6.452e-05
8.8482 0.00020745 5.6333e-05
8.9062 0.00020228 5.55e-05
8.9643 0.00018507 5.1936e-05
9.0223 0.0002082 5.6536e-05
9.0803 0.00018143 5.0916e-05
9.1383 0.00011405 3.7257e-05
9.1963 0.00018312 5.1389e-05
9.2544 0.00023785 6.2301e-05
9.3124 0.00012767 3.9922e-05
9.3704 0.00020112 5.5182e-05
9.4284 0.00011111 3.6293e-05
9.4864 0.0001426 4.2979e-05
9.5445 0.00017539 4.9835e-05
9.6025 9.6529e-05 3.3245e-05
9.6605 0.00017358 4.932e-05
9.7185 0.00026796 6.8154e-05
9.7766 0.00017762 5.0469e-05
9.8346 0.00020781 5.6429e-05
9.8926 0.00017507 4.9744e-05
9.9506 0.00012684 3.9664e-05
10.009 0.0001594 4.6547e-05
10.067 0.00011207 3.6609e-05
10.125 0.00018142 5.0913e-05
10.183 0.00019913 5.4635e-05
10.241 0.00018097 5.0785e-05
10.299 0.00016659 4.7964e-05
10.357 0.00013568 4.162e-05
10.415 0.00018098 5.079e-05
10.473 0.0002872 7.2118e-05
10.531 0.00021578 5.8027e-05
10.589 0.00022894 6.0469e-05
10.647 0.00018035 5.0614e-05
10.705 0.00017472 4.9645e-05
10.763 0.00015098 4.4765e-05
10.821 0.00019737 5.4153e-05
10.879 0.0001876 5.2037e-05
10.937 0.00019015 5.2747e-05
10.995 0.00015903 4.644e-05
11.053 0.00014207 4.2819e-05
11.111 0.00019728 5.4128e-05
11.169 0.00014949 4.4323e-05
11.227 0.00019764 5.4226e-05
11.285 0.00019745 5.4174e-05
11.343 0.00018186 5.1036e-05
11.401 0.00017244 4.8997e-05
11.459 0.00019823 5.4389e-05
11.517 0.00022158 5.9039e-05
11.575 0.00021985 5.8578e-05
11.633 0.00022156 5.9034e-05
11.691 0.00019783 5.4277e-05
11.749 0.0002853 7.1641e-05
11.807 0.0002113 5.6822e-05
11.865 0.00016608 4.7817e-05
11.923 0.00014258 4.297e-05
11.981 0.00016495 4.7493e-05
12.039 0.00015749 4.5992e-05
12.097 0.00019547 5.363e-05
12.155 0.00014212 4.2832e-05
12.213 0.00020487 5.5633e-05
12.271 0.00021888 5.8319e-05
12.329 0.00015591 4.5531e-05
12.388 0.00020423 5.546e-05
12.446 0.00016426 4.7294e-05
12.504 0.00017051 4.8447e-05
12.562 0.00016362 4.7108e-05
12.62 0.00023362 6.1193e-05
12.678 0.00018578 5.1533e-05
12.736 0.0001081 3.531e-05
12.794 0.00017025 4.8374e-05
12.852 0.00018815 5.2191e-05
12.91 0.00023101 6.0509e-05
12.968 0.00018457 5.1198e-05
13.026 0.00019253 5.2823e-05
13.084 0.00019404 5.3239e-05
13.142 0.00016173 4.6566e-05
13.2 0.00017588 4.9359e-05
13.258 0.00014571 4.3202e-05
13.316 0.00017049 4.8441e-05
13.374 0.00017749 4.9809e-05
13.432 0.00018349 5.0897e-05
13.49 0.00016093 4.6335e-05
13.548 0.00021561 5.7447e-05
13.606 0.00020874 5.6133e-05
13.664 0.00028332 7.072e-05
13.722 0.00017591 4.9366e-05
13.78 0.00016129 4.6438e-05
13.838 0.00019962 5.4207e-05
13.896 0.00017499 4.9109e-05
13.954 0.0001374 4.1409e-05
14.012 0.00016131 4.6443e-05
14.07 0.00016005 4.6082e-05
14.128 0.00016587 4.7129e-05
14.186 0.00014545 4.3125e-05
14.244 0.00016047 4.6202e-05
14.302 0.00019073 5.2329e-05
14.36 0.00020393 5.484e-05
14.418 0.00016726 4.7525e-05
14.476 0.00015197 4.4379e-05
14.534 0.00019027 5.2205e-05
14.592 0.00017376 4.8764e-05
14.65 0.00017445 4.8957e-05
14.708 0.00022156 5.852e-05
14.766 0.00013011 3.9913e-05
14.824 0.00021877 5.7781e-05
14.882 0.00015319 4.4734e-05
14.94 0.00019798 5.376e-05
14.998 0.00017399 4.8827e-05
15.056 0.00020328 5.4666e-05
15.114 0.00019677 5.3433e-05
15.173 0.00028763 7.1384e-05
15.231 0.00016716 4.7496e-05
15.289 0.00019403 5.2689e-05
15.347 0.00018133 5.0298e-05
15.405 0.00017272 4.8471e-05
15.463 0.00016463 4.6776e-05
15.521 0.00017905 4.9668e-05
15.579 0.00014163 4.1992e-05
15.637 0.00020881 5.5636e-05
15.695 0.00013453 4.0544e-05
15.753 0.00012564 3.854e-05
15.811 0.00017126 4.8061e-05
15.869 0.00018772 5.1504e-05
15.927 0.00016281 4.6261e-05
15.985 0.00014921 4.3573e-05
16.043 0.00020698 5.5148e-05
16.101 0.00018593 5.1013e-05
16.159 0.00017106 4.8005e-05
16.217 0.00013348 4.023e-05
16.275 0.00016332 4.6405e-05
16.333 0.00018503 5.0766e-05
16.391 0.0001398 4.145e-05
16.449 0.00021298 5.6253e-05
16.507 0.00017704 4.9109e-05
16.565 0.00027186 6.7858e-05
16.623 0.00018428 5.0561e-05
16.681 0.00018147 4.9791e-05
16.739 0.00016053 4.5612e-05
16.797 0.00019708 5.2997e-05
16.855 0.00025306 6.3943e-05
16.913 0.00011551 3.612e-05
16.971 0.00026823 6.6954e-05
17.029 0.00023915 6.1244e-05
17.087 0.00022569 5.8651e-05
17.145 0.00020816 5.4981e-05
17.203 0.00016664 4.6764e-05
17.261 0.00015282 4.4001e-05
17.319 0.00027431 6.8078e-05
17.377 0.00017191 4.7687e-05
17.435 0.00012273 3.765e-05
17.493 0.00015817 4.4941e-05
17.551 0.00023133 5.9666e-05
17.609 0.00019221 5.1687e-05
17.667 0.00015799 4.4892e-05
17.725 0.00017893 4.9092e-05
17.783 0.00021451 5.6187e-05
17.841 0.00016292 4.572e-05
17.9 0.00018473 5.0162e-05
17.958 0.00021391 5.6031e-05
18.016 0.0001975 5.2623e-05
18.074 0.00020367 5.3794e-05
18.132 0.00016888 4.6846e-05
18.19 0.00011243 3.5155e-05
18.248 0.00014856 4.2774e-05
18.306 0.00015356 4.3631e-05
18.364 0.00014767 4.2517e-05
18.422 0.00023252 5.9545e-05
18.48 0.00020916 5.4787e-05
18.538 0.00017386 4.77e-05
18.596 0.00024242 6.1256e-05
18.654 0.00018193 4.9402e-05
18.712 0.00021657 5.6281e-05
18.77 0.00024846 6.239e-05
18.828 0.00020778 5.4425e-05
18.886 0.00016633 4.6137e-05
18.944 0.00015984 4.4858e-05
19.002 0.00021948 5.6612e-05
19.06 0.00019941 5.2667e-05
19.118 0.00017338 4.7571e-05
19.176 0.00017802 4.8341e-05
19.234 0.00019042 5.0736e-05
19.292 0.00023287 5.9229e-05
19.35 0.000177 4.8066e-05
19.408 0.00023822 6.0194e-05
19.466 0.00016193 4.4917e-05
19.524 0.00025196 6.289e-05
19.582 0.0001965 5.1899e-05
19.64 0.00020139 5.2752e-05
19.698 0.00018742 4.9936e-05
19.756 0.0001203 3.6257e-05
19.814 0.0002235 5.7236e-05
19.872 0.00020752 5.3929e-05
19.93 0.00022644 5.7593e-05
19.988 0.00015399 4.3216e-05
20.046 0.00017278 4.6918e-05
20.104 0.00016602 4.555e-05
20.162 0.00019189 5.0683e-05
20.22 0.00022626 5.7546e-05
20.278 0.0001787 4.8054e-05
20.336 0.00017818 4.7916e-05
20.394 0.00016379 4.494e-05
20.452 0.00025201 6.2543e-05
20.51 0.00015188 4.2622e-05
20.568 0.00021646 5.5433e-05
20.626 0.00017492 4.7038e-05
20.685 0.00022094 5.6195e-05
20.743 0.00013601 3.9161e-05
20.801 0.00016856 4.5771e-05
20.859 0.00019287 5.0519e-05
20.917 0.00013567 3.9063e-05
20.975 9.6771e-05 3.0898e-05
21.033 0.00022418 5.6646e-05
21.091 0.00019716 5.1238e-05
21.149 0.00022393 5.6585e-05
21.207 0.00015406 4.2735e-05
21.265 0.00017801 4.743e-05
21.323 0.00029144 6.9592e-05
21.381 0.00023372 5.8338e-05
21.439 0.00020335 5.2449e-05
21.497 0.00015817 4.3395e-05
21.555 0.00017512 4.666e-05
21.613 0.00030088 7.1271e-05
21.671 0.00018856 4.9392e-05
21.729 0.00019268 5.0072e-05
21.787 0.00020357 5.2132e-05
21.845 0.00015424 4.2318e-05
21.903 0.00022827 5.6978e-05
21.961 0.00017084 4.552e-05
22.019 0.00020629 5.2468e-05
22.077 0.00019421 5.0092e-05
22.135 0.00019539 5.0397e-05
22.193 0.00010274 3.1515e-05
22.251 0.00027568 6.5828e-05
22.309 0.0001682 4.4815e-05
22.367 0.00021641 5.4342e-05
22.425 0.00022141 5.5266e-05
22.483 0.00020686 5.227e-05
22.541 0.00015445 4.194e-05
22.599 0.00014934 4.0973e-05
22.657 0.00021451 5.3866e-05
22.715 0.00011784 3.4412e-05
22.773 0.00020616 5.2092e-05
22.831 0.00020013 5.0901e-05
22.889 0.00017577 4.604e-05
22.947 0.00016265 4.3336e-05
23.005 0.0001973 5.0182e-05
23.063 0.00022604 5.5791e-05
23.121 0.00020645 5.184e-05
23.179 0.00017761 4.6157e-05
23.237 0.00011964 3.4446e-05
23.295 0.00021649 5.3728e-05
23.353 0.00026566 6.3176e-05
23.412 0.00020259 5.0873e-05
23.47 0.00014105 3.8699e-05
23.528 0.00013531 3.7534e-05
23.586 0.00018419 4.7169e-05
23.644 0.00023334 5.672e-05
23.702 0.00013801 3.7865e-05
23.76 0.00019376 4.8961e-05
23.818 0.00026415 6.2572e-05
23.876 0.00018535 4.7142e-05
23.934 0.0001847 4.6977e-05
23.992 0.00016805 4.3672e-05
24.05 0.00016677 4.3338e-05
24.108 0.00021883 5.3453e-05
24.166 0.00022354 5.4339e-05
24.224 0.000202 5.0133e-05
24.282 0.00019582 4.8878e-05
24.34 0.00015167 4.006e-05
24.398 0.00014173 3.8114e-05
24.456 0.00020884 5.1274e-05
24.514 0.00020244 4.9967e-05
24.572 0.00014956 3.9503e-05
24.63 0.00021641 5.2604e-05
24.688 0.00012825 3.5188e-05
24.746 0.00019294 4.7883e-05
24.804 0.00014019 3.7352e-05
24.862 0.00019106 4.7418e-05
24.92 0.00019482 4.8086e-05
24.978 0.00015334 3.9849e-05
25.036 0.00020651 5.0199e-05
25.094 0.00018039 4.5027e-05
25.152 0.00021435 5.1625e-05
25.21 0.00019807 4.8383e-05
25.268 0.00018308 4.5437e-05
25.326 0.0001969 4.8097e-05
25.384 0.00018701 4.6158e-05
25.442 0.0001751 4.3707e-05
25.5 0.00017756 4.4068e-05
25.558 0.00020093 4.8613e-05
25.616 0.0001668 4.1885e-05
25.674 0.00020235 4.8733e-05
25.732 0.00012673 3.3766e-05
25.79 0.00021178 5.0363e-05
25.848 0.00014454 3.7282e-05
25.906 0.00019625 4.7265e-05
25.964 0.00024258 5.6087e-05
26.022 0.00017708 4.3476e-05
26.08 0.00019229 4.6312e-05
26.138 0.00020542 4.8851e-05
26.197 0.00017702 4.3241e-05
26.255 0.00016416 4.0741e-05
26.313 0.00021489 5.0523e-05
26.371 0.00021342 5.0177e-05
26.429 0.00016429 4.0549e-05
26.487 0.00020848 4.9016e-05
26.545 0.00021204 4.9675e-05
26.603 0.00019556 4.6323e-05
26.661 0.00018933 4.5025e-05
26.719 0.00019622 4.6304e-05
26.777 0.00022717 5.221e-05
26.835 0.00020391 4.7607e-05
26.893 0.00020124 4.6983e-05
26.951 0.00019661 4.6062e-05
27.009 0.00022479 5.1372e-05
27.067 0.00020707 4.7878e-05
27.125 0.00012925 3.2659e-05
27.183 0.00017368 4.1141e-05
27.241 0.00024492 5.4757e-05
27.299 0.00020136 4.6279e-05
27.357 0.0001914 4.4255e-05
27.415 0.00019011 4.3956e-05
27.473 0.00022388 5.0393e-05
27.531 0.00021044 4.7714e-05
27.589 0.00022315 4.9998e-05
27.647 0.0001814 4.1942e-05
27.705 0.00016557 3.8789e-05
27.763 0.00017716 4.0838e-05
27.821 0.00024531 5.371e-05
27.879 0.00019448 4.3877e-05
27.937 0.00019802 4.4468e-05
27.995 0.00019393 4.3551e-05
28.053 0.00022885 5.0022e-05
28.111 0.00019892 4.4285e-05
28.169 0.00019364 4.311e-05
28.227 0.0001694 3.8409e-05
28.285 0.00020149 4.4344e-05
28.343 0.00021261 4.6324e-05
28.401 0.00021357 4.6391e-05
28.459 0.00018957 4.1647e-05
28.517 0.00019642 4.2796e-05
28.575 0.00020152 4.3582e-05
28.633 0.00018028 3.9341e-05
28.691 0.00018219 3.9459e-05
28.749 0.00021259 4.4952e-05
28.807 0.00019174 4.0846e-05
28.865 0.00019955 4.2196e-05
28.924 0.00018778 3.9786e-05
28.982 0.00015637 3.3635e-05
29.04 0.00020524 4.2605e-05
29.098 0.00019893 4.1099e-05
29.156 0.00021163 4.3168e-05
29.214 0.00020119 4.0783e-05
29.272 0.00020727 4.1463e-05
29.33 0.00021787 4.3077e-05
29.388 0.00019715 3.831e-05
29.446 0.00020228 3.9419e-05
29.504 0 1
29.562 0 1
29.62 0 1
29.678 0 1
