-29.678 0 1
-29.62 0 1
-29.562 0 1
-29.504 0.00021572 4.165e-05
-29.446 0.00022008 4.2316e-05
-29.388 0.00021879 4.3037e-05
-29.33 0.00022416 4.4478e-05
-29.272 0.00022095 4.4341e-05
-29.214 0.00020402 4.1656e-05
-29.156 0.00019831 4.1006e-05
-29.098 0.000224 4.6139e-05
-29.04 0.00021231 4.4241e-05
-28.982 0.00020484 4.3066e-05
-28.924 0.00021306 4.4794e-05
-28.865 0.00023274 4.8682e-05
-28.807 0.00021343 4.5285e-05
-28.749 0.00021466 4.5779e-05
-28.691 0.00024305 5.1385e-05
-28.633 0.00020879 4.5187e-05
-28.575 0.00024002 5.1189e-05
-28.517 0.00021408 4.6485e-05
-28.459 0.00020778 4.5526e-05
-28.401 0.0002033 4.4808e-05
-28.343 0.00019705 4.3805e-05
-28.285 0.00021032 4.655e-05
-28.227 0.0002195 4.8379e-05
-28.169 0.00019929 4.4726e-05
-28.111 0.00022904 5.0379e-05
-28.053 0.00019542 4.4201e-05
-27.995 0.00024236 5.3205e-05
-27.937 0.00023434 5.1756e-05
-27.879 0.00023585 5.22e-05
-27.821 0.00021308 4.8066e-05
-27.763 0.00020696 4.7074e-05
-27.705 0.0002418 5.3752e-05
-27.647 0.00023974 5.3542e-05
-27.589 0.00021246 4.8465e-05
-27.531 0.00016451 3.9534e-05
-27.473 0.000184 4.328e-05
-27.415 0.00021364 4.9032e-05
-27.357 0.00022741 5.1726e-05
-27.299 0.00021525 4.9559e-05
-27.241 0.00018781 4.4353e-05
-27.183 0.00020262 4.7299e-05
-27.125 0.00016478 4.0191e-05
-27.067 0.00017138 4.1587e-05
-27.009 0.00024456 5.5625e-05
-26.951 0.00023056 5.3084e-05
-26.893 0.00020864 4.9074e-05
-26.835 0.00018085 4.3884e-05
-26.777 0.0002714 6.1223e-05
-26.719 0.00020144 4.7974e-05
-26.661 0.00018594 4.5119e-05
-26.603 0.0001888 4.5813e-05
-26.545 0.00018929 4.5932e-05
-26.487 0.00020073 4.8238e-05
-26.429 0.00016503 4.1443e-05
-26.371 0.00020415 4.9059e-05
-26.313 0.00018148 4.4752e-05
-26.255 0.00019073 4.6521e-05
-26.197 0.00019175 4.677e-05
-26.138 0.00019867 4.821e-05
-26.08 0.00023929 5.6069e-05
-26.022 0.00017576 4.386e-05
-25.964 0.00017257 4.3336e-05
-25.906 0.00022114 5.2899e-05
-25.848 0.00022151 5.2987e-05
-25.79 0.00023309 5.5273e-05
-25.732 0.00018872 4.6808e-05
-25.674 0.00022181 5.3303e-05
-25.616 0.0002172 5.2445e-05
-25.558 0.00019199 4.762e-05
-25.5 0.00024178 5.7334e-05
-25.442 0.00025339 5.9601e-05
-25.384 0.00022213 5.3635e-05
-25.326 0.00011676 3.3014e-05
-25.268 0.00022472 5.4261e-05
-25.21 0.00024389 5.8082e-05
-25.152 0.00018447 4.6634e-05
-25.094 0.00021735 5.3013e-05
-25.036 0.00025196 5.9749e-05
-24.978 0.00017572 4.5056e-05
-24.92 0.00020993 5.1768e-05
-24.862 0.00018822 4.7582e-05
-24.804 0.00018536 4.7183e-05
-24.746 0.0001806 4.6306e-05
-24.688 0.00021982 5.3904e-05
-24.63 0.00024312 5.8424e-05
-24.572 0.00024029 5.8021e-05
-24.514 0.00023115 5.6379e-05
-24.456 0.00025554 6.1127e-05
-24.398 0.0001163 3.3806e-05
-24.34 0.00022307 5.5009e-05
-24.282 0.00016483 4.3675e-05
-24.224 0.00018219 4.7071e-05
-24.166 0.00022464 5.5395e-05
-24.108 0.0001434 3.9575e-05
-24.05 0.00019878 5.0601e-05
-23.992 0.00014513 4.0052e-05
-23.934 0.00020397 5.1561e-05
-23.876 0.00018182 4.7352e-05
-23.818 0.00014629 4.0373e-05
-23.76 0.00015333 4.1848e-05
-23.702 0.00020819 5.2628e-05
-23.644 0.00022812 5.6582e-05
-23.586 0.00013021 3.7312e-05
-23.528 0.00030288 7.0969e-05
-23.47 0.00019269 4.9784e-05
-23.412 0.00019241 4.9712e-05
-23.353 0.00018205 4.7811e-05
-23.295 0.00016917 4.5245e-05
-23.237 0.00023174 5.748e-05
-23.179 0.00018243 4.7912e-05
-23.121 0.000159 4.3397e-05
-23.063 0.00016444 4.4416e-05
-23.005 0.00020805 5.296e-05
-22.947 0.00019081 4.9694e-05
-22.889 0.00021256 5.4108e-05
-22.831 0.00019292 5.0243e-05
-22.773 0.0001916 4.99e-05
-22.715 0.00018232 4.831e-05
-22.657 0.00023551 5.877e-05
-22.599 0.00018224 4.8286e-05
-22.541 0.00020121 5.1985e-05
-22.483 0.00019745 5.1424e-05
-22.425 0.00024432 6.06e-05
-22.367 0.00016523 4.5096e-05
-22.309 0.00025104 6.1905e-05
-22.251 0.00017404 4.7007e-05
-22.193 0.00024124 6.02e-05
-22.135 0.00016069 4.4345e-05
-22.077 0.00019426 5.1018e-05
-22.019 0.00014845 4.1974e-05
-21.961 0.00023135 5.8484e-05
-21.903 0.00013554 3.9397e-05
-21.845 0.00023868 5.9938e-05
-21.787 0.00021118 5.4561e-05
-21.729 0.00019987 5.2491e-05
-21.671 0.0001989 5.2238e-05
-21.613 0.00019915 5.2303e-05
-21.555 0.00019998 5.2521e-05
-21.497 0.0001953 5.1747e-05
-21.439 0.00014678 4.206e-05
-21.381 0.000138 4.0114e-05
-21.323 0.0002308 5.8749e-05
-21.265 0.00023867 6.0333e-05
-21.207 0.00019596 5.1924e-05
-21.149 0.00016728 4.6164e-05
-21.091 0.00016872 4.6561e-05
-21.033 0.00010612 3.3751e-05
-20.975 0.00020548 5.3965e-05
-20.917 0.00020475 5.3775e-05
-20.859 0.00024134 6.1009e-05
-20.801 0.00031369 7.5037e-05
-20.743 0.00022063 5.7002e-05
-20.685 0.00024922 6.2586e-05
-20.626 0.00020061 5.3156e-05
-20.568 0.00018737 5.0607e-05
-20.51 0.0002364 6.0175e-05
-20.452 0.00017254 4.7615e-05
-20.394 0.00018699 5.0506e-05
-20.336 0.00023308 5.9763e-05
-20.278 0.00016714 4.6672e-05
-20.22 0.00022399 5.7871e-05
-20.162 0.00015287 4.3804e-05
-20.104 0.00017552 4.8438e-05
-20.046 0.00016162 4.5697e-05
-19.988 0.0002122 5.573e-05
-19.93 0.00021971 5.7221e-05
-19.872 0.00019253 5.2003e-05
-19.814 0.00015471 4.4333e-05
-19.756 0.00027224 6.7524e-05
-19.698 0.00018511 5.0523e-05
-19.64 0.00024688 6.2842e-05
-19.582 0.00017144 4.7872e-05
-19.524 0.00020682 5.4801e-05
-19.466 0.00023142 5.979e-05
-19.408 0.00016465 4.6555e-05
-19.35 0.00015008 4.3624e-05
-19.292 0.00017928 4.9476e-05
-19.234 0.00020248 5.4154e-05
-19.176 0.00028836 7.1107e-05
-19.118 0.00018828 5.1388e-05
-19.06 0.00015704 4.5001e-05
-19.002 0.00012103 3.7693e-05
-18.944 0.0001899 5.183e-05
-18.886 0.00022062 5.7943e-05
-18.828 0.00024894 6.3368e-05
-18.77 0.00024367 6.2479e-05
-18.712 0.00019086 5.2093e-05
-18.654 0.00022735 5.921e-05
-18.596 0.00022002 5.7784e-05
-18.538 0.00016874 4.7712e-05
-18.48 0.00026901 6.7556e-05
-18.422 0.00023088 6.013e-05
-18.364 0.00017527 4.8941e-05
-18.306 0.00015349 4.4616e-05
-18.248 0.0001781 4.9732e-05
-18.19 0.00021785 5.7722e-05
-18.132 0.00020076 5.4226e-05
-18.074 0.00020176 5.4495e-05
-18.016 0.00015733 4.5732e-05
-17.958 0.00024172 6.2452e-05
-17.9 0.00023345 6.0798e-05
-17.841 0.0002656 6.7141e-05
-17.783 0.00027436 6.8898e-05
-17.725 0.00017994 5.0246e-05
-17.667 0.00018719 5.1658e-05
-17.609 0.00022142 5.8668e-05
-17.551 0.00022949 6.0272e-05
-17.493 0.00017996 5.025e-05
-17.435 0.0002294 6.0248e-05
-17.377 0.00022824 5.9943e-05
-17.319 0.00028514 7.1154e-05
-17.261 0.00020016 5.463e-05
-17.203 0.00023591 6.144e-05
-17.145 0.00015908 4.6241e-05
-17.087 0.00026391 6.7179e-05
-17.029 0.00035927 8.556e-05
-16.971 0.00021347 5.7093e-05
-16.913 0.00021559 5.7661e-05
-16.855 0.00017716 5.0093e-05
-16.797 0.00017565 4.9665e-05
-16.739 0.00015909 4.6244e-05
-16.681 0.00023255 6.1075e-05
-16.623 0.00021651 5.7907e-05
-16.565 0.00020122 5.492e-05
-16.507 0.00026553 6.759e-05
-16.449 0.0001682 4.8199e-05
-16.391 0.00030927 7.6265e-05
-16.333 0.00023274 6.1126e-05
-16.275 0.00021655 5.7916e-05
-16.217 0.00019362 5.3434e-05
-16.159 0.00020308 5.5429e-05
-16.101 0.00024946 6.4451e-05
-16.043 0.00019437 5.3639e-05
-15.985 0.00020173 5.5058e-05
-15.927 0.0002543 6.5702e-05
-15.869 0.00024433 6.3633e-05
-15.811 0.00026599 6.7707e-05
-15.753 0.00021187 5.7225e-05
-15.695 0.00021993 5.8821e-05
-15.637 0.00025211 6.5136e-05
-15.579 0.00017939 5.0723e-05
-15.521 0.00021272 5.7456e-05
-15.463 0.00018855 5.2649e-05
-15.405 0.00016484 4.7914e-05
-15.347 0.00020482 5.5903e-05
-15.289 0.00014025 4.2844e-05
-15.231 0.000266 6.8204e-05
-15.173 0.00013992 4.2743e-05
-15.114 0.00027884 7.0488e-05
-15.056 0.00023926 6.2837e-05
-14.998 0.00017497 5.0138e-05
-14.94 0.000273 6.9493e-05
-14.882 0.00016452 4.7821e-05
-14.824 0.00018247 5.1593e-05
-14.766 0.00019203 5.3622e-05
-14.708 0.0001651 4.7991e-05
-14.65 0.00021338 5.7633e-05
-14.592 0.00019079 5.3276e-05
-14.534 0.00025788 6.6627e-05
-14.476 0.00017509 5.0173e-05
-14.418 0.00027097 6.8975e-05
-14.36 0.00014972 4.4927e-05
-14.302 0.00025967 6.7088e-05
-14.244 0.00029031 7.2904e-05
-14.186 0.00023342 6.1848e-05
-14.128 0.0001923 5.3698e-05
-14.07 0.00022769 6.0895e-05
-14.012 0.00030998 7.6885e-05
-13.954 0.00023402 6.2007e-05
-13.896 0.00022603 6.0451e-05
-13.838 0.00020262 5.5918e-05
-13.78 0.00021907 5.9171e-05
-13.722 0.0001926 5.3782e-05
-13.664 0.00020328 5.6098e-05
-13.606 0.0002204 5.9529e-05
-13.548 0.00020115 5.5511e-05
-13.49 0.0002186 5.9045e-05
-13.432 0.0001949 5.4422e-05
-13.374 0.00021221 5.792e-05
-13.316 0.00017778 5.0944e-05
-13.258 0.00015987 4.7188e-05
-13.2 0.00020352 5.6166e-05
-13.142 0.00022985 6.1473e-05
-13.084 0.00024413 6.4116e-05
-13.026 0.00024514 6.4381e-05
-12.968 0.0001855 5.2451e-05
-12.91 0.00016227 4.7896e-05
-12.852 0.00023587 6.2499e-05
-12.794 0.00022068 5.9605e-05
-12.736 0.00020535 5.6671e-05
-12.678 0.00019647 5.486e-05
-12.62 0.00019576 5.4664e-05
-12.562 0.00027989 7.1245e-05
-12.504 0.00017794 5.0989e-05
-12.446 0.00027558 7.066e-05
-12.388 0.00023011 6.1542e-05
-12.329 0.00017894 5.1276e-05
-12.271 0.00020574 5.6779e-05
-12.213 0.00021578 5.8893e-05
-12.155 0.00021257 5.8017e-05
-12.097 0.00019731 5.5097e-05
-12.039 0.00022222 6.0022e-05
-11.981 0.00019829 5.5368e-05
-11.923 0.00017243 5.0123e-05
-11.865 0.00019657 5.4889e-05
-11.807 0.0002514 6.6026e-05
-11.749 0.00027578 7.071e-05
-11.691 0.00026373 6.8137e-05
-11.633 0.00025704 6.6943e-05
-11.575 0.00021506 5.8697e-05
-11.517 0.00015545 4.6648e-05
-11.459 0.00019699 5.5006e-05
-11.401 0.0002764 7.0869e-05
-11.343 0.0001894 5.3554e-05
-11.285 0.00021705 5.924e-05
-11.227 0.00021617 5.8999e-05
-11.169 0.00025825 6.7256e-05
-11.111 0.0002689 6.9474e-05
-11.053 0.00013911 4.3324e-05
-10.995 0.00022567 6.0953e-05
-10.937 0.0001975 5.5148e-05
-10.879 0.00024169 6.4038e-05
-10.821 0.00020095 5.6113e-05
-10.763 0.00023448 6.2713e-05
-10.705 0.00018114 5.1905e-05
-10.647 0.00024301 6.4388e-05
-10.589 0.00025404 6.672e-05
-10.531 0.00020053 5.5993e-05
-10.473 0.00017197 4.9989e-05
-10.415 0.00020128 5.6205e-05
-10.357 0.00026222 6.829e-05
-10.299 0.00027621 7.0822e-05
-10.241 0.00028927 7.3633e-05
-10.183 0.00019057 5.3885e-05
-10.125 0.00016697 4.9284e-05
-10.067 0.00024533 6.5004e-05
-10.009 0.00030323 7.6149e-05
-9.9506 0.00023528 6.2927e-05
-9.8926 0.00026972 6.9684e-05
-9.8346 0.00019324 5.464e-05
-9.7766 0.00027007 6.9775e-05
-9.7185 0.00026865 6.9409e-05
-9.6605 0.00025741 6.7604e-05
-9.6025 0.00020102 5.6132e-05
-9.5445 0.00018296 5.2427e-05
-9.4864 0.00021015 5.7995e-05
-9.4284 0.00020259 5.657e-05
-9.3704 0.00029034 7.3906e-05
-9.3124 0.00015637 4.6922e-05
-9.2544 0.0002442 6.4704e-05
-9.1963 0.00022374 6.1066e-05
-9.1383 0.00021776 5.9433e-05
-9.0803 0.00018486 5.2972e-05
-9.0223 0.00024642 6.5293e-05
-8.9643 0.00024131 6.4538e-05
-8.9062 0.00031254 7.7993e-05
-8.8482 0.00017655 5.132e-05
-8.7902 0.00034159 8.3765e-05
-8.7322 0.00019614 5.546e-05
-8.6742 0.00029123 7.4132e-05
-8.6161 0.00029643 7.4936e-05
-8.5581 0.0002404 6.4295e-05
-8.5001 0.00020191 5.6379e-05
-8.4421 0.00026166 6.8144e-05
-8.384 0.00026471 6.8941e-05
-8.326 0.0002103 5.8037e-05
-8.268 0.00028257 7.2452e-05
-8.21 0.00024904 6.5986e-05
-8.152 0.00021859 5.9662e-05
-8.0939 0.00025408 6.6731e-05
-8.0359 0.00020359 5.6849e-05
-7.9779 0.00019446 5.4984e-05
-7.9199 0.00022992 6.2102e-05
-7.8619 0.00022844 6.1701e-05
-7.8038 0.00026766 6.9708e-05
-7.7458 0.00022928 6.193e-05
-7.6878 0.00024776 6.5649e-05
-7.6298 0.00030241 7.6447e-05
-7.5718 0.00031428 7.8924e-05
-7.5137 0.00024837 6.581e-05
-7.4557 0.00022037 6.0147e-05
-7.3977 0.00022444 6.1258e-05
-7.3397 0.00026959 7.0212e-05
-7.2816 0.00018789 5.3839e-05
-7.2236 0.00024519 6.4968e-05
-7.1656 0.00025373 6.7229e-05
-7.1076 0.00035257 8.6457e-05
-7.0496 0.00013231 4.2082e-05
-6.9915 0.00026727 6.9607e-05
-6.9335 0.00033128 8.2169e-05
-6.8755 0.00026564 6.9183e-05
-6.8175 0.00026877 6.9997e-05
-6.7595 0.00032931 8.1678e-05
-6.7014 0.00032647 8.0975e-05
-6.6434 0.00034853 8.5945e-05
-6.5854 0.00026316 6.8535e-05
-6.5274 0.00021658 5.9769e-05
-6.4694 0.00027942 7.1643e-05
-6.4113 0.00032172 8.0792e-05
-6.3533 0.00030168 7.6262e-05
-6.2953 0.00028684 7.3548e-05
-6.2373 0.00024349 6.4516e-05
-6.1792 0.00027678 7.2084e-05
-6.1212 0.00027115 7.0055e-05
-6.0632 0.0002605 6.8415e-05
-6.0052 0.00033523 8.3149e-05
-5.9472 0.00023133 6.2482e-05
-5.8891 0.00027869 7.2002e-05
-5.8311 0.00023318 6.2982e-05
-5.7731 0.00027984 7.1751e-05
-5.7151 0.00039889 9.5856e-05
-5.6571 0.00029559 7.4723e-05
-5.599 0.00020445 5.7089e-05
-5.541 0.00040364 9.6554e-05
-5.483 0.00027821 7.1878e-05
-5.425 0.00031729 7.9177e-05
-5.3669 0.00033711 8.313e-05
-5.3089 0.00030767 7.7776e-05
-5.2509 0.00033524 8.315e-05
-5.1929 0.0004181 9.8343e-05
-5.1349 0.00032275 8.054e-05
-5.0768 0.00028393 7.2799e-05
-5.0188 0.00036781 8.9714e-05
-4.9608 0.00032186 8.0316e-05
-4.9028 0.00037922 9.113e-05
-4.8448 0.00033532 8.317e-05
-4.7867 0.00027308 7.0552e-05
-4.7287 0.00047167 0.00010896
-4.6707 0.00035371 8.6737e-05
-4.6127 0.00037869 9.1003e-05
-4.5547 0.0003109 7.8076e-05
-4.4966 0.00046914 0.00010874
-4.4386 0.0003793 9.1584e-05
-4.3806 0.00037111 8.9608e-05
-4.3226 0.00035592 8.6813e-05
-4.2645 0.00035261 8.6468e-05
-4.2065 0.00035795 8.7309e-05
-4.1485 0.00048104 0.00011076
-4.0905 0.00042848 0.00010078
-4.0325 0.00043825 0.00010269
-3.9744 0.00031271 7.853e-05
-3.9164 0.00046006 0.00010701
-3.8584 0.00047587 0.0001103
-3.8004 0.00035689 8.7048e-05
-3.7424 0.0004604 0.00010671
-3.6843 0.0004191 9.8972e-05
-3.6263 0.00041186 9.8083e-05
-3.5683 0.00056853 0.00012791
-3.5103 0.0005 0.00011406
-3.4523 0.00035243 8.5962e-05
-3.3942 0.00047842 0.00011089
-3.3362 0.00038355 9.2611e-05
-3.2782 0.00056703 0.00012634
-3.2202 0.00059665 0.00013325
-3.1621 0.00051446 0.00011807
-3.1041 0.00052522 0.00011848
-3.0461 0.0005259 0.00011997
-2.9881 0.00047866 0.00011095
-2.9301 0.00056948 0.0001266
-2.872 0.0005809 0.00013104
-2.814 0.00046006 0.00010593
-2.756 0.00065657 0.00014563
-2.698 0.00077406 0.00016576
-2.64 0.00063513 0.00013998
-2.5819 0.00085463 0.00018156
-2.5239 0.00066109 0.00014513
-2.4659 0.00049271 0.00011382
-2.4079 0.00080737 0.00017218
-2.3499 0.00075596 0.00016211
-2.2918 0.0007798 0.00016992
-2.2338 0.00071858 0.00015345
-2.1758 0.00085903 0.00018421
-2.1178 0.0008428 0.00017818
-2.0597 0.00084924 0.00017997
-2.0017 0.00082684 0.00017838
-1.9437 0.001027 0.00021155
-1.8857 0.00093588 0.00019741
-1.8277 0.00089772 0.0001912
-1.7696 0.00094017 0.00019381
-1.7116 0.00099009 0.0002106
-1.6536 0.0012018 0.000246
-1.5956 0.0011778 0.00024126
-1.5376 0.0012732 0.00025724
-1.4795 0.0013882 0.00028453
-1.4215 0.0016597 0.00033139
-1.3635 0.0021146 0.00041645
-1.3055 0.0020905 0.00040864
-1.2475 0.002362 0.00046485
-1.1894 0.0029517 0.00057044
-1.1314 0.0034622 0.00067083
-1.0734 0.0043222 0.00082632
-1.0154 0.0057158 0.0010836
-0.95735 0.0069653 0.0013171
-0.89933 0.0080717 0.0015228
-0.84131 0.0090762 0.0017081
-0.78328 0.010802 0.0020297
-0.72526 0.011933 0.0022396
-0.66724 0.013081 0.0024537
-0.60922 0.013951 0.0026189
-0.5512 0.015587 0.0029214
-0.49318 0.015932 0.0029804
-0.43516 0.016307 0.0030492
-0.37714 0.016943 0.0031701
-0.31912 0.017154 0.003212
-0.26109 0.016604 0.0031153
-0.20307 0.016897 0.0031585
-0.14505 0.016632 0.0031115
-0.087032 0.015746 0.0029526
-0.029011 0.016163 0.0030245
0.029011 0.014961 0.0028068
0.087032 0.014614 0.0027367
0.14505 0.012329 0.0023102
0.20307 0.012018 0.002264
0.26109 0.010558 0.0019869
0.31912 0.0093648 0.0017625
0.37714 0.0073855 0.0013921
0.43516 0.005878 0.0011131
0.49318 0.0051112 0.00097583
0.5512 0.0042744 0.00082131
0.60922 0.0032672 0.00063068
0.66724 0.0024654 0.00048044
0.72526 0.0021321 0.00041931
0.78328 0.0019623 0.00038654
0.84131 0.0016398 0.0003273
0.89933 0.0013603 0.00027553
0.95735 0.0014042 0.00028203
1.0154 0.0014134 0.00028601
1.0734 0.0010839 0.00022763
1.1314 0.0010143 0.00021008
1.1894 0.0010193 0.00021453
1.2475 0.00094522 0.00019514
1.3055 0.00096592 0.00020265
1.3635 0.00087657 0.00018532
1.4215 0.00083491 0.0001813
1.4795 0.00083953 0.00017613
1.5376 0.00074131 0.00015992
1.5956 0.00067619 0.00014761
1.6536 0.00068502 0.00015336
1.7116 0.00065374 0.00014019
1.7696 0.00062482 0.00014058
1.8277 0.00063125 0.00014033
1.8857 0.00042589 9.8381e-05
1.9437 0.00062469 0.00014092
2.0017 0.00068326 0.00014862
2.0597 0.00047479 0.00010897
2.1178 0.00054502 0.00012549
2.1758 0.00063017 0.00013684
2.2338 0.00045408 0.00010862
2.2918 0.00057148 0.00012733
2.3499 0.00055421 0.00012502
2.4079 0.00041072 9.7812e-05
2.4659 0.00029606 7.5911e-05
2.5239 0.00047282 0.00010922
2.5819 0.00049451 0.00011386
2.64 0.00035722 8.6682e-05
2.698 0.00038088 9.3401e-05
2.756 0.00038044 9.1003e-05
2.814 0.00034804 8.685e-05
2.872 0.0004223 9.8948e-05
2.9301 0.00048714 0.00011253
2.9881 0.00026204 6.9432e-05
3.0461 0.00039763 9.429e-05
3.1041 0.00036765 9.0156e-05
3.1621 0.00041695 9.9297e-05
3.2202 0.00025037 6.5754e-05
3.2782 0.00036941 9.0103e-05
3.3362 0.00041008 9.8094e-05
3.3942 0.00029583 7.5304e-05
3.4523 0.0002904 7.3922e-05
3.5103 0.0003514 8.6653e-05
3.5683 0.00024869 6.6513e-05
3.6263 0.0003522 8.6368e-05
3.6843 0.0003217 8.0278e-05
3.7424 0.00028084 7.2558e-05
3.8004 0.00034484 8.5531e-05
3.8584 0.00028335 7.3206e-05
3.9164 0.00026314 6.9108e-05
3.9744 0.00028949 7.4226e-05
4.0325 0.00037052 8.9909e-05
4.0905 0.00026453 6.9473e-05
4.1485 0.00020089 5.6801e-05
4.2065 0.00036809 8.9781e-05
4.2645 0.00022671 6.1878e-05
4.3226 0.00029587 7.5315e-05
4.3806 0.00030313 7.7161e-05
4.4386 0.0002576 6.8256e-05
4.4966 0.00026381 6.9286e-05
4.5547 0.00023184 6.262e-05
4.6127 0.00031448 7.9499e-05
4.6707 0.00019932 5.6359e-05
4.7287 0.00030211 7.6372e-05
4.7867 0.00026636 6.9954e-05
4.8448 0.00028708 7.361e-05
4.9028 0.00028014 7.2379e-05
4.9608 0.00025959 6.8784e-05
5.0188 0.00024328 6.5064e-05
5.0768 0.00018106 5.2631e-05
5.1349 0.00019364 5.475e-05
5.1929 0.0002402 6.4879e-05
5.2509 0.00023906 6.457e-05
5.3089 0.00028848 7.3967e-05
5.3669 0.00016113 4.8353e-05
5.425 0.00016573 4.9734e-05
5.483 0.00019545 5.6005e-05
5.541 0.00024475 6.5458e-05
5.599 0.00023908 6.3942e-05
5.6571 0.00022862 6.3093e-05
5.7151 0.00025935 6.8113e-05
5.7731 0.00021884 6.0392e-05
5.8311 0.00024086 6.5058e-05
5.8891 0.00019911 5.6299e-05
5.9472 0.0002513 6.7211e-05
6.0052 0.00021934 6.0532e-05
6.0632 0.00022252 6.0734e-05
6.1212 0.00017923 5.2903e-05
6.1792 0.00013459 4.2806e-05
6.2373 0.00029377 7.5323e-05
6.2953 0.00033356 8.2733e-05
6.3533 0.00016 4.8876e-05
6.4113 0.00030324 7.6656e-05
6.4694 0.00018534 5.3873e-05
6.5274 0.00016951 5.0034e-05
6.5854 0.00019775 5.6666e-05
6.6434 0.00027406 7.1375e-05
6.7014 0.00018117 5.2663e-05
6.7595 0.00026792 7.0364e-05
6.8175 0.00013574 4.3172e-05
6.8755 0.00026669 7.0042e-05
6.9335 0.00023791 6.426e-05
6.9915 0.00034302 8.4587e-05
7.0496 0.00017652 5.2103e-05
7.1076 0.00012982 4.2252e-05
7.1656 0.0002341 6.3232e-05
7.2236 0.00019148 5.4869e-05
7.2816 0.00038758 9.3584e-05
7.3397 0.00021144 5.904e-05
7.3977 0.00021627 5.9684e-05
7.4557 0.00020001 5.6552e-05
7.5137 0.0002764 7.1985e-05
7.5718 0.00021914 6.0476e-05
7.6298 0.00020032 5.664e-05
7.6878 0.00021725 5.9953e-05
7.7458 0.00031973 8.0291e-05
7.8038 0.0002259 6.1655e-05
7.8619 0.00013633 4.336e-05
7.9199 0.00017223 5.0837e-05
7.9779 0.000219 6.0437e-05
8.0359 0.00016266 4.881e-05
8.0939 0.00018008 5.2346e-05
8.152 0.00022758 6.2115e-05
8.21 0.00016282 4.886e-05
8.268 0.00026784 6.9754e-05
8.326 0.00027101 7.058e-05
8.384 0.00019832 5.6074e-05
8.4421 0.00023506 6.349e-05
8.5001 0.00018354 5.3352e-05
8.5581 0.00027812 7.1854e-05
8.6161 0.00015483 4.7298e-05
8.6742 0.00017421 5.142e-05
8.7322 0.00022544 6.153e-05
8.7902 0.00015456 4.7215e-05
8.8482 0.00012604 4.1021e-05
8.9062 0.00019381 5.5536e-05
8.9643 0.00020053 5.67e-05
9.0223 0.00027128 7.065e-05
9.0803 0.00016241 4.8735e-05
9.1383 0.00015749 4.8108e-05
9.1963 0.00020781 5.8027e-05
9.2544 0.00014396 4.4833e-05
9.3124 0.00018074 5.2536e-05
9.3704 0.00016378 4.9146e-05
9.4284 0.00019762 5.5877e-05
9.4864 0.00017057 5.0348e-05
9.5445 0.00019057 5.4609e-05
9.6025 0.00016416 4.9261e-05
9.6605 0.00014362 4.4729e-05
9.7185 0.00010779 3.7001e-05
9.7766 0.00020029 5.6633e-05
9.8346 0.0001884 5.3987e-05
9.8926 0.0001707 5.0386e-05
9.9506 0.00014238 4.4341e-05
10.009 0.00018115 5.2655e-05
10.067 0.00017287 5.1025e-05
10.125 0.00016924 4.9954e-05
10.183 0.00012601 4.1011e-05
10.241 0.00018822 5.3934e-05
10.299 0.00015409 4.7072e-05
10.357 0.00017257 5.0937e-05
10.415 0.00021484 5.9291e-05
10.473 0.00019786 5.5944e-05
10.531 0.00027092 7.0558e-05
10.589 0.0001621 4.8643e-05
10.647 0.00019509 5.5163e-05
10.705 0.00015291 4.6712e-05
10.763 0.00016257 4.8784e-05
10.821 0.00025937 6.812e-05
10.879 0.00018567 5.3203e-05
10.937 0.00017914 5.2073e-05
10.995 0.0001992 5.6323e-05
11.053 0.00016954 5.0043e-05
11.111 0.00018779 5.3811e-05
11.169 0.0001162 3.8785e-05
11.227 0.00012546 4.0831e-05
11.285 0.00022387 6.1101e-05
11.343 0.00015973 4.7931e-05
11.401 0.00021397 5.9051e-05
11.459 0.00015217 4.6483e-05
11.517 0.00013454 4.279e-05
11.575 0.00021304 5.8792e-05
11.633 0.00015949 4.7858e-05
11.691 0.00017003 5.0187e-05
11.749 0.00018802 5.3878e-05
11.807 0.00016851 4.9739e-05
11.865 6.2671e-05 2.6393e-05
11.923 0.00018801 5.3875e-05
11.981 0.00016072 4.8229e-05
12.039 0.00018652 5.3446e-05
12.097 0.00014248 4.4373e-05
12.155 0.00015321 4.6801e-05
12.213 0.00011628 3.8812e-05
12.271 0.00016808 4.9613e-05
12.329 0.0001939 5.4824e-05
12.388 0.00014288 4.4497e-05
12.446 0.00018588 5.3263e-05
12.504 9.7214e-05 3.4425e-05
12.562 0.00019282 5.4521e-05
12.62 0.0002038 5.6908e-05
12.678 0.00014036 4.3712e-05
12.736 0.00011402 3.806e-05
12.794 0.00018478 5.2949e-05
12.852 0.00021044 5.8075e-05
12.91 0.00018275 5.2367e-05
12.968 0.00014865 4.5409e-05
13.026 0.00014751 4.5061e-05
13.084 0.00018429 5.281e-05
13.142 0.00019176 5.422e-05
13.2 0.00018252 5.2302e-05
13.258 0.00021726 5.9298e-05
13.316 0.00017584 5.1112e-05
13.374 0.0002538 6.6656e-05
13.432 0.0001661 4.9026e-05
13.49 0.00016457 4.8577e-05
13.548 0.00017411 5.0611e-05
13.606 0.00019301 5.4572e-05
13.664 0.00017286 5.0248e-05
13.722 0.00021765 5.9405e-05
13.78 0.00015687 4.7073e-05
13.838 7.8544e-05 2.9971e-05
13.896 0.00021612 5.8986e-05
13.954 0.00017299 5.0285e-05
14.012 0.00015644 4.6946e-05
14.07 0.00015556 4.668e-05
14.128 0.00012053 3.9228e-05
14.186 0.00020818 5.7451e-05
14.244 0.00020839 5.7509e-05
14.302 0.00021521 5.8739e-05
14.36 0.00012021 3.9122e-05
14.418 0.00020758 5.7285e-05
14.476 0.00017266 5.0189e-05
14.534 0.00021572 5.8877e-05
14.592 6.8996e-05 2.7555e-05
14.65 0.00012022 3.9126e-05
14.708 0.00016483 4.8651e-05
14.766 0.00015554 4.6675e-05
14.824 0.00017868 5.12e-05
14.882 0.00014613 4.464e-05
14.94 0.00017179 4.9937e-05
14.998 0.00013732 4.2767e-05
15.056 0.00017153 4.9858e-05
15.114 0.00018888 5.3404e-05
15.173 0.00021531 5.8764e-05
15.231 0.00014579 4.4534e-05
15.289 0.00022018 5.9471e-05
15.347 0.00019668 5.4919e-05
15.405 0.00021335 5.8231e-05
15.463 0.00011813 3.8446e-05
15.521 0.00019431 5.4259e-05
15.579 0.00018702 5.288e-05
15.637 0.00021336 5.8233e-05
15.695 0.00016873 4.9046e-05
15.753 0.00010091 3.4639e-05
15.811 0.00013484 4.1995e-05
15.869 9.3606e-05 3.3148e-05
15.927 0.000168 4.8833e-05
15.985 0.00013457 4.1909e-05
16.043 0.00011745 3.8225e-05
16.101 0.00011836 3.8522e-05
16.159 0.00012575 3.9996e-05
16.217 0.00018438 5.2134e-05
16.275 0.00013437 4.1848e-05
16.333 0.00022668 6.0626e-05
16.391 0.00016608 4.8275e-05
16.449 0.00015782 4.6583e-05
16.507 0.00015027 4.5094e-05
16.565 0.00016675 4.847e-05
16.623 0.00019219 5.3666e-05
16.681 0.00010675 3.5631e-05
16.739 0.00023112 6.124e-05
16.797 0.00014236 4.3488e-05
16.855 0.00014752 4.4269e-05
16.913 0.00017179 4.9227e-05
16.971 0.00013992 4.2742e-05
17.029 0.00012355 3.9297e-05
17.087 0.00018934 5.287e-05
17.145 0.00016256 4.7254e-05
17.203 0.00017152 4.9151e-05
17.261 0.00014087 4.3033e-05
17.319 0.00019592 5.4069e-05
17.377 0.00016298 4.7375e-05
17.435 0.0002034 5.5515e-05
17.493 0.00012285 3.9075e-05
17.551 0.00017086 4.8959e-05
17.609 0.00017691 5.0022e-05
17.667 0.00015507 4.5772e-05
17.725 0.00020271 5.5326e-05
17.783 0.00018636 5.2039e-05
17.841 0.00015249 4.5009e-05
17.9 0.00016784 4.8094e-05
17.958 0.00011299 3.6774e-05
18.016 0.0001603 4.6596e-05
18.074 0.00017491 4.9454e-05
18.132 0.00018346 5.1229e-05
18.19 0.00018273 5.1023e-05
18.248 0.00016006 4.6526e-05
18.306 9.4975e-05 3.2601e-05
18.364 0.0002217 5.8743e-05
18.422 0.00020764 5.6083e-05
18.48 0.00015073 4.449e-05
18.538 0.00021222 5.6758e-05
18.596 0.00014925 4.4054e-05
18.654 0.00017449 4.9336e-05
18.712 0.00015856 4.6089e-05
18.77 0.00014855 4.3848e-05
18.828 0.00021181 5.665e-05
18.886 0.00021995 5.828e-05
18.944 0.0001873 5.1691e-05
19.002 0.00021668 5.7412e-05
19.06 0.00014051 4.2164e-05
19.118 0.00018016 5.0307e-05
19.176 0.00013944 4.1844e-05
19.234 0.00014716 4.3437e-05
19.292 0.00015558 4.5224e-05
19.35 0.00018535 5.1152e-05
19.408 0.00010798 3.5142e-05
19.466 0.00020668 5.5276e-05
19.524 0.00013815 4.1456e-05
19.582 0.00020146 5.4414e-05
19.64 0.00013699 4.1107e-05
19.698 0.00016765 4.7403e-05
19.756 0.00012185 3.7949e-05
19.814 0.00012241 3.8124e-05
19.872 0.00013589 4.0777e-05
19.93 0.00010561 3.4371e-05
19.988 0.00012133 3.7786e-05
20.046 0.00013585 4.0766e-05
20.104 0.00013545 4.0646e-05
20.162 0.0001803 4.9758e-05
20.22 0.00024058 6.1686e-05
20.278 0.00016612 4.6971e-05
20.336 0.0001494 4.3426e-05
20.394 0.00017826 4.9194e-05
20.452 0.00019483 5.2625e-05
20.51 0.00017224 4.8096e-05
20.568 0.00021549 5.6594e-05
20.626 0.00014695 4.2716e-05
20.685 0.00013985 4.1279e-05
20.743 0.00017591 4.8546e-05
20.801 0.00015501 4.4419e-05
20.859 0.00026296 6.562e-05
20.917 0.00017567 4.8481e-05
20.975 0.0001385 4.0881e-05
21.033 0.00015259 4.3724e-05
21.091 0.00018716 5.0552e-05
21.149 0.00019665 5.2595e-05
21.207 0.00013777 4.0666e-05
21.265 0.00017273 4.7668e-05
21.323 0.00023636 6.0166e-05
21.381 0.00018789 5.0751e-05
21.439 0.00023745 6.0444e-05
21.497 0.00013584 4.0096e-05
21.555 0.0002125 5.5342e-05
21.613 0.00017069 4.7105e-05
21.671 0.00019944 5.2845e-05
21.729 0.00018368 4.9613e-05
21.787 0.00021759 5.6218e-05
21.845 0.00019543 5.1782e-05
21.903 0.00019658 5.2087e-05
21.961 0.00016025 4.4747e-05
22.019 0.00012402 3.7216e-05
22.077 0.00019175 5.0807e-05
22.135 0.00013733 3.992e-05
22.193 0.00017797 4.8071e-05
22.251 0.00021082 5.4468e-05
22.309 0.00014338 4.1087e-05
22.367 0.00015684 4.3794e-05
22.425 0.00022436 5.711e-05
22.483 0.00020903 5.4005e-05
22.541 0.00023642 5.9372e-05
22.599 0.00019628 5.1549e-05
22.657 0.00013501 3.9245e-05
22.715 0.00013932 3.9923e-05
22.773 0.00016747 4.5709e-05
22.831 0.00014055 4.0274e-05
22.889 0.00023186 5.8225e-05
22.947 0.00018989 4.9872e-05
23.005 0.00015072 4.2085e-05
23.063 0.00013128 3.8161e-05
23.121 0.00018258 4.8377e-05
23.179 0.00022676 5.6946e-05
23.237 0.00019968 5.159e-05
23.295 0.00016814 4.5414e-05
23.353 0.00016714 4.5145e-05
23.412 0.00019077 4.9683e-05
23.47 0.00017145 4.5855e-05
23.528 0.00016537 4.4666e-05
23.586 0.0001333 3.8197e-05
23.644 0.00015015 4.1436e-05
23.702 0.00021308 5.3866e-05
23.76 0.00013135 3.7637e-05
23.818 0.0001994 5.1127e-05
23.876 0.00016607 4.4416e-05
23.934 0.00016667 4.4575e-05
23.992 0.00019664 5.0418e-05
24.05 0.00018278 4.7603e-05
24.108 0.00015742 4.252e-05
24.166 0.00016282 4.3545e-05
24.224 0.00013212 3.7358e-05
24.282 0.0001855 4.7925e-05
24.34 0.00016528 4.3795e-05
24.398 9.5149e-05 2.9633e-05
24.456 0.0001428 3.9408e-05
24.514 0.00020078 5.0755e-05
24.572 0.00022215 5.478e-05
24.63 0.0001229 3.5217e-05
24.688 0.00015717 4.2034e-05
24.746 0.00019585 4.951e-05
24.804 0.00015435 4.1281e-05
24.862 0.00014252 3.8898e-05
24.92 0.00012992 3.6277e-05
24.978 0.00013467 3.7164e-05
25.036 0.00015023 4.0178e-05
25.094 0.00020554 5.0982e-05
25.152 0.00011092 3.2241e-05
25.21 0.00014227 3.8426e-05
25.268 0.00014077 3.8021e-05
25.326 0.00015191 4.025e-05
25.384 0.0001625 4.2321e-05
25.442 0.00019305 4.8175e-05
25.5 0.00018553 4.6591e-05
25.558 0.00019526 4.8432e-05
25.616 0.0001732 4.4088e-05
25.674 0.00017212 4.3812e-05
25.732 0.00017006 4.3288e-05
25.79 0.00017388 4.3955e-05
25.848 0.00013752 3.678e-05
25.906 0.00015133 3.9412e-05
25.964 0.00022958 5.4442e-05
26.022 0.00014563 3.8248e-05
26.08 0.00017963 4.4824e-05
26.138 0.00012858 3.4729e-05
26.197 0.00013708 3.632e-05
26.255 0.00020176 4.8958e-05
26.313 0.0001712 4.2994e-05
26.371 0.00015935 4.0562e-05
26.429 0.00015229 3.9048e-05
26.487 0.00015152 3.8851e-05
26.545 0.0001881 4.5879e-05
26.603 0.00015289 3.8919e-05
26.661 0.00016876 4.1857e-05
26.719 0.0001855 4.5014e-05
26.777 0.00017034 4.2004e-05
26.835 0.00023661 5.4658e-05
26.893 0.00014908 3.7687e-05
26.951 0.00015666 3.9094e-05
27.009 0.00016816 4.1236e-05
27.067 0.00022143 5.1325e-05
27.125 0.00016733 4.0815e-05
27.183 0.0001601 3.9259e-05
27.241 0.00019577 4.6049e-05
27.299 0.00012382 3.199e-05
27.357 0.00014206 3.5451e-05
27.415 0.00019228 4.5054e-05
27.473 0.00015995 3.8814e-05
27.531 0.00016125 3.8935e-05
27.589 0.00017748 4.1912e-05
27.647 0.00017967 4.226e-05
27.705 0.00017275 4.0797e-05
27.763 0.0001903 4.3959e-05
27.821 0.00015817 3.7668e-05
27.879 0.00015832 3.7543e-05
27.937 0.00017662 4.0939e-05
27.995 0.00020623 4.6401e-05
28.053 0.00013298 3.2268e-05
28.111 0.00016713 3.8737e-05
28.169 0.00013772 3.2943e-05
28.227 0.00013857 3.2999e-05
28.285 0.00014723 3.4496e-05
28.343 0.00012352 2.9826e-05
28.401 0.00022422 4.8772e-05
28.459 0.00017289 3.8899e-05
28.517 0.00018462 4.095e-05
28.575 0.00020731 4.5016e-05
28.633 0.00020381 4.4108e-05
28.691 0.00018224 3.9782e-05
28.749 0.00015195 3.3779e-05
28.807 0.00017095 3.7184e-05
28.865 0.00016411 3.576e-05
28.924 0.00016986 3.6644e-05
28.982 0.00017654 3.7649e-05
29.04 0.00017812 3.7657e-05
29.098 0.00017447 3.6641e-05
29.156 0.00018819 3.8822e-05
29.214 0.00014578 3.0433e-05
29.272 0.00020531 4.1024e-05
29.33 0.00018158 3.6168e-05
29.388 0.00016448 3.2003e-05
29.446 0.00016439 3.2147e-05
29.504 0 1
29.562 0 1
29.62 0 1
29.678 0 1
