-29.678 0 1
-29.62 0 1
-29.562 0 1
-29.504 0.00088399 0.00015236
-29.446 0.00089972 0.00015443
-29.388 0.00099668 0.00017401
-29.33 0.00098112 0.00017295
-29.272 0.00085462 0.0001535
-29.214 0.00096588 0.00017372
-29.156 0.00098971 0.00017926
-29.098 0.00084819 0.00015688
-29.04 0.0010197 0.00018643
-28.982 0.00095083 0.00017575
-28.924 0.0010133 0.00018694
-28.865 0.00078686 0.00014979
-28.807 0.00097737 0.00018243
-28.749 0.00083488 0.00015961
-28.691 0.00088927 0.00016964
-28.633 0.00079075 0.00015384
-28.575 0.0010538 0.00019868
-28.517 0.00084666 0.00016449
-28.459 0.00098407 0.00018835
-28.401 0.00092217 0.00017844
-28.343 0.00089814 0.00017498
-28.285 0.00088611 0.00017367
-28.227 0.00085243 0.00016842
-28.169 0.00090147 0.00017723
-28.111 0.0008687 0.00017193
-28.053 0.00082558 0.0001652
-27.995 0.00071499 0.00014696
-27.937 0.00097199 0.00019079
-27.879 0.00091173 0.00018108
-27.821 0.00097192 0.00019171
-27.763 0.0008983 0.00018011
-27.705 0.00081738 0.00016677
-27.647 0.0010741 0.00021052
-27.589 0.00097505 0.00019437
-27.531 0.00092231 0.00018607
-27.473 0.00097468 0.00019504
-27.415 0.0009131 0.00018501
-27.357 0.00082338 0.00017013
-27.299 0.00090223 0.00018408
-27.241 0.00088928 0.00018187
-27.183 0.00088944 0.00018235
-27.125 0.00086229 0.00017817
-27.067 0.00096783 0.00019654
-27.009 0.00090918 0.00018687
-26.951 0.00093318 0.00019132
-26.893 0.00085346 0.00017835
-26.835 0.00083791 0.00017618
-26.777 0.0010417 0.00021106
-26.719 0.00086698 0.00018173
-26.661 0.00067845 0.0001499
-26.603 0.00076202 0.0001648
-26.545 0.000826 0.000176
-26.487 0.0010944 0.00022174
-26.429 0.0010616 0.00021659
-26.371 0.00093645 0.00019569
-26.313 0.00081997 0.00017598
-26.255 0.00080424 0.00017326
-26.197 0.00074911 0.00016404
-26.138 0.00087822 0.00018648
-26.08 0.0010072 0.00020868
-26.022 0.00093029 0.0001956
-25.964 0.0010033 0.00020846
-25.906 0.00077854 0.00017048
-25.848 0.00079678 0.00017373
-25.79 0.00088181 0.00018856
-25.732 0.00084478 0.0001827
-25.674 0.0010438 0.00021686
-25.616 0.001065 0.00022064
-25.558 0.00088543 0.00019003
-25.5 0.00079719 0.00017534
-25.442 0.00077048 0.00017104
-25.384 0.0008565 0.00018598
-25.326 0.0011615 0.00023813
-25.268 0.00086867 0.00018862
-25.21 0.00053241 0.0001302
-25.152 0.00092784 0.00019913
-25.094 0.00088296 0.00019172
-25.036 0.00079709 0.00017695
-24.978 0.0011044 0.00023012
-24.92 0.00079076 0.0001764
-24.862 0.00087982 0.00019184
-24.804 0.00071355 0.00016356
-24.746 0.00071639 0.00016421
-24.688 0.00093795 0.00020285
-24.63 0.00095526 0.00020579
-24.572 0.0006019 0.00014476
-24.514 0.00097914 0.00021094
-24.456 0.00094233 0.00020462
-24.398 0.00072149 0.00016639
-24.34 0.00082285 0.00018449
-24.282 0.00089705 0.0001973
-24.224 0.00097641 0.00021117
-24.166 0.00082456 0.00018487
-24.108 0.0005498 0.00013693
-24.05 0.0010322 0.00022152
-23.992 0.00066811 0.00015826
-23.934 0.00090207 0.00019931
-23.876 0.00077095 0.00017672
-23.818 0.00081517 0.00018472
-23.76 0.00067733 0.00016045
-23.702 0.00085696 0.00019214
-23.644 0.00091562 0.00020231
-23.586 0.00080714 0.00018394
-23.528 0.00082608 0.0001872
-23.47 0.0010992 0.0002342
-23.412 0.00063339 0.00015358
-23.353 0.0010737 0.00023044
-23.295 0.0010538 0.00022702
-23.237 0.00057585 0.00014341
-23.179 0.00078231 0.00018041
-23.121 0.00081006 0.00018568
-23.063 0.000868 0.00019563
-23.005 0.00086922 0.00019591
-22.947 0.00087537 0.00019729
-22.889 0.00098551 0.00021676
-22.831 0.00086058 0.00019501
-22.773 0.0008184 0.00018759
-22.715 0.00086488 0.00019599
-22.657 0.00070684 0.00016869
-22.599 0.00085447 0.00019472
-22.541 0.00068338 0.00016436
-22.483 0.0006904 0.00016605
-22.425 0.00086008 0.000196
-22.367 0.00071426 0.00017046
-22.309 0.00090444 0.00020385
-22.251 0.00088912 0.00020148
-22.193 0.00076731 0.00018047
-22.135 0.00073982 0.00017525
-22.077 0.0010596 0.00023104
-22.019 0.001008 0.00022272
-21.961 0.0010528 0.00023054
-21.903 0.00088245 0.0002011
-21.845 0.00079592 0.00018593
-21.787 0.001079 0.00023526
-21.729 0.00076379 0.00018093
-21.671 0.00084733 0.00019541
-21.613 0.0010194 0.00022524
-21.555 0.00087661 0.00020094
-21.497 0.00077322 0.00018316
-21.439 0.00082071 0.00019172
-21.381 0.00076774 0.00018186
-21.323 0.00071381 0.00017308
-21.265 0.00071226 0.0001727
-21.207 0.00073735 0.00017734
-21.149 0.00077797 0.00018429
-21.091 0.00062702 0.0001577
-21.033 0.0008576 0.00019902
-20.975 0.00083644 0.00019539
-20.917 0.000984 0.00022062
-20.859 0.00065557 0.00016327
-20.801 0.0012468 0.00026661
-20.743 0.00076697 0.00018304
-20.685 0.00070035 0.00017126
-20.626 0.0008192 0.00019268
-20.568 0.00064175 0.0001614
-20.51 0.0006855 0.00016913
-20.452 0.00095495 0.0002164
-20.394 0.00080149 0.00018986
-20.336 0.00092013 0.00021091
-20.278 0.00059897 0.00015388
-20.22 0.00057434 0.00014926
-20.162 0.00078928 0.00018836
-20.104 0.0011127 0.00024473
-20.046 0.00069711 0.000172
-19.988 0.00076518 0.00018403
-19.93 0.0010927 0.00024143
-19.872 0.0010335 0.00023173
-19.814 0.00088619 0.00020566
-19.756 0.00070182 0.00017316
-19.698 0.00086696 0.00020252
-19.64 0.0010203 0.00022996
-19.582 0.00068555 0.00017073
-19.524 0.00084652 0.0001991
-19.466 0.00075746 0.00018366
-19.408 0.00071495 0.0001764
-19.35 0.00057188 0.00015045
-19.292 0.00078217 0.00018812
-19.234 0.00080831 0.0001929
-19.176 0.00077385 0.00018764
-19.118 0.00074099 0.0001812
-19.06 0.00062076 0.00015948
-19.002 0.00086268 0.0002029
-18.944 0.00096517 0.00022124
-18.886 0.00074821 0.00018297
-18.828 0.000456 0.00012911
-18.77 0.00077528 0.00018798
-18.712 0.00097637 0.0002238
-18.654 0.0009165 0.00021269
-18.596 0.00077034 0.00018679
-18.538 0.00063074 0.00016204
-18.48 0.00083611 0.00019954
-18.422 0.0007816 0.00018951
-18.364 0.00070487 0.00017555
-18.306 0.00088068 0.00020714
-18.248 0.00090955 0.00021247
-18.19 0.0009606 0.00022153
-18.132 0.00095434 0.00022008
-18.074 0.00064335 0.00016528
-18.016 0.00095006 0.00022048
-17.958 0.0009391 0.00021794
-17.9 0.00071655 0.00017845
-17.841 0.00086776 0.00020556
-17.783 0.00074854 0.00018469
-17.725 0.00070086 0.00017627
-17.667 0.00079244 0.00019214
-17.609 0.0010495 0.00023783
-17.551 0.00085577 0.00020423
-17.493 0.00082389 0.00019815
-17.435 0.00070068 0.00017623
-17.377 0.00077548 0.00018963
-17.319 0.00070678 0.00017776
-17.261 0.00085591 0.00020426
-17.203 0.0010221 0.00023293
-17.145 0.00060617 0.00015947
-17.087 0.00078492 0.00019194
-17.029 0.00093126 0.00021754
-16.971 0.00098334 0.00022677
-16.913 0.00080259 0.0001946
-16.855 0.00079154 0.00019356
-16.797 0.00109 0.00024568
-16.739 0.00083 0.00019962
-16.681 0.0010674 0.00024189
-16.623 0.00083959 0.00020193
-16.565 0.00081356 0.00019726
-16.507 0.00094165 0.00021997
-16.449 0.00084027 0.00020209
-16.391 0.00082479 0.00019999
-16.333 0.00071488 0.0001798
-16.275 0.00078658 0.00019235
-16.217 0.0006442 0.00016742
-16.159 0.00082312 0.00019958
-16.101 0.00053952 0.00014791
-16.043 0.00074248 0.00018491
-15.985 0.00074539 0.00018564
-15.927 0.00072338 0.00018194
-15.869 0.00079848 0.00019526
-15.811 0.0006926 0.00017601
-15.753 0.00082589 0.00020025
-15.695 0.00096423 0.00022524
-15.637 0.0008546 0.00020554
-15.579 0.00080418 0.00019665
-15.521 0.00072532 0.00018242
-15.463 0.00065557 0.00017037
-15.405 0.0010423 0.00023892
-15.347 0.00062078 0.00016331
-15.289 0.00081116 0.00019836
-15.231 0.00070874 0.00018011
-15.173 0.00089075 0.00021258
-15.114 0.00062655 0.00016483
-15.056 0.00078439 0.00019353
-14.998 0.0010503 0.00024075
-14.94 0.00073875 0.0001858
-14.882 0.00062571 0.00016461
-14.824 0.00086969 0.00020917
-14.766 0.0010079 0.0002339
-14.708 0.0007363 0.00018519
-14.65 0.0011254 0.00025364
-14.592 0.00063274 0.00016646
-14.534 0.00060443 0.00016108
-14.476 0.00074237 0.00018671
-14.418 0.0010767 0.00024537
-14.36 0.00074424 0.00018718
-14.302 0.00061011 0.00016259
-14.244 0.00071377 0.00018139
-14.186 0.00070876 0.00018011
-14.128 0.00090301 0.0002155
-14.07 0.00080139 0.00019773
-14.012 0.00079688 0.00019661
-13.954 0.00095144 0.00022378
-13.896 0.0010159 0.00023575
-13.838 0.00082837 0.00020257
-13.78 0.00075013 0.00018866
-13.722 0.00069003 0.00017728
-13.664 0.00080203 0.00019788
-13.606 0.00062038 0.00016533
-13.548 0.00090836 0.00021678
-13.49 0.00082818 0.00020252
-13.432 0.0010464 0.00024132
-13.374 0.0009225 0.00022015
-13.316 0.00056391 0.0001546
-13.258 0.00077435 0.00019285
-13.2 0.00072626 0.00018456
-13.142 0.0008355 0.00020431
-13.084 0.00072558 0.00018439
-13.026 0.0008827 0.0002123
-12.968 0.00075702 0.0001904
-12.91 0.00088912 0.00021384
-12.852 0.0010854 0.0002488
-12.794 0.00064513 0.00016972
-12.736 0.00070065 0.00018
-12.678 0.00093031 0.00022202
-12.62 0.00077898 0.000194
-12.562 0.0007516 0.00018903
-12.504 0.00098022 0.00023055
-12.446 0.00070348 0.00018073
-12.388 0.00092434 0.00022059
-12.329 0.00064553 0.00016982
-12.271 0.00078803 0.00019626
-12.213 0.00084461 0.00020654
-12.155 0.00087321 0.00021173
-12.097 0.00067452 0.0001753
-12.039 0.00084872 0.00020755
-11.981 0.00071085 0.00018262
-11.923 0.00065106 0.00017128
-11.865 0.00081637 0.00020142
-11.807 0.0006771 0.00017597
-11.749 0.00084992 0.00020784
-11.691 0.0008194 0.00020217
-11.633 0.0010588 0.00024417
-11.575 0.00073548 0.0001869
-11.517 0.00066026 0.0001737
-11.459 0.0006288 0.00016757
-11.401 0.00068294 0.00017749
-11.343 0.00043874 0.00013165
-11.285 0.00090411 0.00021745
-11.227 0.00071339 0.00018328
-11.169 0.00073462 0.00018668
-11.111 0.00065803 0.00017311
-11.053 0.00085546 0.0002092
-10.995 0.00068853 0.00017894
-10.937 0.00090383 0.00021738
-10.879 0.00096326 0.00022818
-10.821 0.00068939 0.00017916
-10.763 0.00082252 0.00020294
-10.705 0.00071331 0.00018326
-10.647 0.00077776 0.00019561
-10.589 0.0009699 0.00022975
-10.531 0.00080399 0.00020023
-10.473 0.00055135 0.00015353
-10.415 0.001105 0.0002533
-10.357 0.00097091 0.00022999
-10.299 0.00091656 0.00022044
-10.241 0.00066221 0.00017421
-10.183 0.00090822 0.00021844
-10.125 0.00069533 0.00018071
-10.067 0.0010244 0.0002393
-10.009 0.00088058 0.00021351
-9.9506 0.00091513 0.0002201
-9.8926 0.0008365 0.00020639
-9.8346 0.00086301 0.00021104
-9.7766 0.00079974 0.00019917
-9.7185 0.00085683 0.00020953
-9.6605 0.00092175 0.00022169
-9.6025 0.0011969 0.00026976
-9.5445 0.00060909 0.00016456
-9.4864 0.00097861 0.00023181
-9.4284 0.00072596 0.00018651
-9.3704 0.0006414 0.00017093
-9.3124 0.00083051 0.00020491
-9.2544 0.00081027 0.0002018
-9.1963 0.00058841 0.00016131
-9.1383 0.00078223 0.00019674
-9.0803 0.00083062 0.00020494
-9.0223 0.00050349 0.00014514
-8.9643 0.0007583 0.0001927
-8.9062 0.00067404 0.00017732
-8.8482 0.00089186 0.00021625
-8.7902 0.00064565 0.00017206
-8.7322 0.00084208 0.00020777
-8.6742 0.00064328 0.00017143
-8.6161 0.00066802 0.00017574
-8.5581 0.001006 0.0002366
-8.5001 0.00070326 0.00018277
-8.4421 0.0008685 0.00021238
-8.384 0.00094401 0.00022529
-8.326 0.00076332 0.00019398
-8.268 0.0007638 0.0001941
-8.21 0.00061561 0.00016632
-8.152 0.00066559 0.0001751
-8.0939 0.0008426 0.00020789
-8.0359 0.00053552 0.00015163
-7.9779 0.00078316 0.00019697
-7.9199 0.00086681 0.00021197
-7.8619 0.0011839 0.00026828
-7.8038 0.00085269 0.00021038
-7.7458 0.00073866 0.00018977
-7.6878 0.00089545 0.00021712
-7.6298 0.00095512 0.00022794
-7.5718 0.0011926 0.00027025
-7.5137 0.00079502 0.00019995
-7.4557 0.00081666 0.00020339
-7.3977 0.00081614 0.00020326
-7.3397 0.00096261 0.00022973
-7.2816 0.00053963 0.0001528
-7.2236 0.00073729 0.00018942
-7.1656 0.00076003 0.00019314
-7.1076 0.00059972 0.00016442
-7.0496 0.00077419 0.00019674
-6.9915 0.00064234 0.00017118
-6.9335 0.00076691 0.00019489
-6.8755 0.00069232 0.00018213
-6.8175 0.0010377 0.0002424
-6.7595 0.00093184 0.00022412
-6.7014 0.0010547 0.00024637
-6.6434 0.00075482 0.00019182
-6.5854 0.0010363 0.00024374
-6.5274 0.0010263 0.00023973
-6.4694 0.00057672 0.0001606
-6.4113 0.0008686 0.00021241
-6.3533 0.00068427 0.00018001
-6.2953 0.00081008 0.00020175
-6.2373 0.00054321 0.00015381
-6.1792 0.00098665 0.00023372
-6.1212 0.00063155 0.00017063
-6.0632 0.00059048 0.00016188
-6.0052 0.00079132 0.00019902
-5.9472 0.00091615 0.00022214
-5.8891 0.00042311 0.00012987
-5.8311 0.0007282 0.00018708
-5.7731 0.0010103 0.00023933
-5.7151 0.00094791 0.00022622
-5.6571 0.00079939 0.00020105
-5.599 0.00090437 0.00021928
-5.541 0.00067637 0.00017794
-5.483 0.00065462 0.00017445
-5.425 0.00073555 0.00018897
-5.3669 0.00090932 0.00022048
-5.3089 0.00084691 0.00020896
-5.2509 0.00082274 0.0002049
-5.1929 0.0009131 0.0002214
-5.1349 0.00079459 0.00019985
-5.0768 0.00067982 0.00017884
-5.0188 0.0008003 0.00020128
-4.9608 0.00062248 0.00016818
-4.9028 0.00036792 0.00011892
-4.8448 0.00093139 0.00022401
-4.7867 0.0011216 0.00025866
-4.7287 0.00099775 0.00023635
-4.6707 0.00099015 0.00023455
-4.6127 0.00053635 0.00015187
-4.5547 0.00074617 0.0001917
-4.4966 0.000851 0.00020997
-4.4386 0.0010165 0.00023909
-4.3806 0.00076407 0.00019417
-4.3226 0.00060749 0.00016655
-4.2645 0.00071397 0.00018555
-4.2065 0.00083888 0.00020698
-4.1485 0.000944 0.00022704
-4.0905 0.0006864 0.00018057
-4.0325 0.00083201 0.00020721
-3.9744 0.00079703 0.00020046
-3.9164 0.00065291 0.000174
-3.8584 0.00094406 0.00022705
-3.8004 0.00093567 0.00022504
-3.7424 0.00053885 0.00015258
-3.6843 0.00056763 0.00015807
-3.6263 0.00089134 0.00021797
-3.5683 0.00099312 0.00023525
-3.5103 0.0007112 0.00018483
-3.4523 0.00077142 0.00019604
-3.3942 0.00096438 0.00023015
-3.3362 0.00054228 0.00015355
-3.2782 0.00089084 0.00021785
-3.2202 0.00084139 0.0002076
-3.1621 0.00096575 0.00023048
-3.1041 0.00096273 0.00023155
-3.0461 0.0010013 0.00023552
-2.9881 0.00080718 0.00020301
-2.9301 0.0011746 0.00026924
-2.872 0.00069157 0.00017973
-2.814 0.00075946 0.00019511
-2.756 0.00086563 0.00021168
-2.698 0.001015 0.00024045
-2.64 0.00065397 0.00017428
-2.5819 0.00089651 0.00021923
-2.5239 0.00067007 0.00017628
-2.4659 0.00075969 0.00019517
-2.4079 0.00071403 0.00018557
-2.3499 0.00089625 0.00021917
-2.2918 0.00092581 0.00022094
-2.2338 0.00071639 0.00019091
-2.1758 0.00085649 0.00020767
-2.1178 0.00081939 0.00020608
-2.0597 0.0010541 0.00024792
-2.0017 0.00067247 0.00017477
-1.9437 0.0012728 0.00029006
-1.8857 0.00074476 0.00018926
-1.8277 0.0010736 0.00024608
-1.7696 0.0008095 0.00021038
-1.7116 0.0012099 0.00026991
-1.6536 0.0010058 0.00023657
-1.5956 0.00088718 0.00021889
-1.5376 0.00059201 0.00016485
-1.4795 0.00090897 0.00021693
-1.4215 0.0018277 0.00037974
-1.3635 0.0014698 0.00031663
-1.3055 0.0018674 0.0003965
-1.2475 0.0020693 0.00041574
-1.1894 0.0031008 0.00059349
-1.1314 0.0031087 0.00059433
-1.0734 0.0041153 0.00076164
-1.0154 0.0051737 0.00094396
-0.95735 0.004435 0.0008177
-0.89933 0.0057028 0.0010333
-0.84131 0.0062976 0.0011296
-0.78328 0.0076747 0.0013493
-0.72526 0.0076778 0.0013578
-0.66724 0.00815 0.0014419
-0.60922 0.0076634 0.0013552
-0.5512 0.0097504 0.0016996
-0.49318 0.008344 0.001468
-0.43516 0.0089366 0.001566
-0.37714 0.0090658 0.0015854
-0.31912 0.0082467 0.001448
-0.26109 0.0081399 0.0014425
-0.20307 0.007269 0.0012875
-0.14505 0.005407 0.0009785
-0.087032 0.008209 0.001446
-0.029011 0.0048056 0.00087508
0.029011 0.0070032 0.0012451
0.087032 0.0035108 0.00066187
0.14505 0.0041751 0.00077375
0.20307 0.0032527 0.00062621
0.26109 0.0025479 0.0004964
0.31912 0.0018148 0.00037498
0.37714 0.0019939 0.00040778
0.43516 0.0015911 0.00033902
0.49318 0.0013443 0.00029566
0.5512 0.0013617 0.00030086
0.60922 0.0012007 0.00027689
0.66724 0.0011589 0.0002641
0.72526 0.00076767 0.00018941
0.78328 0.00062796 0.00017216
0.84131 0.0011573 0.00026859
0.89933 0.00099446 0.0002339
0.95735 0.0013594 0.0003048
1.0154 0.00099559 0.00023257
1.0734 0.00085878 0.00021189
1.1314 0.00093228 0.00022422
1.1894 0.00084615 0.00020517
1.2475 0.00097855 0.00024144
1.3055 0.0008857 0.00021475
1.3635 0.00088293 0.00021591
1.4215 0.00064945 0.00017085
1.4795 0.0009226 0.00022561
1.5376 0.00063707 0.00017212
1.5956 0.00093102 0.00022392
1.6536 0.00090015 0.0002165
1.7116 0.0011481 0.00027004
1.7696 0.00083553 0.00020432
1.8277 0.00098536 0.00023341
1.8857 0.00063985 0.00017542
1.9437 0.00089565 0.00021541
2.0017 0.0006489 0.00017532
2.0597 0.00064082 0.00017314
2.1178 0.00071606 0.00018396
2.1758 0.00085519 0.00021509
2.2338 0.00083537 0.00020611
2.2918 0.00093895 0.00022767
2.3499 0.00071328 0.00018537
2.4079 0.0011447 0.00026398
2.4659 0.00099658 0.00023607
2.5239 0.00093136 0.00022583
2.5819 0.00074774 0.0001921
2.64 0.0010478 0.00024644
2.698 0.00062406 0.00016861
2.756 0.00085379 0.00021263
2.814 0.00087498 0.00021397
2.872 0.0008783 0.0002167
2.9301 0.00064395 0.00017398
2.9881 0.0009598 0.00022906
3.0461 0.00087961 0.00021703
3.1041 0.00063567 0.00017175
3.1621 0.00088376 0.00021611
3.2202 0.00075977 0.00019519
3.2782 0.00089266 0.00021829
3.3362 0.00068787 0.00018096
3.3942 0.00084252 0.00020983
3.4523 0.00097721 0.00023321
3.5103 0.00060337 0.00016542
3.5683 0.0012169 0.00027577
3.6263 0.00069019 0.00018157
3.6843 0.0011553 0.00026482
3.7424 0.0010904 0.00025305
3.8004 0.00083995 0.00020919
3.8584 0.00071546 0.00018594
3.9164 0.00057375 0.00015977
3.9744 0.00084735 0.00021103
4.0325 0.00089757 0.00021949
4.0905 0.00089874 0.00021978
4.1485 0.00085559 0.0002111
4.2065 0.00063692 0.00017208
4.2645 0.0012584 0.00028362
4.3226 0.00060695 0.0001664
4.3806 0.00085638 0.00021129
4.4386 0.00080771 0.00020315
4.4966 0.00075783 0.00019469
4.5547 0.00075012 0.00019272
4.6127 0.00074535 0.00019149
4.6707 0.00092625 0.00022459
4.7287 0.00090882 0.00022224
4.7867 0.00085805 0.00021171
4.8448 0.00079886 0.00020092
4.9028 0.00077893 0.00019795
4.9608 0.0010345 0.00024331
5.0188 0.00095734 0.00023025
5.0768 0.00094537 0.00022737
5.1349 0.00092696 0.00022476
5.1929 0.0006343 0.00017137
5.2509 0.00063166 0.00017066
5.3089 0.00086917 0.00021445
5.3669 0.00069553 0.00018298
5.425 0.00098425 0.00023489
5.483 0.00075257 0.00019334
5.541 0.00089193 0.00021811
5.599 0.00095874 0.00023059
5.6571 0.00089048 0.00021776
5.7151 0.001026 0.00024303
5.7731 0.00086339 0.00021302
5.8311 0.00077779 0.00019766
5.8891 0.00078876 0.00020044
5.9472 0.00083518 0.000208
6.0052 0.00074586 0.00019162
6.0632 0.00061176 0.00016772
6.1212 0.0007013 0.00018449
6.1792 0.00060815 0.00016673
6.2373 0.00097626 0.00023298
6.2953 0.00075922 0.00019505
6.3533 0.00086985 0.00021462
6.4113 0.0012603 0.00028404
6.4694 0.00077104 0.00019594
6.5274 0.000849 0.00021144
6.5854 0.00063818 0.00017242
6.6434 0.0006073 0.00016649
6.7014 0.00072348 0.00018802
6.7595 0.0010083 0.00023884
6.8175 0.00082501 0.0002075
6.8755 0.00098934 0.00023611
6.9335 0.00080052 0.00020134
6.9915 0.00075846 0.00019486
7.0496 0.00075969 0.00019517
7.1076 0.00063803 0.00017238
7.1656 0.00095778 0.00023036
7.2236 0.00089926 0.0002199
7.2816 0.0010534 0.00024776
7.3397 0.0010439 0.00024552
7.3977 0.0008718 0.0002151
7.4557 0.00072883 0.00018941
7.5137 0.0010476 0.0002464
7.5718 0.00087236 0.00021524
7.6298 0.00077043 0.00019578
7.6878 0.00096095 0.00023112
7.7458 0.00073018 0.00018976
7.8038 0.00078614 0.00019978
7.8619 0.00071898 0.00018685
7.9199 0.00083823 0.00020876
7.9779 0.00078784 0.00020021
8.0359 0.00055062 0.00015591
8.0939 0.00094469 0.00022721
8.152 0.00074415 0.00019118
8.21 0.00055126 0.00015609
8.268 0.00052336 0.00015087
8.326 0.00093488 0.00022485
8.384 0.00048975 0.00014393
8.4421 0.00087039 0.00021475
8.5001 0.00063014 0.00017025
8.5581 0.00097515 0.00023272
8.6161 0.00072079 0.00018732
8.6742 0.00074728 0.00019198
8.7322 0.00098808 0.0002358
8.7902 0.00085947 0.00021206
8.8482 0.00086862 0.00021431
8.9062 0.00060253 0.00016519
8.9643 0.00080988 0.00020369
9.0223 0.00094432 0.00022712
9.0803 0.00069318 0.00018236
9.1383 0.00092341 0.0002239
9.1963 0.0010163 0.00024074
9.2544 0.00082784 0.00020617
9.3124 0.00074849 0.00019229
9.3704 0.00077979 0.00019816
9.4284 0.00080007 0.00020122
9.4864 0.0010013 0.0002372
9.5445 0.00077173 0.00019611
9.6025 0.00086087 0.0002124
9.6605 0.00098111 0.00023414
9.7185 0.00065343 0.00017414
9.7766 0.00088736 0.000217
9.8346 0.00060661 0.0001663
9.8926 0.00083047 0.00020683
9.9506 0.00054234 0.00015356
10.009 0.00065305 0.00017404
10.067 0.00060636 0.00016624
10.125 0.00074716 0.00019195
10.183 0.00068139 0.00017926
10.241 0.0011133 0.00025675
10.299 0.00094398 0.00022704
10.357 0.00096987 0.00023146
10.415 0.00085226 0.00021028
10.473 0.00071284 0.00018526
10.531 0.0009478 0.00022796
10.589 0.00056809 0.00015819
10.647 0.0010483 0.00024488
10.705 0.00059989 0.00016446
10.763 0.00077003 0.00019568
10.821 0.00085137 0.00021006
10.879 0.00070541 0.00018333
10.937 0.0010527 0.00024591
10.995 0.00062566 0.00016904
11.053 0.0010805 0.00025076
11.111 0.00067179 0.00017673
11.169 0.00088267 0.00021585
11.227 0.00068335 0.00017977
11.285 0.00087581 0.00021417
11.343 0.0011039 0.00025457
11.401 0.00090203 0.00021872
11.459 0.00071251 0.00018517
11.517 0.00045065 0.00013523
11.575 0.00087645 0.00021433
11.633 0.0009382 0.00022565
11.691 0.00082642 0.00020582
11.749 0.00082235 0.0002048
11.807 0.0010671 0.00024766
11.865 0.00093333 0.00022447
11.923 0.00073947 0.00018998
11.981 0.00093402 0.00022464
12.039 0.00059029 0.00016183
12.097 0.00070569 0.0001834
12.155 0.00076661 0.00019481
12.213 0.0011363 0.00026047
12.271 0.0010652 0.00024719
12.329 0.00076076 0.00019333
12.388 0.00064686 0.00017239
12.446 0.00084838 0.00020932
12.504 0.00066802 0.00017574
12.562 0.00092445 0.00022234
12.62 0.00056247 0.00015663
12.678 0.00058515 0.00016042
12.736 0.00063943 0.0001704
12.794 0.00081093 0.00020196
12.852 0.00069786 0.00018137
12.91 0.0011099 0.0002544
12.968 0.00071526 0.00018376
13.026 0.00091739 0.00022064
13.084 0.00089376 0.00021671
13.142 0.00069393 0.00018034
13.2 0.00066049 0.00017376
13.258 0.00097463 0.00023087
13.316 0.0009441 0.00022531
13.374 0.0010265 0.00023979
13.432 0.0010239 0.00023918
13.49 0.00094243 0.00022491
13.548 0.00086292 0.00021102
13.606 0.00096993 0.00022976
13.664 0.00074831 0.00019016
13.722 0.00088376 0.00021429
13.78 0.0011152 0.00025563
13.838 0.00093936 0.00022418
13.896 0.00090835 0.00021847
13.954 0.00077247 0.00019428
14.012 0.00093565 0.00022329
14.07 0.00088429 0.00021441
14.128 0.00092984 0.00022191
14.186 0.00076658 0.0001928
14.244 0.0010748 0.00024786
14.302 0.00068698 0.00017854
14.36 0.00068028 0.0001768
14.418 0.0006566 0.00017274
14.476 0.00092961 0.00022185
14.534 0.00093098 0.00022218
14.592 0.0012766 0.00028207
14.65 0.00060025 0.00016217
14.708 0.00085244 0.00020845
14.766 0.00060288 0.00016289
14.824 0.00094847 0.00022468
14.882 0.00076668 0.00019283
14.94 0.0009027 0.00021711
14.998 0.00089468 0.00021518
15.056 0.00078399 0.00019525
15.114 0.00073231 0.0001861
15.173 0.00057392 0.00015734
15.231 0.00070579 0.00018133
15.289 0.00070096 0.00018008
15.347 0.00097079 0.00022833
15.405 0.0012448 0.00027634
15.463 0.001045 0.00024099
15.521 0.0008577 0.00020797
15.579 0.00080477 0.00019856
15.637 0.00094131 0.00022298
15.695 0.00069963 0.00017974
15.753 0.0010645 0.00024401
15.811 0.00096288 0.00022647
15.869 0.00064636 0.00017004
15.927 0.00074697 0.00018787
15.985 0.00082373 0.00020144
16.043 0.00074687 0.00018784
16.101 0.00069582 0.00017876
16.159 0.0009114 0.00021751
16.217 0.00066096 0.00017178
16.275 0.00071878 0.00018266
16.333 0.00077764 0.00019367
16.391 0.00050327 0.0001425
16.449 0.00065878 0.00017121
16.507 0.00079595 0.00019638
16.565 0.0010389 0.00023958
16.623 0.00087603 0.00021069
16.681 0.00089245 0.00021298
16.739 0.00083949 0.00020355
16.797 0.00084646 0.00020524
16.855 0.00098843 0.00022939
16.913 0.00073243 0.00018421
16.971 0.00088772 0.00021185
17.029 0.00086 0.00020684
17.087 0.00067959 0.00017459
17.145 0.00071851 0.00018071
17.203 0.00093474 0.00021985
17.261 0.0011731 0.0002617
17.319 0.00072474 0.00018228
17.377 0.00072071 0.00018126
17.435 0.0010053 0.00023184
17.493 0.00067461 0.00017331
17.551 0.00085355 0.00020529
17.609 0.0010213 0.00023409
17.667 0.00074844 0.0001864
17.725 0.00077 0.00018998
17.783 0.0009479 0.00022143
17.841 0.00086731 0.00020698
17.9 0.00091703 0.00021569
17.958 0.00092348 0.0002172
18.016 0.00086527 0.0002065
18.074 0.00075363 0.00018594
18.132 0.00099232 0.00022884
18.19 0.00098899 0.00022807
18.248 0.00055675 0.00015042
18.306 0.0010791 0.00024321
18.364 0.00068101 0.00017306
18.422 0.00078404 0.00019173
18.48 0.00077493 0.0001895
18.538 0.0010271 0.00023406
18.596 0.0010045 0.00023026
18.654 0.0007254 0.00018066
18.712 0.00070426 0.00017713
18.77 0.0007947 0.00019269
18.828 0.00091788 0.00021442
18.886 0.00095137 0.00022079
18.944 0.00084204 0.00020095
19.002 0.00091499 0.00021374
19.06 0.00091482 0.0002137
19.118 0.00084742 0.00020224
19.176 0.00081175 0.00019523
19.234 0.00085745 0.00020312
19.292 0.00083719 0.0001998
19.35 0.00076256 0.00018648
19.408 0.00088406 0.00020793
19.466 0.00089672 0.00020947
19.524 0.00099767 0.00022735
19.582 0.00066183 0.00016819
19.64 0.00099435 0.0002266
19.698 0.00089307 0.00020862
19.756 0.00089324 0.00020866
19.814 0.00041293 0.00012135
19.872 0.00081795 0.0001952
19.93 0.00076763 0.00018613
19.988 0.0010581 0.00023724
20.046 0.00079634 0.00019153
20.104 0.00052644 0.00014223
20.162 0.00073496 0.00017973
20.22 0.00072038 0.00017774
20.278 0.00093061 0.00021461
20.336 0.00092894 0.00021423
20.394 0.00084966 0.00019984
20.452 0.0004505 0.00012756
20.51 0.00089915 0.00020867
20.568 0.00096422 0.00021973
20.626 0.00091144 0.00021019
20.685 0.0007925 0.00018913
20.743 0.00084265 0.00019819
20.801 0.0010968 0.00024234
20.859 0.0012956 0.00027606
20.917 0.00071874 0.00017576
20.975 0.00078645 0.00018768
21.033 0.0011096 0.00024404
21.091 0.00080075 0.00018968
21.149 0.00094409 0.00021515
21.207 0.00080515 0.00019073
21.265 0.00075285 0.00018107
21.323 0.0010151 0.00022644
21.381 0.00084866 0.00019825
21.439 0.00080088 0.00018972
21.497 0.00074701 0.00017966
21.555 0.00087371 0.00020149
21.613 0.0009871 0.00022132
21.671 0.00076573 0.00018274
21.729 0.00078222 0.00018529
21.787 0.00090945 0.00020725
21.845 0.00090967 0.0002073
21.903 0.00066613 0.00016435
21.961 0.00065831 0.00016243
22.019 0.00080626 0.00018834
22.077 0.00095983 0.0002152
22.135 0.00098236 0.00021914
22.193 0.00089186 0.00020324
22.251 0.00062569 0.00015583
22.309 0.0011231 0.00024289
22.367 0.00093003 0.00020961
22.425 0.00075822 0.00017961
22.483 0.0010258 0.00022563
22.541 0.00079503 0.00018572
22.599 0.00083646 0.0001929
22.657 0.00098516 0.0002187
22.715 0.00086951 0.00019815
22.773 0.00095756 0.00021361
22.831 0.00065991 0.00016137
22.889 0.00082299 0.00018979
22.947 0.00083003 0.00019026
23.005 0.00089936 0.0002027
23.063 0.00087703 0.00019874
23.121 0.00053759 0.00013811
23.179 0.00063585 0.00015549
23.237 0.00094392 0.00020954
23.295 0.0011336 0.00024239
23.353 0.00073071 0.00017186
23.412 0.00086894 0.00019584
23.47 0.00082557 0.00018814
23.528 0.00064569 0.00015656
23.586 0.00078467 0.00018096
23.644 0.0011321 0.00024038
23.702 0.00083445 0.00018909
23.76 0.00081158 0.00018495
23.818 0.00076869 0.00017727
23.876 0.00073945 0.00017161
23.934 0.000702 0.00016511
23.992 0.00066127 0.00015781
24.05 0.0006206 0.00015048
24.108 0.00082061 0.00018495
24.166 0.00093761 0.00020531
24.224 0.00072219 0.0001676
24.282 0.00083705 0.00018767
24.34 0.00081053 0.00018268
24.398 0.00084853 0.00018929
24.456 0.00073376 0.00016922
24.514 0.00084112 0.00018764
24.572 0.00096669 0.00020907
24.63 0.00096204 0.00020806
24.688 0.00066446 0.00015628
24.746 0.00097223 0.00020945
24.804 0.00090241 0.00019676
24.862 0.0011036 0.00023132
24.92 0.0010979 0.00023012
24.978 0.00085534 0.00018813
25.036 0.0006876 0.00015857
25.094 0.00080802 0.00017937
25.152 0.00086063 0.00018846
25.21 0.0007452 0.00016796
25.268 0.00080908 0.00017877
25.326 0.00084264 0.00018452
25.384 0.0009274 0.00019904
25.442 0.0008194 0.00018022
25.5 0.0010911 0.00022607
25.558 0.00077182 0.00017134
25.616 0.00091589 0.00019585
25.674 0.00072968 0.0001636
25.732 0.00073655 0.00016431
25.79 0.00077988 0.00017153
25.848 0.00097387 0.00020476
25.906 0.0007868 0.00017229
25.964 0.0009216 0.00019503
26.022 0.00073332 0.00016279
26.08 0.00082263 0.00017791
26.138 0.00082064 0.00017748
26.197 0.00079243 0.00017207
26.255 0.00071416 0.00015854
26.313 0.00079064 0.00017168
26.371 0.00077001 0.00016789
26.429 0.00092364 0.0001936
26.487 0.00078351 0.00016945
26.545 0.00089565 0.00018832
26.603 0.00080947 0.00017309
26.661 0.00074125 0.00016096
26.719 0.00097605 0.00020062
26.777 0.00097514 0.00020043
26.835 0.00077486 0.00016569
26.893 0.00070888 0.00015393
26.951 0.00067611 0.00014805
27.009 0.00076506 0.00016301
27.067 0.001003 0.00020323
27.125 0.00086225 0.00017865
27.183 0.00095177 0.00019328
27.241 0.00088042 0.00018096
27.299 0.00082529 0.00017099
27.357 0.0010992 0.00021717
27.415 0.00079795 0.00016579
27.473 0.00076956 0.00016082
27.531 0.00076762 0.00015994
27.589 0.0008558 0.0001746
27.647 0.00071115 0.00014952
27.705 0.00079573 0.00016356
27.763 0.0007848 0.0001609
27.821 0.00093592 0.00018588
27.879 0.00094003 0.00018605
27.937 0.00083255 0.00016761
27.995 0.00080113 0.00016162
28.053 0.0005976 0.00012646
28.111 0.00073632 0.00014987
28.169 0.00066683 0.00013742
28.227 0.00074623 0.00015054
28.285 0.00086722 0.00017023
28.343 0.00069117 0.00014005
28.401 0.00096157 0.00018513
28.459 0.00076314 0.00015103
28.517 0.00098992 0.00018844
28.575 0.0009344 0.00017844
28.633 0.00084582 0.00016264
28.691 0.00085762 0.0001636
28.749 0.0009158 0.00017235
28.807 0.00094767 0.00017702
28.865 0.00097073 0.0001804
28.924 0.0010276 0.00018911
28.982 0.00085095 0.00015871
29.04 0.00071137 0.00013436
29.098 0.00089632 0.00016395
29.156 0.00081906 0.00014967
29.214 0.00085537 0.00015407
29.272 0.00096142 0.00016987
29.33 0.00081539 0.00014407
29.388 0.00092732 0.00015911
29.446 0.00087534 0.00015105
29.504 0 1
29.562 0 1
29.62 0 1
29.678 0 1
