-29.678 0 1
-29.62 0 1
-29.562 0 1
-29.504 0.0020786 0.00027144
-29.446 0.002089 0.00027118
-29.388 0.002069 0.00027841
-29.33 0.00199 0.00027284
-29.272 0.0018254 0.0002568
-29.214 0.0018658 0.0002664
-29.156 0.0021484 0.00030571
-29.098 0.0018753 0.00027501
-29.04 0.0016323 0.00024705
-28.982 0.0020883 0.00030625
-28.924 0.0019864 0.00029555
-28.865 0.002051 0.00030551
-28.807 0.002002 0.00030144
-28.749 0.0020467 0.00030978
-28.691 0.0019909 0.00030519
-28.633 0.0021663 0.00032922
-28.575 0.002115 0.0003247
-28.517 0.0023693 0.00035813
-28.459 0.0019399 0.00030611
-28.401 0.0020187 0.00031733
-28.343 0.0018298 0.00029485
-28.285 0.0022319 0.0003477
-28.227 0.0018539 0.00030083
-28.169 0.0019165 0.00031024
-28.111 0.0021475 0.00034019
-28.053 0.0021062 0.00033641
-27.995 0.0019224 0.00031426
-27.937 0.0020437 0.00033084
-27.879 0.0017306 0.00029179
-27.821 0.0018315 0.000306
-27.763 0.0021998 0.00035528
-27.705 0.0017866 0.00030317
-27.647 0.0021346 0.00034895
-27.589 0.001896 0.00031967
-27.531 0.0019092 0.00032292
-27.473 0.0020462 0.00034088
-27.415 0.0018887 0.00032155
-27.357 0.0025461 0.00040668
-27.299 0.0021072 0.00035207
-27.241 0.0017285 0.00030296
-27.183 0.0019457 0.00033236
-27.125 0.0017221 0.0003043
-27.067 0.0019448 0.00033453
-27.009 0.0019329 0.00033367
-26.951 0.0016101 0.00029228
-26.893 0.0019022 0.0003321
-26.835 0.0018407 0.00032526
-26.777 0.0021547 0.00036683
-26.719 0.0022058 0.00037429
-26.661 0.0020561 0.00035625
-26.603 0.0019316 0.00034131
-26.545 0.0022264 0.00038031
-26.487 0.0021379 0.00036906
-26.429 0.0025429 0.00042243
-26.371 0.0027294 0.00044731
-26.313 0.0018401 0.00033243
-26.255 0.0019356 0.00034496
-26.197 0.0018851 0.00033898
-26.138 0.0018998 0.00034163
-26.08 0.0019436 0.00034793
-26.022 0.0021096 0.00036975
-25.964 0.0021997 0.00038256
-25.906 0.0021618 0.0003789
-25.848 0.0020666 0.00036671
-25.79 0.0021815 0.00038235
-25.732 0.0022104 0.00038742
-25.674 0.0019763 0.00035705
-25.616 0.0014977 0.00029331
-25.558 0.0016035 0.00030775
-25.5 0.0020479 0.00036825
-25.442 0.0019585 0.00035726
-25.384 0.0015709 0.00030552
-25.326 0.0018251 0.00034
-25.268 0.002064 0.00037289
-25.21 0.0016795 0.00032234
-25.152 0.0017899 0.00033726
-25.094 0.0016563 0.00031995
-25.036 0.002284 0.00040359
-24.978 0.0016399 0.00031892
-24.92 0.0012328 0.00026267
-24.862 0.0020575 0.00037533
-24.804 0.00201 0.00037042
-24.746 0.0019799 0.00036682
-24.688 0.0017256 0.00033335
-24.63 0.0018009 0.00034346
-24.572 0.0018612 0.00035279
-24.514 0.0021602 0.00039405
-24.456 0.0019641 0.00036794
-24.398 0.0019665 0.00036839
-24.34 0.0018686 0.00035637
-24.282 0.0017482 0.00033998
-24.224 0.0015568 0.00031422
-24.166 0.0016334 0.00032458
-24.108 0.0017734 0.00034489
-24.05 0.0018286 0.00035325
-23.992 0.0016233 0.00032504
-23.934 0.0016729 0.00033243
-23.876 0.0019258 0.00036728
-23.818 0.0023107 0.00041945
-23.76 0.0018102 0.00035205
-23.702 0.0018633 0.00035994
-23.644 0.001988 0.00037682
-23.586 0.0015067 0.00031197
-23.528 0.0018398 0.00035781
-23.47 0.0015856 0.00032267
-23.412 0.0013886 0.00029587
-23.353 0.002325 0.00042412
-23.295 0.0019867 0.0003789
-23.237 0.0016464 0.00033229
-23.179 0.001919 0.00037071
-23.121 0.0018513 0.00036255
-23.063 0.0018882 0.00036722
-23.005 0.001633 0.00033232
-22.947 0.0019043 0.00037034
-22.889 0.0019642 0.00037944
-22.831 0.0018731 0.00036682
-22.773 0.0019573 0.00037811
-22.715 0.0017949 0.00035666
-22.657 0.0021657 0.00040806
-22.599 0.0017279 0.00034875
-22.541 0.0014969 0.00031579
-22.483 0.0016457 0.00033775
-22.425 0.0022299 0.00041773
-22.367 0.0020097 0.00038824
-22.309 0.0015651 0.00032704
-22.251 0.0017102 0.00034802
-22.193 0.0018578 0.00036917
-22.135 0.0017526 0.00035372
-22.077 0.0018022 0.00036086
-22.019 0.0016414 0.00033987
-21.961 0.0021926 0.0004156
-21.903 0.001876 0.00037279
-21.845 0.0023781 0.00044059
-21.787 0.0012387 0.00028282
-21.729 0.0025516 0.00046547
-21.671 0.0022633 0.00042645
-21.613 0.0021211 0.00040709
-21.555 0.0019568 0.00038596
-21.497 0.001456 0.00031683
-21.439 0.0016505 0.00034489
-21.381 0.0016788 0.00034761
-21.323 0.0013278 0.0002993
-21.265 0.0019874 0.000392
-21.207 0.0020901 0.00040648
-21.149 0.0016539 0.00034561
-21.091 0.0017139 0.00035487
-21.033 0.0019671 0.00039089
-20.975 0.001586 0.00033792
-20.917 0.0018542 0.00037424
-20.859 0.0023068 0.00043725
-20.801 0.0018314 0.00037268
-20.743 0.0015346 0.00033037
-20.685 0.001681 0.00035127
-20.626 0.0015481 0.00033326
-20.568 0.0018029 0.00037001
-20.51 0.0019431 0.00038909
-20.452 0.0024652 0.00045924
-20.394 0.0021908 0.0004232
-20.336 0.0018583 0.00037817
-20.278 0.0017631 0.00036507
-20.22 0.0021978 0.00042457
-20.162 0.0011844 0.00028219
-20.104 0.0018234 0.00037423
-20.046 0.001729 0.0003613
-19.988 0.0011338 0.0002744
-19.93 0.0025702 0.00047618
-19.872 0.0013483 0.00030785
-19.814 0.0016857 0.00035562
-19.756 0.0018899 0.00038459
-19.698 0.0020922 0.00041267
-19.64 0.0022196 0.00043167
-19.582 0.0016585 0.00035337
-19.524 0.0018497 0.00037962
-19.466 0.001409 0.00031761
-19.408 0.0023306 0.00044729
-19.35 0.001773 0.0003705
-19.292 0.0015117 0.00033267
-19.234 0.0014657 0.00032636
-19.176 0.0013367 0.00030934
-19.118 0.001931 0.00039295
-19.06 0.0018273 0.00037835
-19.002 0.0019359 0.00039395
-18.944 0.0015389 0.00033866
-18.886 0.0022064 0.00043209
-18.828 0.0014796 0.00032946
-18.77 0.0018542 0.00038393
-18.712 0.0021795 0.00042989
-18.654 0.0019484 0.0003965
-18.596 0.001433 0.00032301
-18.538 0.0018051 0.0003772
-18.48 0.0019344 0.000397
-18.422 0.0016097 0.00035029
-18.364 0.0013435 0.00031092
-18.306 0.0020803 0.00041655
-18.248 0.0013065 0.00030667
-18.19 0.001728 0.00036818
-18.132 0.0021849 0.00043096
-18.074 0.001999 0.00040679
-18.016 0.0019666 0.00040362
-17.958 0.0021541 0.00042804
-17.9 0.0023113 0.0004495
-17.841 0.0017921 0.00037807
-17.783 0.0021218 0.00042486
-17.725 0.0015964 0.00035131
-17.667 0.0015268 0.00033995
-17.609 0.0016469 0.00035837
-17.551 0.0016053 0.00035327
-17.493 0.00207 0.00041779
-17.435 0.0017556 0.00037407
-17.377 0.0014891 0.00033565
-17.319 0.0015562 0.00034651
-17.261 0.001445 0.00032993
-17.203 0.001643 0.00035753
-17.145 0.0022552 0.00044482
-17.087 0.0013996 0.00032389
-17.029 0.0017658 0.00037623
-16.971 0.0014473 0.00033045
-16.913 0.0019729 0.0004049
-16.855 0.0016285 0.00035837
-16.797 0.0024252 0.00046848
-16.739 0.0018715 0.00039107
-16.681 0.0016749 0.00036448
-16.623 0.0016227 0.00035709
-16.565 0.0021079 0.00042545
-16.507 0.0021642 0.00043336
-16.449 0.001624 0.00035738
-16.391 0.0018631 0.00039304
-16.333 0.0015741 0.00035048
-16.275 0.0019419 0.00040209
-16.217 0.0015887 0.00035373
-16.159 0.0016952 0.00036889
-16.101 0.0013655 0.0003205
-16.043 0.0014696 0.00033555
-15.985 0.0023497 0.00046015
-15.927 0.002142 0.00043233
-15.869 0.0012595 0.00030481
-15.811 0.001636 0.00036003
-15.753 0.0014266 0.00033014
-15.695 0.0021607 0.0004361
-15.637 0.0020921 0.00042574
-15.579 0.0015993 0.00035611
-15.521 0.0019826 0.00041051
-15.463 0.0015609 0.00035185
-15.405 0.0017173 0.0003737
-15.347 0.0021446 0.00043284
-15.289 0.0010013 0.00026615
-15.231 0.0018416 0.00039238
-15.173 0.0019494 0.00040735
-15.114 0.001554 0.00035029
-15.056 0.0026125 0.00049824
-14.998 0.0022329 0.00044711
-14.94 0.0019632 0.00041023
-14.882 0.0018845 0.00039756
-14.824 0.0014007 0.00032878
-14.766 0.0018607 0.00039646
-14.708 0.0020126 0.00041672
-14.65 0.0019473 0.00040692
-14.592 0.0017375 0.00037809
-14.534 0.001285 0.00031099
-14.476 0.0011273 0.00028762
-14.418 0.0017866 0.00038461
-14.36 0.0015822 0.00035664
-14.302 0.0010151 0.00026982
-14.244 0.001686 0.00037104
-14.186 0.0020091 0.00041599
-14.128 0.002315 0.00046001
-14.07 0.002158 0.00043915
-14.012 0.0020894 0.00042882
-13.954 0.0015732 0.00035462
-13.896 0.0018187 0.00039152
-13.838 0.0018747 0.00039944
-13.78 0.0021643 0.00044042
-13.722 0.0013541 0.00032262
-13.664 0.0016482 0.000367
-13.606 0.001835 0.00039503
-13.548 0.0016471 0.00036675
-13.49 0.0014199 0.00033328
-13.432 0.0017683 0.00038479
-13.374 0.0014997 0.00034707
-13.316 0.0018268 0.00039328
-13.258 0.0014192 0.00033311
-13.2 0.0010865 0.00028276
-13.142 0.001547 0.00035323
-13.084 0.0017139 0.00037718
-13.026 0.0014216 0.00033369
-12.968 0.0012645 0.00031116
-12.91 0.0019475 0.00041086
-12.852 0.0020768 0.00043001
-12.794 0.0014287 0.00033534
-12.736 0.0016614 0.00036993
-12.678 0.0016288 0.00036714
-12.62 0.00217 0.00044159
-12.562 0.0017691 0.00038496
-12.504 0.0012156 0.00030442
-12.446 0.0020133 0.0004207
-12.388 0.0021963 0.00044694
-12.329 0.0023444 0.00046586
-12.271 0.0017331 0.00038139
-12.213 0.0018535 0.00039902
-12.155 0.0013923 0.00033171
-12.097 0.0012619 0.00031052
-12.039 0.0019789 0.00041749
-11.981 0.00186 0.00040041
-11.923 0.0016725 0.00037239
-11.865 0.001967 0.00041496
-11.807 0.0014395 0.00033788
-11.749 0.0017486 0.00038481
-11.691 0.0019743 0.0004165
-11.633 0.0023086 0.00046227
-11.575 0.0019111 0.00040718
-11.517 0.0010528 0.00027983
-11.459 0.0018018 0.00039208
-11.401 0.00151 0.00034944
-11.343 0.0013408 0.0003245
-11.285 0.0021551 0.0004423
-11.227 0.0015166 0.00035098
-11.169 0.0021402 0.00043924
-11.111 0.00099092 0.00026941
-11.053 0.0021707 0.0004455
-10.995 0.0022835 0.00046088
-10.937 0.0018633 0.00040112
-10.879 0.0019893 0.00041968
-10.821 0.0017587 0.00038703
-10.763 0.0015155 0.00035072
-10.705 0.0019831 0.00041836
-10.647 0.0018897 0.00040681
-10.589 0.0014728 0.00034571
-10.531 0.0020629 0.00043107
-10.473 0.001934 0.00041208
-10.415 0.001527 0.00035339
-10.357 0.0019461 0.00041466
-10.299 0.0014171 0.00033763
-10.241 0.0017598 0.00038726
-10.183 0.0015213 0.00035206
-10.125 0.0015965 0.00036452
-10.067 0.0011772 0.00030035
-10.009 0.0016966 0.00037776
-9.9506 0.0014739 0.00034595
-9.8926 0.0018376 0.00039988
-9.8346 0.001598 0.00036486
-9.7766 0.0019933 0.00042053
-9.7185 0.0013515 0.00032709
-9.6605 0.0016033 0.00036607
-9.6025 0.0019528 0.00041607
-9.5445 0.0014715 0.00034539
-9.4864 0.0013077 0.00032179
-9.4284 0.0017214 0.00038329
-9.3704 0.0011857 0.00030252
-9.3124 0.0012948 0.00031861
-9.2544 0.0016632 0.0003749
-9.1963 0.0016083 0.00036722
-9.1383 0.0020193 0.00042601
-9.0803 0.0020013 0.00042221
-9.0223 0.0018434 0.00040115
-8.9643 0.0015524 0.00035926
-8.9062 0.0010747 0.00028567
-8.8482 0.0017183 0.00038259
-8.7902 0.0019694 0.00041962
-8.7322 0.0018499 0.00040255
-8.6742 0.0020811 0.00043488
-8.6161 0.001716 0.0003821
-8.5581 0.0020198 0.00042611
-8.5001 0.0014951 0.00035093
-8.4421 0.0017273 0.00038459
-8.384 0.0020659 0.00043171
-8.326 0.00096165 0.00026788
-8.268 0.0017441 0.00038834
-8.21 0.0010708 0.00028462
-8.152 0.0017688 0.00038924
-8.0939 0.001851 0.0004028
-8.0359 0.0016178 0.00036939
-7.9779 0.0019623 0.00041809
-7.9199 0.0022589 0.00045968
-7.8619 0.0013783 0.00033357
-7.8038 0.0016315 0.00037251
-7.7458 0.0010872 0.00028897
-7.6878 0.0019037 0.00040982
-7.6298 0.0017916 0.00039428
-7.5718 0.0024146 0.00048349
-7.5137 0.0018109 0.00039851
-7.4557 0.0020355 0.00042942
-7.3977 0.0016154 0.00036884
-7.3397 0.002528 0.00049863
-7.2816 0.0023548 0.00047528
-7.2236 0.001688 0.00038049
-7.1656 0.0010772 0.00028632
-7.1076 0.0016393 0.00037428
-7.0496 0.0013411 0.00033
-6.9915 0.0017812 0.00039198
-6.9335 0.0014492 0.00034528
-6.8755 0.0023917 0.00048273
-6.8175 0.0014905 0.00034986
-6.7595 0.0017409 0.00038763
-6.7014 0.0019998 0.00042609
-6.6434 0.0010698 0.00028435
-6.5854 0.0014076 0.00034066
-6.5274 0.0014152 0.00033717
-6.4694 0.0022682 0.00046553
-6.4113 0.0016679 0.00037596
-6.3533 0.0018184 0.00040017
-6.2953 0.0016034 0.0003661
-6.2373 0.0011548 0.00030054
-6.1792 0.0012585 0.00031517
-6.1212 0.0017088 0.00038518
-6.0632 0.0019129 0.00041181
-6.0052 0.0016823 0.00037921
-5.9472 0.0016434 0.00037522
-5.8891 0.0023387 0.00047203
-5.8311 0.0017863 0.0003931
-5.7731 0.0013501 0.00033222
-5.7151 0.0018374 0.00039983
-5.6571 0.0014567 0.00034705
-5.599 0.0018025 0.00039666
-5.541 0.0014379 0.00034258
-5.483 0.0016942 0.00038189
-5.425 0.0013833 0.00033479
-5.3669 0.0016915 0.00038128
-5.3089 0.0018005 0.00039622
-5.2509 0.0016285 0.00037182
-5.1929 0.0015166 0.00035597
-5.1349 0.0016289 0.00037193
-5.0768 0.0021679 0.00044888
-5.0188 0.0017014 0.00038351
-4.9608 0.0013835 0.00033483
-4.9028 0.0018652 0.00040588
-4.8448 0.0020401 0.00043039
-4.7867 0.0014063 0.00034034
-4.7287 0.0017575 0.00039134
-4.6707 0.001684 0.00037959
-4.6127 0.0014403 0.00034315
-4.5547 0.0014643 0.00034886
-4.4966 0.001387 0.00033569
-4.4386 0.00090046 0.00025748
-4.3806 0.0016244 0.00037088
-4.3226 0.00123 0.00031382
-4.2645 0.0013964 0.00033796
-4.2065 0.001724 0.00038386
-4.1485 0.0020677 0.00043622
-4.0905 0.0018241 0.00040141
-4.0325 0.0018908 0.00041145
-3.9744 0.0016339 0.00037307
-3.9164 0.0021123 0.00044139
-3.8584 0.0014596 0.00034776
-3.8004 0.0016878 0.00038045
-3.7424 0.002472 0.00049121
-3.6843 0.0016291 0.00037197
-3.6263 0.0016504 0.00037683
-3.5683 0.0015081 0.00035398
-3.5103 0.0015725 0.0003639
-3.4523 0.0020044 0.00042708
-3.3942 0.0015678 0.00036283
-3.3362 0.0021844 0.00045229
-3.2782 0.0017106 0.00038559
-3.2202 0.0021465 0.00044445
-3.1621 0.00157 0.00036334
-3.1041 0.0014885 0.00035463
-3.0461 0.001774 0.00039039
-2.9881 0.0023902 0.00048242
-2.9301 0.0014359 0.00034751
-2.872 0.0018231 0.00039672
-2.814 0.001863 0.00040997
-2.756 0.0020184 0.00042581
-2.698 0.0020963 0.00044224
-2.64 0.0014508 0.00034564
-2.5819 0.0017215 0.00038804
-2.5239 0.0020181 0.00042575
-2.4659 0.0019256 0.00041903
-2.4079 0.0016394 0.00037432
-2.3499 0.0018439 0.00040578
-2.2918 0.0020261 0.00042338
-2.2338 0.0017879 0.00040821
-2.1758 0.0017639 0.00038385
-2.1178 0.0019286 0.00041968
-2.0597 0.0018052 0.00040194
-2.0017 0.001544 0.00035253
-1.9437 0.001848 0.00041655
-1.8857 0.0017592 0.00038714
-1.8277 0.0017688 0.0003849
-1.7696 0.0026158 0.00053232
-1.7116 0.0016577 0.00036909
-1.6536 0.0011286 0.0002937
-1.5956 0.0013831 0.00034035
-1.5376 0.0024542 0.00049534
-1.4795 0.0016482 0.000367
-1.4215 0.0026106 0.00051125
-1.3635 0.0022403 0.00045589
-1.3055 0.0020198 0.00044972
-1.2475 0.0021432 0.00043614
-1.1894 0.0026968 0.00052096
-1.1314 0.0039892 0.00069118
-1.0734 0.0042277 0.00071974
-1.0154 0.0042353 0.00073382
-0.95735 0.0045623 0.00076923
-0.89933 0.0042337 0.00073631
-0.84131 0.0053925 0.00087932
-0.78328 0.0058232 0.00091202
-0.72526 0.0058469 0.00093389
-0.66724 0.0055367 0.0009074
-0.60922 0.0060791 0.00096302
-0.5512 0.0064189 0.00099997
-0.49318 0.0062964 0.00098977
-0.43516 0.0054711 0.00088362
-0.37714 0.0052724 0.00085351
-0.31912 0.0065745 0.0010157
-0.26109 0.0048775 0.00082764
-0.20307 0.0065129 0.0010129
-0.14505 0.0047297 0.00078793
-0.087032 0.0051687 0.00084709
-0.029011 0.0036733 0.00064382
0.029011 0.0057496 0.00092032
0.087032 0.0032244 0.00059115
0.14505 0.0035021 0.00062976
0.20307 0.003227 0.00060804
0.26109 0.0023134 0.00045969
0.31912 0.0030398 0.00056319
0.37714 0.0020589 0.00043435
0.43516 0.0019329 0.00041612
0.49318 0.0021434 0.00044381
0.5512 0.0014782 0.00035218
0.60922 0.0022253 0.00046946
0.66724 0.0012019 0.00030664
0.72526 0.002176 0.00043573
0.78328 0.0014622 0.00035387
0.84131 0.0014892 0.00036042
0.89933 0.0017618 0.00038771
0.95735 0.0019705 0.00043364
1.0154 0.0017161 0.00037766
1.0734 0.0017649 0.00039297
1.1314 0.0019219 0.00041375
1.1894 0.0012367 0.00030432
1.2475 0.0015256 0.0003754
1.3055 0.0021183 0.00043861
1.3635 0.0019982 0.00042575
1.4215 0.0015533 0.00035465
1.4795 0.0018349 0.00040855
1.5376 0.0014775 0.00035201
1.5956 0.0017394 0.00038729
1.6536 0.0019137 0.00040774
1.7116 0.0016272 0.00038768
1.7696 0.0019482 0.000411
1.8277 0.0022145 0.0004545
1.8857 0.0015546 0.00037038
1.9437 0.0012694 0.00031236
2.0017 0.0020693 0.0004409
2.0597 0.0019816 0.0004266
2.1178 0.0011125 0.00028951
2.1758 0.0018181 0.00040981
2.2338 0.0017168 0.00038225
2.2918 0.0021833 0.00045623
2.3499 0.0018803 0.00040918
2.4079 0.0019343 0.00042093
2.4659 0.0013923 0.00033696
2.5239 0.0016088 0.00037231
2.5819 0.0017119 0.00038589
2.64 0.0019182 0.00041741
2.698 0.0017489 0.0003894
2.756 0.0014396 0.0003484
2.814 0.0017401 0.00038746
2.872 0.001805 0.0004019
2.9301 0.001369 0.00033687
2.9881 0.0014403 0.00034316
3.0461 0.001496 0.00035642
3.1041 0.0016585 0.00037869
3.1621 0.0015758 0.00036467
3.2202 0.0020501 0.00043681
3.2782 0.0017141 0.00038637
3.3362 0.0023764 0.00047962
3.3942 0.0011735 0.0003054
3.4523 0.0017109 0.00038565
3.5103 0.0019546 0.00042079
3.5683 0.001848 0.00040667
3.6263 0.001345 0.00033097
3.6843 0.0015965 0.00036947
3.7424 0.0018911 0.00041152
3.8004 0.0016625 0.0003796
3.8584 0.001521 0.00035702
3.9164 0.0023785 0.00048007
3.9744 0.0013666 0.00033628
4.0325 0.0017235 0.0003885
4.0905 0.0016641 0.00037996
4.1485 0.0018189 0.00040029
4.2065 0.0020926 0.00044147
4.2645 0.0015554 0.00036509
4.3226 0.0017819 0.00039676
4.3806 0.0016386 0.00037412
4.4386 0.0024531 0.0004912
4.4966 0.0019829 0.00042687
4.5547 0.0019014 0.00041376
4.6127 0.0020721 0.00043715
4.6707 0.0017846 0.00039735
4.7287 0.0018698 0.00041147
4.7867 0.001885 0.00041018
4.8448 0.001759 0.00039166
4.9028 0.002024 0.00043124
4.9608 0.0019549 0.00042085
5.0188 0.0014185 0.00034331
5.0768 0.0017053 0.00038439
5.1349 0.0021554 0.00045041
5.1929 0.0018389 0.00040467
5.2509 0.001465 0.00034902
5.3089 0.0021558 0.00045048
5.3669 0.0024644 0.00049347
5.425 0.002154 0.00045011
5.483 0.0019691 0.00042391
5.541 0.001835 0.00040382
5.599 0.0012353 0.00031517
5.6571 0.001832 0.00040317
5.7151 0.0014956 0.00035633
5.7731 0.0017743 0.00039507
5.8311 0.0017148 0.00038653
5.8891 0.0021737 0.00045423
5.9472 0.0015919 0.0003684
6.0052 0.0016466 0.00037597
6.0632 0.0022295 0.00046164
6.1212 0.0014288 0.0003458
6.1792 0.0012313 0.00031415
6.2373 0.0021976 0.00045502
6.2953 0.001552 0.00036429
6.3533 0.0019109 0.00041582
6.4113 0.0014331 0.00034684
6.4694 0.0015178 0.00035625
6.5274 0.0022406 0.00046393
6.5854 0.0020968 0.00044235
6.6434 0.0022748 0.00046687
6.7014 0.0021533 0.00044997
6.7595 0.0017148 0.00038654
6.8175 0.0019418 0.00042256
6.8755 0.0018558 0.0004084
6.9335 0.00097249 0.00027089
6.9915 0.0022326 0.00046228
7.0496 0.0014287 0.00034578
7.1076 0.0014797 0.00035254
7.1656 0.0025915 0.00051116
7.2236 0.0012334 0.00031469
7.2816 0.0021773 0.00045497
7.3397 0.0015411 0.00036173
7.3977 0.0016063 0.00037173
7.4557 0.0019833 0.00042696
7.5137 0.0019178 0.00041734
7.5718 0.0019164 0.00041703
7.6298 0.0017592 0.00039171
7.6878 0.0018572 0.0004087
7.7458 0.001304 0.00032655
7.8038 0.0017951 0.00039969
7.8619 0.0019565 0.00042119
7.9199 0.001782 0.00039679
7.9779 0.001923 0.00041847
8.0359 0.0012938 0.00032401
8.0939 0.0020084 0.00042792
8.152 0.0014603 0.00034792
8.21 0.0019738 0.00042492
8.268 0.0021635 0.00045209
8.326 0.0017466 0.0003889
8.384 0.0014699 0.0003502
8.4421 0.0019121 0.00041608
8.5001 0.0018268 0.00040201
8.5581 0.0012805 0.00032066
8.6161 0.0014098 0.00034119
8.6742 0.0015276 0.00035856
8.7322 0.0021624 0.00045186
8.7902 0.0020099 0.00042825
8.8482 0.0015389 0.00036121
8.9062 0.001037 0.00028193
8.9643 0.0014143 0.00034229
9.0223 0.0014601 0.00034786
9.0803 0.0015965 0.00036946
9.1383 0.0017791 0.00039613
9.1963 0.0016667 0.00038056
9.2544 0.002913 0.00055215
9.3124 0.0012852 0.00032186
9.3704 0.0014736 0.00035108
9.4284 0.0021869 0.00045281
9.4864 0.0012773 0.00031986
9.5445 0.0019445 0.0004186
9.6025 0.0015861 0.00036707
9.6605 0.001595 0.00036912
9.7185 0.0019932 0.00042468
9.7766 0.0020691 0.0004365
9.8346 0.0017195 0.00038759
9.8926 0.0022526 0.00046231
9.9506 0.0017598 0.00039184
10.009 0.0016902 0.00038098
10.067 0.0012277 0.00031323
10.125 0.0015273 0.0003585
10.183 0.00169 0.00038095
10.241 0.0016993 0.00038303
10.299 0.001642 0.0003749
10.357 0.0019406 0.00041777
10.415 0.0018722 0.00040741
10.473 0.0016973 0.00038259
10.531 0.002076 0.00043797
10.589 0.001087 0.00028892
10.647 0.0021082 0.00044054
10.705 0.0018826 0.00040968
10.763 0.0017583 0.00039151
10.821 0.0019306 0.00041562
10.879 0.0018596 0.00040466
10.937 0.0013912 0.00033669
10.995 0.0020557 0.00043367
11.053 0.0019344 0.00041644
11.111 0.0021423 0.00044358
11.169 0.0015133 0.00035521
11.227 0.0014528 0.00034611
11.285 0.0022824 0.00046445
11.343 0.0016849 0.00037978
11.401 0.0015581 0.00036058
11.459 0.0019995 0.00042602
11.517 0.0017964 0.00039532
11.575 0.0016229 0.00037054
11.633 0.0019946 0.00042498
11.691 0.0015752 0.00036453
11.749 0.0015674 0.00036274
11.807 0.0014329 0.00034138
11.865 0.0021045 0.00043976
11.923 0.0014511 0.00034573
11.981 0.0018653 0.00040591
12.039 0.0020915 0.00043706
12.097 0.0016203 0.00036995
12.155 0.0012072 0.00030801
12.213 0.0019326 0.00041605
12.271 0.0018473 0.00040199
12.329 0.0017371 0.00038679
12.388 0.001136 0.00029564
12.446 0.0014429 0.00034376
12.504 0.0018936 0.00040764
12.562 0.0022631 0.00046053
12.62 0.0016741 0.00037736
12.678 0.0018364 0.00039961
12.736 0.0014776 0.00034683
12.794 0.0017834 0.00039247
12.852 0.001721 0.0003832
12.91 0.0020646 0.00043143
12.968 0.002047 0.00042774
13.026 0.0015366 0.00035561
13.084 0.0019001 0.00040905
13.142 0.0016523 0.00037244
13.2 0.0016382 0.00036926
13.258 0.0017168 0.00038226
13.316 0.0023023 0.00046467
13.374 0.0018874 0.00040631
13.432 0.0022944 0.00046308
13.49 0.0018268 0.00039752
13.548 0.0017162 0.00038212
13.606 0.0016496 0.00037184
13.664 0.0018855 0.0004059
13.722 0.0011743 0.0002996
13.78 0.0021338 0.00044183
13.838 0.0015859 0.0003621
13.896 0.0018726 0.00040313
13.954 0.0019355 0.00041239
14.012 0.0018721 0.00040303
14.07 0.0018799 0.00040471
14.128 0.0019768 0.00041704
14.186 0.0016297 0.00036735
14.244 0.0016991 0.00037831
14.302 0.0019278 0.00041076
14.36 0.0021983 0.00044734
14.418 0.002152 0.00044167
14.476 0.00186 0.00040043
14.534 0.0016299 0.0003674
14.592 0.0016746 0.00037287
14.65 0.0020881 0.00043237
14.708 0.0022214 0.00045206
14.766 0.0018643 0.00040134
14.824 0.002074 0.00042944
14.882 0.0017463 0.00038431
14.94 0.0015702 0.00035851
14.998 0.0020173 0.00042155
15.056 0.0016092 0.00036274
15.114 0.0018452 0.00039722
15.173 0.0020335 0.00042494
15.231 0.0013273 0.00032124
15.289 0.0017768 0.00038664
15.347 0.0019492 0.00041121
15.405 0.0023012 0.00046078
15.463 0.0011963 0.00029957
15.521 0.0021653 0.00044063
15.579 0.0014257 0.00033465
15.637 0.0020583 0.0004262
15.695 0.0016018 0.00036106
15.753 0.0016973 0.00037352
15.811 0.0022176 0.00044758
15.869 0.0019467 0.00041068
15.927 0.0013612 0.00032429
15.985 0.0016382 0.00036477
16.043 0.0017012 0.00037438
16.101 0.0014224 0.00033387
16.159 0.0018236 0.00039259
16.217 0.0021359 0.00043464
16.275 0.0020375 0.00042187
16.333 0.0016532 0.00036811
16.391 0.0020835 0.00042762
16.449 0.0013445 0.00032033
16.507 0.002087 0.00042832
16.565 0.0019254 0.0004062
16.623 0.0016931 0.00037259
16.681 0.0017857 0.00038442
16.739 0.0018963 0.00040005
16.797 0.0015184 0.00034668
16.855 0.0019907 0.0004122
16.913 0.0025025 0.00048343
16.971 0.0018317 0.00039028
17.029 0.0017729 0.00038167
17.087 0.0018337 0.00039071
17.145 0.0019094 0.00039899
17.203 0.0017664 0.00038027
17.261 0.0021614 0.00043625
17.319 0.0014857 0.00033923
17.377 0.0018605 0.00039251
17.435 0.001644 0.00036179
17.493 0.0020961 0.00042655
17.551 0.0017596 0.00037881
17.609 0.0016826 0.00036616
17.667 0.0018106 0.00038578
17.725 0.0019644 0.00040674
17.783 0.0018518 0.00039067
17.841 0.0020065 0.00041182
17.9 0.0022745 0.00044862
17.958 0.0018542 0.00039117
18.016 0.0018936 0.0003957
18.074 0.0016556 0.00036027
18.132 0.0017851 0.00038034
18.19 0.0021564 0.0004318
18.248 0.0016678 0.00036293
18.306 0.0017606 0.00037512
18.364 0.0019304 0.0003997
18.422 0.0015055 0.00033936
18.48 0.0020726 0.00041832
18.538 0.0013314 0.00031252
18.596 0.0020822 0.00042026
18.654 0.0013826 0.00031997
18.712 0.0017111 0.00036837
18.77 0.0023231 0.00045179
18.828 0.0018459 0.00038573
18.886 0.0022355 0.00044093
18.944 0.0014742 0.00033231
19.002 0.0021555 0.00042832
19.06 0.0015769 0.00034702
19.118 0.0018016 0.00038007
19.176 0.0015165 0.00033768
19.234 0.0016666 0.00035879
19.292 0.0020939 0.00041928
19.35 0.0017258 0.0003677
19.408 0.0017228 0.00036708
19.466 0.0019579 0.00039843
19.524 0.0017589 0.00037106
19.582 0.0022929 0.00044592
19.64 0.0018561 0.00038433
19.698 0.0015394 0.00033877
19.756 0.0019503 0.00039688
19.814 0.002582 0.0004837
19.872 0.0018412 0.00038124
19.93 0.0015809 0.00034402
19.988 0.0019428 0.00039535
20.046 0.0020008 0.00040382
20.104 0.0022384 0.00043532
20.162 0.0013609 0.00031072
20.22 0.0019399 0.00039476
20.278 0.0020799 0.00041329
20.336 0.0020255 0.00040558
20.394 0.0019067 0.000388
20.452 0.0021171 0.00041758
20.51 0.0020122 0.00040291
20.568 0.0018999 0.00038662
20.626 0.0019874 0.00039794
20.685 0.002329 0.00044417
20.743 0.0021895 0.00042582
20.801 0.0016372 0.00034883
20.859 0.0017215 0.00035973
20.917 0.001873 0.00038116
20.975 0.0017211 0.00035965
21.033 0.0017692 0.00036632
21.091 0.0019942 0.00039626
21.149 0.0013217 0.00030179
21.207 0.0016628 0.0003508
21.265 0.0017945 0.0003683
21.323 0.0016305 0.00034398
21.381 0.0023406 0.00044365
21.439 0.0019459 0.00038964
21.497 0.0017325 0.00035872
21.555 0.0012859 0.00029361
21.613 0.0021939 0.00042106
21.671 0.0017237 0.0003569
21.729 0.0018055 0.00036741
21.787 0.001509 0.00032486
21.845 0.0024056 0.00044813
21.903 0.0016994 0.00035187
21.961 0.0020527 0.0003992
22.019 0.0023163 0.00043393
22.077 0.0016695 0.00034569
22.135 0.0017636 0.00035888
22.193 0.0015723 0.00033171
22.251 0.0022934 0.00042964
22.309 0.0021122 0.00040537
22.367 0.0017473 0.00035557
22.425 0.0022106 0.00041902
22.483 0.0017265 0.00035134
22.541 0.0017815 0.00035957
22.599 0.0015959 0.00033348
22.657 0.0022765 0.00042648
22.715 0.002119 0.00040413
22.773 0.0016738 0.00034353
22.831 0.0017197 0.00034996
22.889 0.001974 0.00038389
22.947 0.0015881 0.00032884
23.005 0.0021788 0.00041053
23.063 0.0019089 0.00037383
23.121 0.0016264 0.0003338
23.179 0.0022239 0.00041428
23.237 0.0018758 0.00036735
23.295 0.0019717 0.00038089
23.353 0.0018987 0.00036925
23.412 0.0017614 0.00035
23.47 0.0017979 0.00035463
23.528 0.0017588 0.00034948
23.586 0.0023525 0.00042915
23.644 0.0025334 0.0004515
23.702 0.0019007 0.00036717
23.76 0.0019779 0.00037721
23.818 0.0015923 0.00032403
23.876 0.002358 0.00042601
23.934 0.0018655 0.00036038
23.992 0.0015299 0.00031398
24.05 0.0014431 0.00030155
24.108 0.0014606 0.00030242
24.166 0.0024815 0.00044034
24.224 0.001697 0.00033471
24.282 0.0022244 0.00040577
24.34 0.0020838 0.00038607
24.398 0.0019643 0.00037012
24.456 0.0017199 0.00033682
24.514 0.0024637 0.00043535
24.572 0.0018575 0.00035425
24.63 0.0016519 0.00032583
24.688 0.002472 0.00043502
24.746 0.0019889 0.00037051
24.804 0.0023789 0.00042036
24.862 0.0018077 0.00034475
24.92 0.0023722 0.00041918
24.978 0.0019699 0.00036497
25.036 0.0017617 0.00033597
25.094 0.0015684 0.00030936
25.152 0.0020164 0.00036968
25.21 0.0017685 0.00033521
25.268 0.0018665 0.0003477
25.326 0.0021936 0.00039093
25.384 0.0016795 0.00032234
25.442 0.0016331 0.00031548
25.5 0.0023554 0.00040963
25.558 0.0014982 0.0002955
25.616 0.0018763 0.00034579
25.674 0.0018686 0.00034436
25.732 0.0019486 0.00035373
25.79 0.0017616 0.00032816
25.848 0.0021049 0.00037351
25.906 0.0017751 0.00032888
25.964 0.002466 0.00041844
26.022 0.0022368 0.00038902
26.08 0.0021861 0.00038166
26.138 0.001644 0.00030976
26.197 0.002048 0.00036189
26.255 0.0020133 0.00035727
26.313 0.0022741 0.00039117
26.371 0.0018007 0.00032848
26.429 0.0023177 0.00039458
26.487 0.0022743 0.0003885
26.545 0.0017454 0.0003184
26.603 0.002597 0.00042786
26.661 0.0020394 0.00035467
26.719 0.0017394 0.00031424
26.777 0.0020731 0.00035788
26.835 0.0015575 0.00028855
26.893 0.0020389 0.00035072
26.951 0.0019067 0.00033288
27.009 0.0021202 0.00035977
27.067 0.001873 0.000327
27.125 0.0021151 0.00035662
27.183 0.0020234 0.00034335
27.241 0.0019543 0.00033383
27.299 0.0021054 0.00035178
27.357 0.0018265 0.0003153
27.415 0.0017229 0.00030079
27.473 0.002111 0.00035068
27.531 0.0019428 0.00032756
27.589 0.0020244 0.00033725
27.647 0.0022678 0.00036712
27.705 0.0022887 0.0003688
27.763 0.0020553 0.00033685
27.821 0.0017765 0.00029954
27.879 0.0020682 0.0003356
27.937 0.0020228 0.00032903
27.995 0.0020393 0.00032936
28.053 0.00184 0.00030234
28.111 0.0023698 0.00036918
28.169 0.0016927 0.00028119
28.227 0.0019622 0.00031476
28.285 0.0021273 0.00033378
28.343 0.0016481 0.00027153
28.401 0.0017133 0.00027868
28.459 0.0022638 0.0003465
28.517 0.0019398 0.00030381
28.575 0.0021993 0.0003347
28.633 0.0019339 0.00029876
28.691 0.0020491 0.00031056
28.749 0.0023455 0.00034497
28.807 0.0025035 0.0003629
28.865 0.0018472 0.00027959
28.924 0.0019633 0.00029211
28.982 0.0021106 0.00030807
29.04 0.0019058 0.00027975
29.098 0.0018266 0.00026638
29.156 0.002006 0.00028491
29.214 0.0021572 0.00029912
29.272 0.0018861 0.00026052
29.33 0.0016952 0.00023278
29.388 0.0019452 0.00025376
29.446 0.002015 0.00026396
29.504 0 1
29.562 0 1
29.62 0 1
29.678 0 1
