-29.678 0 1
-29.62 0 1
-29.562 0 1
-29.504 0.00020162 4.1065e-05
-29.446 0.00021546 4.3337e-05
-29.388 0.00017522 3.7798e-05
-29.33 0.00020858 4.4997e-05
-29.272 0.00016963 3.8578e-05
-29.214 0.00015806 3.7272e-05
-29.156 0.00020637 4.7343e-05
-29.098 0.00016726 4.0482e-05
-29.04 0.0002076 4.8767e-05
-28.982 0.00021029 4.9786e-05
-28.924 0.00021016 5.0171e-05
-28.865 0.00030053 6.7804e-05
-28.807 0.00016097 4.1362e-05
-28.749 0.00019208 4.804e-05
-28.691 0.00028968 6.7318e-05
-28.633 0.00025905 6.1845e-05
-28.575 0.00018985 4.8782e-05
-28.517 0.00022531 5.6012e-05
-28.459 0.00018945 4.9441e-05
-28.401 0.00014192 4.0197e-05
-28.343 0.00019187 5.0494e-05
-28.285 0.00015691 4.3892e-05
-28.227 0.00028432 6.9155e-05
-28.169 0.0002335 5.9566e-05
-28.111 0.00012837 3.858e-05
-28.053 0.00022593 5.8494e-05
-27.995 0.00020871 5.5411e-05
-27.937 0.00023395 6.0569e-05
-27.879 0.00019268 5.2687e-05
-27.821 0.00016405 4.7088e-05
-27.763 0.00012058 3.8403e-05
-27.705 0.00017922 5.0763e-05
-27.647 0.00032342 7.9494e-05
-27.589 0.00012563 4.0013e-05
-27.531 0.00012024 3.9186e-05
-27.473 0.00014655 4.4834e-05
-27.415 0.00017444 5.0789e-05
-27.357 0.00018459 5.2985e-05
-27.299 0.00026983 7.0417e-05
-27.241 0.00024165 6.4756e-05
-27.183 0.0002373 6.4217e-05
-27.125 0.00011174 3.8401e-05
-27.067 0.00021628 6.05e-05
-27.009 0.00017041 5.1216e-05
-26.951 0.0001532 4.7782e-05
-26.893 0.00015595 4.8639e-05
-26.835 9.9293e-05 3.6452e-05
-26.777 0.00026865 7.199e-05
-26.719 0.00018242 5.4826e-05
-26.661 0.00023427 6.5532e-05
-26.603 0.00016621 5.1839e-05
-26.545 0.00022838 6.4686e-05
-26.487 0.0001361 4.5486e-05
-26.429 0.00020079 5.936e-05
-26.371 0.0002026 5.9896e-05
-26.313 0.00017183 5.3592e-05
-26.255 0.00016081 5.1216e-05
-26.197 0.0001622 5.1661e-05
-26.138 0.00018545 5.6735e-05
-26.08 0.00018606 5.6921e-05
-26.022 0.00020795 6.148e-05
-25.964 0.00019992 6.0084e-05
-25.906 0.00013505 4.6413e-05
-25.848 0.00012469 4.4206e-05
-25.79 0.00022648 6.5942e-05
-25.732 0.00020676 6.214e-05
-25.674 0.00027756 7.6739e-05
-25.616 0.00027917 7.7184e-05
-25.558 0.00015133 5.0575e-05
-25.5 0.00014162 4.867e-05
-25.442 0.00013044 4.6242e-05
-25.384 0.00027338 7.6474e-05
-25.326 0.00022714 6.7153e-05
-25.268 0.00015601 5.2141e-05
-25.21 0.00026747 7.5759e-05
-25.152 0.00018271 5.8192e-05
-25.094 0.00019511 6.0853e-05
-25.036 0.00018403 5.8614e-05
-24.978 0.00014869 5.11e-05
-24.92 0.00028596 7.9994e-05
-24.862 0.00018534 5.9031e-05
-24.804 0.00022867 6.8727e-05
-24.746 0.00026648 7.649e-05
-24.688 0.00024245 7.1679e-05
-24.63 0.00014093 4.9962e-05
-24.572 0.00011586 4.4251e-05
-24.514 0.00016969 5.6712e-05
-24.456 0.00028672 8.1212e-05
-24.398 0.00024763 7.321e-05
-24.34 0.0002107 6.5715e-05
-24.282 0.00015944 5.4794e-05
-24.224 0.00029132 8.2514e-05
-24.166 0.0002387 7.174e-05
-24.108 0.00012112 4.6262e-05
-24.05 0.00022972 7.0278e-05
-23.992 0.00013488 4.9517e-05
-23.934 0.00024525 7.371e-05
-23.876 0.00016429 5.6459e-05
-23.818 0.00017897 5.9812e-05
-23.76 0.00027336 7.9591e-05
-23.702 0.00019296 6.2881e-05
-23.644 0.00022181 6.9178e-05
-23.586 0.00022432 6.9963e-05
-23.528 0.00019473 6.3461e-05
-23.47 0.00019502 6.3555e-05
-23.412 0.00019594 6.3853e-05
-23.353 0.00015462 5.4816e-05
-23.295 0.0002108 6.7138e-05
-23.237 0.00026943 7.9654e-05
-23.179 0.00019851 6.469e-05
-23.121 0.00019977 6.5103e-05
-23.063 0.00014331 5.2612e-05
-23.005 0.00018458 6.1688e-05
-22.947 0.00025759 7.7416e-05
-22.889 0.00015931 5.6477e-05
-22.831 0.00015928 5.6466e-05
-22.773 0.00023092 7.2019e-05
-22.715 0.00020373 6.6392e-05
-22.657 0.0001463 5.3709e-05
-22.599 0.00017559 6.0343e-05
-22.541 0.00016129 5.7179e-05
-22.483 0.00016279 5.7713e-05
-22.425 0.00022259 7.0895e-05
-22.367 0.00023952 7.4703e-05
-22.309 0.00020943 6.8249e-05
-22.251 0.00019554 6.5351e-05
-22.193 0.00022669 7.22e-05
-22.135 0.00021049 6.8595e-05
-22.077 0.00024004 7.4866e-05
-22.019 0.00013517 5.1627e-05
-21.961 0.00016848 5.9728e-05
-21.903 0.00036465 0.00010082
-21.845 0.00010726 4.5204e-05
-21.787 0.00015365 5.6405e-05
-21.729 0.00021615 7.0438e-05
-21.671 0.00021537 7.0185e-05
-21.613 0.00019916 6.656e-05
-21.555 0.0001402 5.355e-05
-21.497 0.00015634 5.7395e-05
-21.439 0.00012558 5.0197e-05
-21.381 0.00017175 6.0889e-05
-21.323 0.00014143 5.4017e-05
-21.265 0.00017485 6.1986e-05
-21.207 0.00021918 7.1427e-05
-21.149 0.00015657 5.7479e-05
-21.091 0.00015775 5.7911e-05
-21.033 0.00014299 5.4616e-05
-20.975 0.00019039 6.5431e-05
-20.917 0.00025427 7.9302e-05
-20.859 0.0001606 5.8958e-05
-20.801 0.00019202 6.5992e-05
-20.743 0.00028696 8.6244e-05
-20.685 0.00027279 8.3456e-05
-20.626 0.0002404 7.6567e-05
-20.568 0.00019406 6.669e-05
-20.51 0.00035567 0.00010074
-20.452 0.00016055 5.8941e-05
-20.394 0.00032204 9.3763e-05
-20.336 0.00022771 7.4207e-05
-20.278 0.00019559 6.7218e-05
-20.22 0.00022767 7.4194e-05
-20.162 0.00034479 9.8968e-05
-20.104 0.00018035 6.3937e-05
-20.046 0.000264 8.2337e-05
-19.988 8.2263e-05 3.9859e-05
-19.93 0.00013238 5.2913e-05
-19.872 0.00018443 6.5383e-05
-19.814 0.00031577 9.3355e-05
-19.756 0.00026507 8.2671e-05
-19.698 0.00023162 7.548e-05
-19.64 0.0003026 9.0945e-05
-19.582 0.00026638 8.3081e-05
-19.524 0.00025101 7.9947e-05
-19.466 0.00021862 7.3066e-05
-19.408 0.00023505 7.6598e-05
-19.35 0.00030563 9.1856e-05
-19.292 0.00020221 6.9492e-05
-19.234 0.00020323 6.9844e-05
-19.176 0.00010264 4.6065e-05
-19.118 0.00020436 7.0233e-05
-19.06 0.00013565 5.4221e-05
-19.002 0.00022108 7.3887e-05
-18.944 0.0002376 7.7431e-05
-18.886 0.00015276 5.8345e-05
-18.828 0.00028805 8.8125e-05
-18.77 0.00020755 7.1329e-05
-18.712 0.0001539 5.8783e-05
-18.654 0.00022191 7.4164e-05
-18.596 0.00013658 5.4591e-05
-18.538 0.00017171 6.3039e-05
-18.48 0.00017323 6.3595e-05
-18.422 0.00017291 6.3476e-05
-18.364 0.00015451 5.9015e-05
-18.306 0.00026035 8.2921e-05
-18.248 0.00012189 5.1371e-05
-18.19 0.00013918 5.5631e-05
-18.132 6.9308e-05 3.6985e-05
-18.074 0.0001045 4.6903e-05
-18.016 0.00014057 5.6189e-05
-17.958 0.00031333 9.417e-05
-17.9 0.00013962 5.5808e-05
-17.841 0.00022824 7.6281e-05
-17.783 0.00010633 4.7722e-05
-17.725 0.00021165 7.2737e-05
-17.667 0.00022665 7.5749e-05
-17.609 0.00016013 6.1162e-05
-17.551 0.00021257 7.3054e-05
-17.493 0.00014198 5.6751e-05
-17.435 0.00022984 7.6815e-05
-17.377 0.00010646 4.778e-05
-17.319 0.00021467 7.3774e-05
-17.261 0.00023186 7.7489e-05
-17.203 0.00012445 5.245e-05
-17.145 0.0001442 5.7638e-05
-17.087 0.00017842 6.5502e-05
-17.029 0.00023266 7.7757e-05
-16.971 0.00031992 9.6151e-05
-16.913 0.00023423 7.8281e-05
-16.855 0.00018095 6.6431e-05
-16.797 0.00025052 8.1642e-05
-16.739 0.00024929 8.1239e-05
-16.681 0.00019879 7.0473e-05
-16.623 0.00019742 6.9988e-05
-16.565 0.00016188 6.183e-05
-16.507 0.00019859 7.0405e-05
-16.449 0.00025213 8.2164e-05
-16.391 0.00016381 6.2566e-05
-16.333 0.00017977 6.5997e-05
-16.275 0.00030901 9.4536e-05
-16.217 0.00016376 6.2549e-05
-16.159 0.0001816 6.6668e-05
-16.101 0.0001085 4.8699e-05
-16.043 0.00016376 6.2549e-05
-15.985 9.0804e-05 4.3998e-05
-15.927 0.00014652 5.8564e-05
-15.869 0.00014626 5.8462e-05
-15.811 0.00021687 7.4529e-05
-15.753 0.00019999 7.0898e-05
-15.695 0.00020268 7.1852e-05
-15.637 0.00021976 7.5523e-05
-15.579 0.00014728 5.8871e-05
-15.521 0.00021891 7.5232e-05
-15.463 0.00014796 5.9143e-05
-15.405 0.00014738 5.8911e-05
-15.347 0.00029339 9.1505e-05
-15.289 0.00023979 8.014e-05
-15.231 0.00016804 6.4183e-05
-15.173 0.00016697 6.3772e-05
-15.114 0.00018534 6.8042e-05
-15.056 0.00022155 7.6137e-05
-14.998 0.00027853 8.8711e-05
-14.94 0.00022436 7.7103e-05
-14.882 0.00016678 6.37e-05
-14.824 0.00016716 6.3847e-05
-14.766 0.00020624 7.3115e-05
-14.708 0.00035271 0.00010428
-14.65 0.00020371 7.2217e-05
-14.592 0.00014968 5.983e-05
-14.534 0.00026186 8.5335e-05
-14.476 0.0002253 7.7426e-05
-14.418 0.00022436 7.7105e-05
-14.36 0.00031713 9.702e-05
-14.302 0.00026328 8.5799e-05
-14.244 0.00026172 8.529e-05
-14.186 0.00020412 7.2364e-05
-14.128 0.00011266 5.0564e-05
-14.07 0.00026295 8.569e-05
-14.012 0.00026452 8.6203e-05
-13.954 0.00029858 9.3122e-05
-13.896 0.00020551 7.2857e-05
-13.838 0.00024719 8.2614e-05
-13.78 0.00019032 6.9868e-05
-13.722 0.00035744 0.00010567
-13.664 0.00028591 9.1062e-05
-13.606 0.00022859 7.856e-05
-13.548 3.7795e-05 2.7639e-05
-13.49 0.00024459 8.1743e-05
-13.432 0.00017114 6.5365e-05
-13.374 0.00022942 7.8844e-05
-13.316 0.00022803 7.8367e-05
-13.258 0.00017081 6.524e-05
-13.2 0.00022869 7.8592e-05
-13.142 0.0002299 7.9009e-05
-13.084 0.00024602 8.2223e-05
-13.026 0.00035888 0.0001061
-12.968 0.00026652 8.6855e-05
-12.91 0.00030733 9.5851e-05
-12.852 0.00030521 9.5191e-05
-12.794 0.0002285 7.8528e-05
-12.736 0.00023032 7.9154e-05
-12.678 0.0002498 8.3484e-05
-12.62 0.000268 8.7336e-05
-12.562 0.00017143 6.5476e-05
-12.504 0.00024904 8.3232e-05
-12.446 0.00031029 9.6774e-05
-12.388 0.0003271 0.00010007
-12.329 0.00015257 6.0985e-05
-12.271 0.00019311 7.0894e-05
-12.213 0.0003478 0.00010453
-12.155 0.0001348 5.6811e-05
-12.097 0.00025043 8.3696e-05
-12.039 0.00030749 9.59e-05
-11.981 0.00032954 0.00010082
-11.923 0.00033048 0.00010111
-11.865 0.00015283 6.109e-05
-11.807 0.00025196 8.4209e-05
-11.749 0.00019455 7.1421e-05
-11.691 0.00021103 7.4814e-05
-11.633 0.00032844 0.00010048
-11.575 0.00023061 7.9253e-05
-11.517 0.00025409 8.492e-05
-11.459 0.00015399 6.1553e-05
-11.401 0.00023223 7.9808e-05
-11.343 0.00037081 0.00010963
-11.285 0.00038999 0.00011355
-11.227 0.00013493 5.6869e-05
-11.169 0.00021247 7.5322e-05
-11.111 0.00033069 0.00010117
-11.053 0.00027266 8.8855e-05
-10.995 0.00027406 8.9311e-05
-10.937 0.00028994 9.2343e-05
-10.879 0.00037129 0.00010977
-10.821 0.00021495 7.6202e-05
-10.763 0.00029273 9.3233e-05
-10.705 0.00019317 7.0915e-05
-10.647 0.00021576 7.6489e-05
-10.589 0.0001777 6.7871e-05
-10.531 0.00027336 8.9083e-05
-10.473 0.00017502 6.6848e-05
-10.415 0.00019656 7.2158e-05
-10.357 0.00011755 5.2761e-05
-10.299 0.0001365 5.7531e-05
-10.241 0.0002551 8.5257e-05
-10.183 0.00027348 8.9123e-05
-10.125 0.00021669 7.6822e-05
-10.067 0.00027602 8.9952e-05
-10.009 0.00019411 7.1262e-05
-9.9506 0.00027484 8.9565e-05
-9.8926 0.00027614 8.9991e-05
-9.8346 0.0002973 9.4688e-05
-9.7766 0.00019568 7.1837e-05
-9.7185 0.00027292 8.8941e-05
-9.6605 0.00021802 7.7291e-05
-9.6025 0.00035388 0.00010636
-9.5445 0.00021453 7.6055e-05
-9.4864 0.00023528 8.0858e-05
-9.4284 0.00031807 9.9202e-05
-9.3704 0.00013945 5.8772e-05
-9.3124 0.0003719 0.00010995
-9.2544 0.00023479 8.069e-05
-9.1963 0.00026334 8.8011e-05
-9.1383 0.00015596 6.2339e-05
-9.0803 0.00019607 7.1981e-05
-9.0223 0.00031734 9.8973e-05
-8.9643 0.00032286 0.0001007
-8.9062 0.00019584 7.1896e-05
-8.8482 0.00019856 7.2892e-05
-8.7902 0.00013795 5.8141e-05
-8.7322 0.00033966 0.00010391
-8.6742 0.00021948 7.781e-05
-8.6161 0.00041471 0.00011904
-8.5581 0.00024069 8.2716e-05
-8.5001 0.00019853 7.2882e-05
-8.4421 0.00021611 7.6616e-05
-8.384 0.00023857 8.1988e-05
-8.326 0.00023576 8.1023e-05
-8.268 0.00033711 0.00010313
-8.21 0.0001985 7.2871e-05
-8.152 0.00029669 9.4494e-05
-8.0939 0.00017754 6.7812e-05
-8.0359 0.00033944 0.00010385
-7.9779 0.00019844 7.2848e-05
-7.9199 9.924e-05 4.8085e-05
-7.8619 0.00023674 8.1358e-05
-7.8038 0.00022054 7.8184e-05
-7.7458 0.00035632 0.00010709
-7.6878 0.00023867 8.2024e-05
-7.6298 0.00037843 0.00011188
-7.5718 0.00020126 7.3885e-05
-7.5137 0.0003002 9.5611e-05
-7.4557 0.00027832 9.0701e-05
-7.3977 0.00034107 0.00010434
-7.3397 0.00040413 0.00011767
-7.2816 0.00032307 0.00010076
-7.2236 0.00029433 9.3743e-05
-7.1656 0.00032578 0.00010161
-7.1076 0.00030482 9.7084e-05
-7.0496 0.00017858 6.8207e-05
-6.9915 0.00033951 0.00010387
-6.9335 0.00032503 0.00010137
-6.8755 0.00045484 0.00012723
-6.8175 0.00032183 0.00010038
-6.7595 0.00033912 0.00010375
-6.7014 0.0002988 9.5165e-05
-6.6434 0.0004093 0.00011917
-6.5854 0.00033512 0.00010253
-6.5274 0.00032281 0.00010068
-6.4694 0.00043055 0.00012195
-6.4113 0.00030737 9.7896e-05
-6.3533 0.00030105 9.5882e-05
-6.2953 0.00036075 0.00010842
-6.2373 0.00025509 8.5253e-05
-6.1792 0.00016598 6.6346e-05
-6.1212 0.00033535 0.00010259
-6.0632 0.00043886 0.00012431
-6.0052 0.00024398 8.3846e-05
-5.9472 0.00026122 8.7302e-05
-5.8891 0.00044316 0.00012552
-5.8311 0.00044197 0.00012518
-5.7731 0.00043377 0.00012286
-5.7151 0.000313 9.969e-05
-5.6571 0.00033412 0.00010222
-5.599 0.00036058 0.00010837
-5.541 0.00020504 7.5271e-05
-5.483 0.00036316 0.00010915
-5.425 0.00029788 9.4874e-05
-5.3669 0.00041621 0.00011947
-5.3089 0.00034697 0.00010615
-5.2509 0.00042831 0.00012294
-5.1929 0.00021478 7.6144e-05
-5.1349 0.00030176 9.611e-05
-5.0768 0.00035979 0.00010813
-5.0188 0.00028694 9.351e-05
-4.9608 0.00043974 0.00012455
-4.9028 0.00031922 9.9559e-05
-4.8448 0.0004069 0.00011847
-4.7867 0.00041627 0.00011949
-4.7287 0.00046041 0.00012879
-4.6707 0.00040547 0.00011806
-4.6127 0.00031631 9.8651e-05
-4.5547 0.00023957 8.2332e-05
-4.4966 0.00058977 0.00015521
-4.4386 0.00046647 0.00013049
-4.3806 0.00045834 0.00012821
-4.3226 0.00032047 9.9949e-05
-4.2645 0.00052938 0.00014326
-4.2065 0.00060625 0.00015821
-4.1485 0.00028272 9.2134e-05
-4.0905 0.00038226 0.00011301
-4.0325 0.00052196 0.00014125
-3.9744 0.00034146 0.00010446
-3.9164 0.00048681 0.00013459
-3.8584 0.00030699 9.7774e-05
-3.8004 0.0004981 0.0001362
-3.7424 0.00053653 0.00014378
-3.6843 0.00032298 0.00010073
-3.6263 0.00079844 0.00019625
-3.5683 0.00055234 0.00014801
-3.5103 0.00051019 0.00013807
-3.4523 0.00039325 0.0001145
-3.3942 0.00052079 0.00014241
-3.3362 0.00041016 0.00011942
-3.2782 0.00044335 0.00012402
-3.2202 0.0004984 0.00013779
-3.1621 0.00050533 0.00013971
-3.1041 0.00053804 0.00014285
-3.0461 0.0005831 0.00015481
-2.9881 0.00053874 0.00014579
-2.9301 0.00059244 0.00015338
-2.872 0.00044983 0.00012912
-2.814 0.00083115 0.00020022
-2.756 0.00058218 0.00015601
-2.698 0.00055378 0.00014702
-2.64 0.00065918 0.00016816
-2.5819 0.00081519 0.0001993
-2.5239 0.00058281 0.00015337
-2.4659 0.00066991 0.00017213
-2.4079 0.00061795 0.00015999
-2.3499 0.00060465 0.00015655
-2.2918 0.00065865 0.00017333
-2.2338 0.00044757 0.00012238
-2.1758 0.00059587 0.00015968
-2.1178 0.00068867 0.00017224
-2.0597 0.00073568 0.00018289
-2.0017 0.00069279 0.00017936
-1.9437 0.00076661 0.00018555
-1.8857 0.00080192 0.0001982
-1.8277 0.00081398 0.00020235
-1.7696 0.0007276 0.00017527
-1.7116 0.00078489 0.00020022
-1.6536 0.000802 0.00019608
-1.5956 0.00092972 0.00022011
-1.5376 0.0009762 0.00022535
-1.4795 0.0013215 0.00030316
-1.4215 0.0010651 0.00024668
-1.3635 0.0015108 0.00033198
-1.3055 0.0017653 0.00037312
-1.2475 0.0024586 0.0005154
-1.1894 0.0025774 0.00052899
-1.1314 0.0032382 0.00066462
-1.0734 0.0037891 0.00075815
-1.0154 0.0043455 0.00085908
-0.95735 0.0051282 0.0010082
-0.89933 0.0061303 0.0011953
-0.84131 0.0064167 0.0012458
-0.78328 0.0076908 0.0014863
-0.72526 0.0083208 0.0016027
-0.66724 0.0088123 0.0016971
-0.60922 0.0092718 0.0017906
-0.5512 0.0092345 0.0017806
-0.49318 0.0095259 0.0018242
-0.43516 0.010045 0.0019189
-0.37714 0.0097058 0.0018618
-0.31912 0.0085177 0.001646
-0.26109 0.00927 0.0017984
-0.20307 0.008028 0.001542
-0.14505 0.008843 0.0016989
-0.087032 0.0080904 0.001571
-0.029011 0.0077684 0.001499
0.029011 0.0072719 0.0014183
0.087032 0.0062333 0.0012118
0.14505 0.0044617 0.00087679
0.20307 0.0043878 0.00088745
0.26109 0.0035725 0.00072256
0.31912 0.0029859 0.00060687
0.37714 0.0027646 0.00055941
0.43516 0.0020022 0.00041933
0.49318 0.0019984 0.00042865
0.5512 0.0013187 0.00030163
0.60922 0.001074 0.00024875
0.66724 0.0010287 0.00023826
0.72526 0.0011867 0.00026988
0.78328 0.00093636 0.00021996
0.84131 0.0008696 0.00020852
0.89933 0.00073411 0.0001825
0.95735 0.00083222 0.00019868
1.0154 0.00065664 0.00016872
1.0734 0.00079538 0.00020151
1.1314 0.00074982 0.0001843
1.1894 0.00058802 0.00015913
1.2475 0.000646 0.00016059
1.3055 0.00055325 0.00014826
1.3635 0.0006991 0.00017595
1.4215 0.00047426 0.00013808
1.4795 0.00039656 0.00011232
1.5376 0.00056415 0.00014978
1.5956 0.00080968 0.00019795
1.6536 0.00055216 0.00015446
1.7116 0.00045322 0.00012145
1.7696 0.00067405 0.00017591
1.8277 0.00075932 0.00018991
1.8857 0.00054106 0.0001412
1.9437 0.0005536 0.00015306
2.0017 0.00049278 0.00013475
2.0597 0.00052611 0.00014098
2.1178 0.00063634 0.00016894
2.1758 0.00039361 0.00011149
2.2338 0.00064615 0.00017155
2.2918 0.00046628 0.00012892
2.3499 0.00059396 0.00015631
2.4079 0.00059326 0.00015612
2.4659 0.00052013 0.00014223
2.5239 0.0005422 0.00014529
2.5819 0.00037054 0.00011136
2.64 0.00053162 0.00014246
2.698 0.00032886 0.00010474
2.756 0.00034681 0.00010423
2.814 0.00051741 0.00014305
2.872 0.00030983 9.663e-05
2.9301 0.00045479 0.00012882
2.9881 0.00029537 9.6257e-05
3.0461 0.00032936 0.00010076
3.1041 0.00044672 0.00012823
3.1621 0.00044117 0.00012663
3.2202 0.00030895 9.6356e-05
3.2782 0.00043647 0.00012529
3.3362 0.0004421 0.0001269
3.3942 0.00045787 0.00012808
3.4523 0.0003973 0.00011568
3.5103 0.000416 0.00012112
3.5683 0.00031202 9.9377e-05
3.6263 0.00042424 0.00012177
3.6843 0.00042226 0.0001212
3.7424 0.00044556 0.0001262
3.8004 0.00027041 9.0374e-05
3.8584 0.00028968 9.4401e-05
3.9164 0.00034628 0.00010594
3.9744 0.00036562 0.00010989
4.0325 0.00034591 0.00010582
4.0905 0.00030686 9.7734e-05
4.1485 0.00024434 8.3971e-05
4.2065 0.0003084 9.8225e-05
4.2645 0.0003887 0.00011492
4.3226 0.00032175 0.00010035
4.3806 0.00028787 9.3813e-05
4.4386 0.00028974 9.4422e-05
4.4966 0.0003052 9.7205e-05
4.5547 0.00042279 0.00012136
4.6127 0.00030979 9.8667e-05
4.6707 0.00018218 6.9581e-05
4.7287 0.00024009 8.2512e-05
4.7867 0.00028975 9.4424e-05
4.8448 0.00034376 0.00010517
4.9028 0.00026545 8.8715e-05
4.9608 0.0002921 9.5191e-05
5.0188 0.00012174 5.4641e-05
5.0768 0.00036979 0.00011114
5.1349 0.00037776 0.00011168
5.1929 0.00029149 9.4991e-05
5.2509 0.00022721 8.0551e-05
5.3089 0.00030489 9.7107e-05
5.3669 0.00038226 0.00011301
5.425 0.00025012 8.5957e-05
5.483 0.00025028 8.6012e-05
5.541 0.00024257 8.3361e-05
5.599 0.00024108 8.285e-05
5.6571 0.00047071 0.00013333
5.7151 0.00022026 7.8085e-05
5.7731 0.0002658 8.8834e-05
5.8311 0.00026948 9.0063e-05
5.8891 0.00022453 7.96e-05
5.9472 0.00022957 8.1388e-05
6.0052 0.00024698 8.4879e-05
6.0632 0.00018036 6.889e-05
6.1212 0.00021284 7.8138e-05
6.1792 0.00022183 7.8643e-05
6.2373 0.00024709 8.4917e-05
6.2953 0.0003041 9.6854e-05
6.3533 0.00025387 8.7248e-05
6.4113 0.00012038 5.4028e-05
6.4694 0.00035201 0.00010769
6.5274 0.00028204 9.1912e-05
6.5854 0.00021114 7.7511e-05
6.6434 0.00012327 5.5326e-05
6.7014 0.00018364 7.0141e-05
6.7595 0.00032871 0.00010252
6.8175 0.00024184 8.3112e-05
6.8755 0.00031152 9.9218e-05
6.9335 0.00020365 7.4761e-05
6.9915 0.00018359 7.012e-05
7.0496 0.00035459 0.00010848
7.1076 0.00018711 7.1467e-05
7.1656 0.00026315 8.7947e-05
7.2236 0.00036953 0.00011106
7.2816 0.00024901 8.5578e-05
7.3397 0.00014555 6.1344e-05
7.3977 0.00020201 7.416e-05
7.4557 0.00016411 6.5598e-05
7.5137 0.00026785 8.9516e-05
7.5718 0.00018571 7.093e-05
7.6298 0.00043176 0.00012393
7.6878 0.00037011 0.00011124
7.7458 0.00024487 8.4153e-05
7.8038 0.00012286 5.514e-05
7.8619 0.00024533 8.4313e-05
7.9199 0.00030548 9.7295e-05
7.9779 0.00030614 9.7504e-05
8.0359 0.00028207 9.1922e-05
8.0939 0.00026234 8.7676e-05
8.152 0.00024685 8.4834e-05
8.21 0.00018407 7.0305e-05
8.268 0.00024389 8.3815e-05
8.326 0.00016283 6.5085e-05
8.384 0.00016193 6.4725e-05
8.4421 0.0002241 7.9445e-05
8.5001 0.00026888 8.9862e-05
8.5581 0.0002607 8.7129e-05
8.6161 0.00020557 7.5469e-05
8.6742 0.00028808 9.3882e-05
8.7322 0.00020294 7.45e-05
8.7902 0.0002037 7.4779e-05
8.8482 0.00028365 9.2438e-05
8.9062 0.00022869 8.1075e-05
8.9643 0.00014236 6e-05
9.0223 0.0003045 9.6983e-05
9.0803 0.0002219 7.8667e-05
9.1383 0.00032947 0.00010276
9.1963 0.00020216 7.4215e-05
9.2544 0.00024231 8.3273e-05
9.3124 0.00014305 6.029e-05
9.3704 0.00020426 7.4988e-05
9.4284 0.00022269 7.8947e-05
9.4864 0.00024217 8.3227e-05
9.5445 0.00026222 8.7635e-05
9.6025 0.00020539 7.5401e-05
9.6605 0.0001618 6.4673e-05
9.7185 0.00020197 7.4145e-05
9.7766 0.00018457 7.0497e-05
9.8346 0.0001214 5.4485e-05
9.8926 0.00032463 0.00010125
9.9506 0.00016066 6.4218e-05
10.009 0.0002232 7.9127e-05
10.067 0.0002447 8.4094e-05
10.125 0.00024184 8.3111e-05
10.183 0.00016194 6.4728e-05
10.241 0.00028193 9.1878e-05
10.299 0.00026378 8.8156e-05
10.357 0.00020306 7.4545e-05
10.415 9.9452e-05 4.8188e-05
10.473 0.0002015 7.3974e-05
10.531 0.00010182 4.9336e-05
10.589 0.00012156 5.4558e-05
10.647 0.00024048 8.2643e-05
10.705 0.00022278 7.8978e-05
10.763 0.00020243 7.4313e-05
10.821 0.00014115 5.9489e-05
10.879 0.00013927 5.8698e-05
10.937 0.00026218 8.7622e-05
10.995 0.00016058 6.4188e-05
11.053 0.00019922 7.3136e-05
11.111 0.00010004 4.8474e-05
11.169 0.0003216 0.0001003
11.227 0.00020146 7.3957e-05
11.285 0.00020146 7.3959e-05
11.343 0.00011982 5.378e-05
11.401 0.00023936 8.226e-05
11.459 0.00014151 5.9641e-05
11.517 0.00017994 6.8726e-05
11.575 0.00021993 7.797e-05
11.633 0.00016021 6.4038e-05
11.691 0.00012047 5.407e-05
11.749 0.00022161 7.8565e-05
11.807 0.00013914 5.8643e-05
11.865 0.00014121 5.9513e-05
11.923 0.00014136 5.9579e-05
11.981 0.00013931 5.8712e-05
12.039 0.00028015 9.1296e-05
12.097 0.00021894 7.7618e-05
12.155 0.00014153 5.9649e-05
12.213 0.00021952 7.7823e-05
12.271 0.00019823 7.2773e-05
12.329 0.00012034 5.4011e-05
12.388 0.00022027 7.8088e-05
12.446 0.00015886 6.3499e-05
12.504 0.00011831 5.3098e-05
12.562 0.00023648 8.1271e-05
12.62 0.00025895 8.6543e-05
12.678 0.0002371 8.1483e-05
12.736 0.00013705 5.776e-05
12.794 0.00013738 5.7901e-05
12.852 0.00019761 7.2544e-05
12.91 0.00017603 6.7234e-05
12.968 0.0001957 7.1845e-05
13.026 0.00025587 8.5513e-05
13.084 0.00021495 7.6202e-05
13.142 0.00019558 7.1802e-05
13.2 0.00019498 7.1579e-05
13.258 0.00011804 5.298e-05
13.316 7.8642e-05 4.1966e-05
13.374 0.00015644 6.253e-05
13.432 0.00013586 5.726e-05
13.49 0.00023453 8.06e-05
13.548 0.00021559 7.6429e-05
13.606 9.76e-05 4.729e-05
13.664 0.00029142 9.2814e-05
13.722 0.00029414 9.3682e-05
13.78 0.00027412 8.9331e-05
13.838 0.00015608 6.2386e-05
13.896 0.00011741 5.2694e-05
13.954 0.00017519 6.6914e-05
14.012 0.0001761 6.726e-05
14.07 0.00021448 7.6036e-05
14.128 0.00017448 6.6641e-05
14.186 0.00027254 8.8817e-05
14.244 0.00015564 6.2213e-05
14.302 0.00015545 6.2134e-05
14.36 0.00023145 7.9542e-05
14.418 0.00019357 7.1062e-05
14.476 0.00025028 8.3646e-05
14.534 0.00017385 6.6403e-05
14.592 0.00015438 6.1709e-05
14.65 0.00011618 5.2142e-05
14.708 0.00025437 8.5013e-05
14.766 0.00027201 8.8644e-05
14.824 0.00011472 5.1487e-05
14.882 0.0002526 8.442e-05
14.94 0.00013545 5.7087e-05
14.998 0.00022959 7.8901e-05
15.056 0.00018944 6.9547e-05
15.114 0.00021189 7.5118e-05
15.173 7.6875e-05 4.1023e-05
15.231 0.00015383 6.1488e-05
15.289 0.00020817 7.38e-05
15.347 0.00013432 5.6612e-05
15.405 0.00011504 5.163e-05
15.463 0.00024737 8.2674e-05
15.521 0.00020882 7.4031e-05
15.579 0.00013374 5.6365e-05
15.637 0.00011457 5.1419e-05
15.695 0.00022759 7.8214e-05
15.753 0.00020733 7.3502e-05
15.811 0.00022708 7.804e-05
15.869 0.00026709 8.7039e-05
15.927 0.00013159 5.5459e-05
15.985 0.00022644 7.7818e-05
16.043 5.6513e-05 3.4288e-05
16.101 0.00022771 7.8257e-05
16.159 0.00015189 6.0714e-05
16.217 7.5164e-05 4.0111e-05
16.275 0.0001699 6.4894e-05
16.333 0.00016949 6.4736e-05
16.391 0.0001131 5.076e-05
16.449 0.00013003 5.4803e-05
16.507 0.00013111 5.5256e-05
16.565 0.00026217 8.5437e-05
16.623 0.00022336 7.6761e-05
16.681 0.0001856 6.8138e-05
16.739 0.00014766 5.9023e-05
16.797 0.00011186 5.0207e-05
16.855 0.00011092 4.9784e-05
16.913 0.00018316 6.7239e-05
16.971 0.0002033 7.2072e-05
17.029 0.00014866 5.9423e-05
17.087 0.00014741 5.892e-05
17.145 0.00032896 9.8867e-05
17.203 0.0002032 7.2037e-05
17.261 9.2578e-05 4.4857e-05
17.319 0.0001842 6.7621e-05
17.377 0.00025516 8.3153e-05
17.435 0.00012766 5.3804e-05
17.493 0.00018451 6.7738e-05
17.551 0.00014632 5.8485e-05
17.609 0.00014465 5.7819e-05
17.667 0.00021919 7.5327e-05
17.725 0.00023647 7.903e-05
17.783 0.00012719 5.3604e-05
17.841 0.00023573 7.8782e-05
17.9 0.00012637 5.3259e-05
17.958 7.2593e-05 3.8739e-05
18.016 0.00012573 5.2989e-05
18.074 0.00014228 5.687e-05
18.132 0.00012618 5.3182e-05
18.19 0.00021524 7.397e-05
18.248 0.00021534 7.4006e-05
18.306 0.00010643 4.7768e-05
18.364 0.00023324 7.7952e-05
18.422 7.146e-05 3.8134e-05
18.48 0.00014244 5.6934e-05
18.538 5.3369e-05 3.238e-05
18.596 0.0001409 5.6318e-05
18.654 0.00012489 5.2638e-05
18.712 0.00021391 7.3513e-05
18.77 0.00014112 5.6409e-05
18.828 0.00014152 5.6566e-05
18.886 0.00010678 4.7924e-05
18.944 0.00019338 6.8557e-05
19.002 8.7365e-05 4.2331e-05
19.06 0.00012272 5.1723e-05
19.118 0.00012289 5.1794e-05
19.176 0.00017458 6.4092e-05
19.234 0.00015705 5.9984e-05
19.292 0.00012115 5.1061e-05
19.35 0.00017395 6.3861e-05
19.408 0.00015653 5.9787e-05
19.466 0.00018838 6.6785e-05
19.524 0.00022526 7.5283e-05
19.582 0.00019062 6.7576e-05
19.64 0.00010318 4.6308e-05
19.698 0.00022269 7.4424e-05
19.756 0.00015357 5.8655e-05
19.814 0.00010401 4.6683e-05
19.872 0.00015328 5.8546e-05
19.93 0.0001532 5.8514e-05
19.988 0.00017018 6.2475e-05
20.046 0.00018678 6.6217e-05
20.104 0.0002032 6.9832e-05
20.162 0.00016813 6.1723e-05
20.22 0.00017008 6.2439e-05
20.278 0.00022069 7.3756e-05
20.336 0.00011809 4.9771e-05
20.394 0.00020071 6.8976e-05
20.452 0.00015017 5.7357e-05
20.51 0.00022078 7.3787e-05
20.568 0.00011732 4.9444e-05
20.626 0.00018126 6.4258e-05
20.685 0.0002297 7.4856e-05
20.743 0.00014881 5.6838e-05
20.801 0.00013224 5.2857e-05
20.859 0.00021266 7.1074e-05
20.917 0.00024653 7.8519e-05
20.975 0.00013051 5.2167e-05
21.033 0.00016406 6.0227e-05
21.091 9.7059e-05 4.3562e-05
21.149 0.00016239 5.9617e-05
21.207 0.00013039 5.212e-05
21.265 0.00011341 4.7797e-05
21.323 0.00019231 6.6089e-05
21.381 0.00017777 6.3022e-05
21.439 0.00014567 5.564e-05
21.497 0.00017649 6.2567e-05
21.555 0.0001436 5.4846e-05
21.613 0.00017522 6.2118e-05
21.671 0.00015939 5.8514e-05
21.729 0.00022131 7.2121e-05
21.787 0.00014264 5.4482e-05
21.845 0.00014116 5.3917e-05
21.903 0.00014108 5.3886e-05
21.961 0.00018727 6.4357e-05
22.019 0.00012327 4.9272e-05
22.077 0.00017014 6.0317e-05
22.135 0.00012358 4.9398e-05
22.193 0.00016786 5.9508e-05
22.251 0.00013669 5.2206e-05
22.309 0.00023056 7.3431e-05
22.367 0.0001995 6.6674e-05
22.425 0.00029036 8.5842e-05
22.483 0.00021134 6.8872e-05
22.541 0.00016742 5.9353e-05
22.599 0.00013718 5.2397e-05
22.657 7.554e-05 3.6602e-05
22.715 0.0001642 5.8212e-05
22.773 0.0001808 6.2133e-05
22.831 0.00013589 5.1902e-05
22.889 8.9069e-05 3.9976e-05
22.947 0.00025028 7.6569e-05
23.005 0.00014797 5.4322e-05
23.063 7.3688e-05 3.5704e-05
23.121 0.00020609 6.716e-05
23.179 0.00018937 6.329e-05
23.237 0.00011644 4.6544e-05
23.295 0.00017387 5.9755e-05
23.353 0.00018681 6.2433e-05
23.412 0.00018707 6.2521e-05
23.47 0.00021439 6.8281e-05
23.528 0.00024331 7.4437e-05
23.586 0.00015607 5.5328e-05
23.644 9.9026e-05 4.1736e-05
23.702 0.00021206 6.7539e-05
23.76 0.00016841 5.7878e-05
23.818 0.00023684 7.2457e-05
23.876 0.00013834 5.0786e-05
23.934 8.2967e-05 3.7237e-05
23.992 0.00022079 6.8862e-05
24.05 0.00010978 4.388e-05
24.108 0.00023068 7.0572e-05
24.166 0.00017699 5.9151e-05
24.224 0.00013549 4.9741e-05
24.282 8.0609e-05 3.6179e-05
24.34 9.3238e-05 3.9296e-05
24.398 0.00014715 5.2168e-05
24.456 0.0001067 4.265e-05
24.514 0.00017128 5.7244e-05
24.572 0.00017004 5.683e-05
24.63 0.00022292 6.8198e-05
24.688 0.00011754 4.4896e-05
24.746 0.00011651 4.4499e-05
24.804 0.00016563 5.5354e-05
24.862 0.00015374 5.2835e-05
24.92 0.00019128 6.0922e-05
24.978 0.00017598 5.7351e-05
25.036 0.00023679 7.0006e-05
25.094 0.00013743 4.8721e-05
25.152 0.00012428 4.5626e-05
25.21 0.00018404 5.8615e-05
25.268 0.00014726 5.0608e-05
25.326 0.000122 4.4788e-05
25.384 0.00013317 4.721e-05
25.442 0.00025339 7.2733e-05
25.5 0.00023919 6.9641e-05
25.558 0.00018914 5.8991e-05
25.616 0.00020155 6.166e-05
25.674 0.00012907 4.5756e-05
25.732 0.00016149 5.2626e-05
25.79 0.00013806 4.7447e-05
25.848 0.00013744 4.7233e-05
25.906 0.00021565 6.3755e-05
25.964 0.00022403 6.5227e-05
26.022 0.00020288 6.0976e-05
26.08 0.00023382 6.7116e-05
26.138 0.00014464 4.834e-05
26.197 0.00028636 7.7494e-05
26.255 0.00023052 6.6167e-05
26.313 0.00019745 5.9343e-05
26.371 0.00019482 5.8552e-05
26.429 0.00022512 6.4619e-05
26.487 0.00022313 6.4048e-05
26.545 0.00017962 5.4952e-05
26.603 0.00015611 4.9719e-05
26.661 0.00013307 4.4473e-05
26.719 0.00017414 5.3275e-05
26.777 0.00015235 4.8523e-05
26.835 9.0229e-05 3.4463e-05
26.893 0.00017745 5.3331e-05
26.951 0.00014738 4.6941e-05
27.009 0.00017457 5.2466e-05
27.067 0.00014342 4.5678e-05
27.125 0.000132 4.3016e-05
27.183 0.00029454 7.5682e-05
27.241 0.00015538 4.7537e-05
27.299 0.00010825 3.7203e-05
27.357 0.00026563 6.9321e-05
27.415 0.00023863 6.3945e-05
27.473 0.00018389 5.2783e-05
27.531 0.00016413 4.8523e-05
27.589 0.00017069 4.9698e-05
27.647 0.00017621 5.058e-05
27.705 0.00019792 5.472e-05
27.763 0.00020993 5.6811e-05
27.821 0.00019762 5.4039e-05
27.879 0.00014703 4.3469e-05
27.937 0.00013716 4.1224e-05
27.995 0.00016385 4.6409e-05
28.053 0.00016021 4.5379e-05
28.111 0.00021667 5.6545e-05
28.169 0.00016197 4.5309e-05
28.227 6.2265e-05 2.3782e-05
28.285 9.4805e-05 3.0896e-05
28.343 0.00013835 3.9712e-05
28.401 0.00016919 4.5786e-05
28.459 0.00016922 4.5348e-05
28.517 0.00014046 3.9291e-05
28.575 0.00017748 4.6318e-05
28.633 0.00019221 4.8695e-05
28.691 0.00011816 3.3468e-05
28.749 0.00015737 4.0744e-05
28.807 0.00013764 3.6542e-05
28.865 0.0001971 4.794e-05
28.924 0.00018907 4.5988e-05
28.982 0.00013922 3.5773e-05
29.04 0.00015124 3.7597e-05
29.098 0.00015778 3.8188e-05
29.156 0.00018404 4.2485e-05
29.214 0.00018474 4.1679e-05
29.272 0.00017271 3.8335e-05
29.33 0.00016942 3.6836e-05
29.388 0.00016066 3.313e-05
29.446 0.00017622 3.639e-05
29.504 0 1
29.562 0 1
29.62 0 1
29.678 0 1
