-29.678 0 1
-29.62 0 1
-29.562 0 1
-29.504 0.0019612 0.00028002
-29.446 0.0015209 0.0002218
-29.388 0.0020076 0.00030426
-29.33 0.0017689 0.00028376
-29.272 0.0021828 0.00034648
-29.214 0.0019192 0.00032259
-29.156 0.0022608 0.00037556
-29.098 0.0018018 0.00032254
-29.04 0.0018195 0.00033028
-28.982 0.001544 0.00029827
-28.924 0.0019697 0.00035932
-28.865 0.0020073 0.00036802
-28.807 0.0018903 0.00035617
-28.749 0.0018822 0.00036124
-28.691 0.0016661 0.00033627
-28.633 0.0018541 0.00036572
-28.575 0.0020474 0.00039551
-28.517 0.002008 0.00039324
-28.459 0.0019371 0.00038788
-28.401 0.0019293 0.00038939
-28.343 0.002131 0.00042032
-28.285 0.0020926 0.00041902
-28.227 0.0019144 0.0003964
-28.169 0.0015193 0.00034247
-28.111 0.0018594 0.00039227
-28.053 0.002012 0.0004166
-27.995 0.0022293 0.00044994
-27.937 0.0020834 0.00043138
-27.879 0.0019504 0.00041557
-27.821 0.0020967 0.00043813
-27.763 0.0012945 0.00032418
-27.705 0.0017492 0.00039429
-27.647 0.0018443 0.00041064
-27.589 0.0020553 0.00044246
-27.531 0.0020418 0.00044431
-27.473 0.0019171 0.00042686
-27.415 0.0016721 0.00039249
-27.357 0.0020222 0.00044502
-27.299 0.0017243 0.00040474
-27.241 0.0019904 0.00044318
-27.183 0.0016798 0.0004002
-27.125 0.0022137 0.00048171
-27.067 0.0018749 0.00043389
-27.009 0.0015972 0.00039302
-26.951 0.0017623 0.00041986
-26.893 0.0015697 0.00039309
-26.835 0.001599 0.00040044
-26.777 0.0021365 0.00048158
-26.719 0.0024093 0.00052428
-26.661 0.0018746 0.00044662
-26.603 0.0020712 0.00047933
-26.545 0.0013533 0.00036794
-26.487 0.0016057 0.00040968
-26.429 0.0015398 0.00040071
-26.371 0.0017172 0.00043003
-26.313 0.0018942 0.00045844
-26.255 0.0018908 0.00045762
-26.197 0.0020731 0.00048661
-26.138 0.0022587 0.00051572
-26.08 0.0012589 0.00035998
-26.022 0.0018465 0.00045437
-25.964 0.0017886 0.00044792
-25.906 0.0018987 0.00046722
-25.848 0.002434 0.00054865
-25.79 0.0023447 0.00053536
-25.732 0.0025545 0.00056878
-25.674 0.0016851 0.00043853
-25.616 0.001338 0.0003826
-25.558 0.0016068 0.0004271
-25.5 0.0020816 0.00050378
-25.442 0.0010003 0.00032567
-25.384 0.0019142 0.00047936
-25.326 0.0023836 0.00055163
-25.268 0.0014725 0.00041018
-25.21 0.0014917 0.00041553
-25.152 0.0021484 0.00051995
-25.094 0.0023379 0.00054876
-25.036 0.0012231 0.00037103
-24.978 0.0015204 0.00042351
-24.92 0.0022883 0.00054518
-24.862 0.0021794 0.00052745
-24.804 0.0020459 0.00051235
-24.746 0.00097312 0.00033014
-24.688 0.0024464 0.00057423
-24.63 0.0017685 0.00047007
-24.572 0.0020731 0.00051916
-24.514 0.0024024 0.00057237
-24.456 0.0021988 0.00054104
-24.398 0.0012993 0.00039414
-24.34 0.0013128 0.00039824
-24.282 0.0013246 0.00040181
-24.224 0.0019294 0.00050211
-24.166 0.002339 0.00056607
-24.108 0.0020641 0.00052663
-24.05 0.0025906 0.00060808
-23.992 0.0020687 0.00052781
-23.934 0.0014628 0.00043029
-23.876 0.0016798 0.00046792
-23.818 0.002217 0.0005552
-23.76 0.0031445 0.00069198
-23.702 0.0026423 0.00062022
-23.644 0.0015946 0.00045597
-23.586 0.0011827 0.00038506
-23.528 0.00096001 0.00034105
-23.47 0.0013887 0.00042127
-23.412 0.0016099 0.00046033
-23.353 0.0021559 0.00055005
-23.295 0.0019399 0.00051562
-23.237 0.0021749 0.0005549
-23.179 0.0025009 0.00060526
-23.121 0.0010943 0.00037124
-23.063 0.0015386 0.00045258
-23.005 0.0021776 0.0005556
-22.947 0.0024143 0.00059408
-22.889 0.0016659 0.00047635
-22.831 0.0024429 0.00060111
-22.773 0.00055338 0.00025665
-22.715 0.0016739 0.00047864
-22.657 0.0023561 0.00059002
-22.599 0.0010099 0.00035876
-22.541 0.0022488 0.00057376
-22.483 0.0013619 0.00042727
-22.425 0.0013656 0.00042843
-22.367 0.0010332 0.00036705
-22.309 0.0012619 0.00041085
-22.251 0.0019609 0.00053314
-22.193 0.0020861 0.00055449
-22.135 0.0024212 0.00060635
-22.077 0.0012656 0.00041204
-22.019 0.0014972 0.00045418
-21.961 0.0018793 0.00052349
-21.903 0.0019808 0.00053853
-21.845 0.002115 0.00056218
-21.787 0.0011783 0.00039973
-21.729 0.0020127 0.00054722
-21.671 0.0018875 0.00052579
-21.613 0.0016448 0.0004838
-21.555 0.0022698 0.0005907
-21.497 0.0020382 0.00055414
-21.439 0.00084267 0.0003349
-21.381 0.0016763 0.00049308
-21.323 0.0022896 0.00059585
-21.265 0.0017065 0.00050197
-21.207 0.0024011 0.00061262
-21.149 0.0014408 0.00045203
-21.091 0.0014517 0.00045543
-21.033 0.0015839 0.00048048
-20.975 0.0015817 0.0004798
-20.917 0.0014624 0.00045881
-20.859 0.0024632 0.00062844
-20.801 0.0019634 0.00054693
-20.743 0.0017116 0.00050345
-20.685 0.0018458 0.0005278
-20.626 0.0031955 0.00073952
-20.568 0.0014881 0.00046688
-20.51 0.0011158 0.00039639
-20.452 0.0017237 0.00050703
-20.394 0.0014817 0.00046487
-20.336 0.0023699 0.00061674
-20.278 0.0018749 0.00053611
-20.22 0.0011224 0.00039873
-20.162 0.0018886 0.00054003
-20.104 0.0010059 0.00037648
-20.046 0.002151 0.00058482
-19.988 0.0016402 0.00049754
-19.93 0.0021572 0.00058649
-19.872 0.0016715 0.00050703
-19.814 0.0017843 0.00052485
-19.756 0.0020327 0.00056623
-19.698 0.0016493 0.00050031
-19.64 0.0021916 0.00059585
-19.582 0.0016598 0.00050348
-19.524 0.0026949 0.00067488
-19.466 0.0018055 0.00053109
-19.408 0.0021887 0.00059507
-19.35 0.0014323 0.00046633
-19.292 0.0016799 0.00050959
-19.234 0.0018183 0.00053485
-19.176 0.0018365 0.00054021
-19.118 0.001306 0.00044307
-19.06 0.0019505 0.00055772
-19.002 0.0014346 0.00046707
-18.944 0.0020824 0.00058007
-18.886 0.0010413 0.00038974
-18.828 0.0016892 0.00051241
-18.77 0.0013264 0.00044998
-18.712 0.0024916 0.00064842
-18.654 0.0024872 0.00064727
-18.596 0.0019638 0.00056152
-18.538 0.0019752 0.0005648
-18.48 0.0018598 0.00054706
-18.422 0.0025193 0.00065563
-18.364 0.0019748 0.00056468
-18.306 0.00093172 0.0003703
-18.248 0.0017359 0.00052658
-18.19 0.0017344 0.00052611
-18.132 0.0019931 0.00056991
-18.074 0.0020035 0.00057288
-18.016 0.0017517 0.00053138
-17.958 0.0014684 0.00047808
-17.9 0.0022752 0.00061859
-17.841 0.0010771 0.00040316
-17.783 0.0016308 0.00051163
-17.725 0.0020288 0.00058013
-17.667 0.0021392 0.0005959
-17.609 0.0015009 0.00048867
-17.551 0.0024452 0.00064995
-17.493 0.0025859 0.00067296
-17.435 0.001627 0.00051044
-17.377 0.0023131 0.00062887
-17.319 0.0010975 0.00041078
-17.261 0.0012309 0.0004373
-17.203 0.0010907 0.00040823
-17.145 0.0017969 0.00054509
-17.087 0.0019156 0.00056347
-17.029 0.0030194 0.00074298
-16.971 0.0017719 0.00053749
-16.913 0.0013817 0.00046875
-16.855 0.0013877 0.00047078
-16.797 0.00096059 0.00038177
-16.739 0.002731 0.00069678
-16.681 0.0024945 0.00066304
-16.623 0.0020645 0.00059031
-16.565 0.0015173 0.000494
-16.507 0.0020768 0.00059383
-16.449 0.0016573 0.00051994
-16.391 0.0018145 0.00055042
-16.333 0.0019301 0.00056773
-16.275 0.0018121 0.00054969
-16.217 0.0016745 0.00052534
-16.159 0.0015319 0.00049876
-16.101 0.0012481 0.0004434
-16.043 0.0025117 0.00066761
-15.985 0.0012534 0.00044528
-15.927 0.0018258 0.00055385
-15.869 0.0025236 0.00067078
-15.811 0.0019403 0.00057072
-15.753 0.0015336 0.00049932
-15.695 0.0016956 0.00053195
-15.637 0.0021066 0.00060235
-15.579 0.0014118 0.00047897
-15.521 0.0012591 0.00044729
-15.463 0.0012765 0.00045349
-15.405 0.0012715 0.00045171
-15.347 0.0025312 0.00067279
-15.289 0.0019803 0.00058251
-15.231 0.001575 0.0005128
-15.173 0.002134 0.0006102
-15.114 0.0028427 0.00072527
-15.056 0.0011326 0.00042394
-14.998 0.00071199 0.00033021
-14.94 0.0014337 0.00048641
-14.882 0.001279 0.00045436
-14.824 0.0014244 0.00048322
-14.766 0.0010065 0.0004
-14.708 0.0011389 0.00042627
-14.65 0.0018462 0.00056003
-14.592 0.0014348 0.00048677
-14.534 0.0012909 0.0004586
-14.476 0.00086385 0.00036829
-14.418 0.0022941 0.00063903
-14.36 0.00071528 0.00033173
-14.302 0.0011537 0.00043183
-14.244 0.0012902 0.00045836
-14.186 0.0021345 0.00061035
-14.128 0.0020159 0.00059297
-14.07 0.0020164 0.00059314
-14.012 0.00072447 0.000336
-13.954 0.0020035 0.00058932
-13.896 0.001576 0.00051311
-13.838 0.001604 0.00052224
-13.78 0.0021892 0.00062599
-13.722 0.0017312 0.00054314
-13.664 0.0010232 0.00040665
-13.606 0.0013148 0.00046707
-13.548 0.0013043 0.00046334
-13.49 0.0014428 0.00048948
-13.432 0.002479 0.00067398
-13.374 0.0014661 0.00049739
-13.316 0.0014573 0.00049439
-13.258 0.0014554 0.00049376
-13.2 0.0013153 0.00046727
-13.142 0.00088151 0.00037582
-13.084 0.001161 0.00043456
-13.026 0.0027521 0.00071622
-12.968 0.00072995 0.00033854
-12.91 0.0013257 0.00047096
-12.852 0.0013166 0.00046772
-12.794 0.0017523 0.00054975
-12.736 0.0014719 0.00049935
-12.678 0.0022103 0.00063202
-12.62 0.0011744 0.00043956
-12.562 0.00087641 0.00037364
-12.504 0.0013222 0.00046971
-12.446 0.0025282 0.00068737
-12.388 0.0010329 0.00041049
-12.329 0.0010238 0.00040688
-12.271 0.0014809 0.00050241
-12.213 0.0013336 0.00047377
-12.155 0.0019197 0.00058234
-12.097 0.0019205 0.00058257
-12.039 0.0014737 0.00049998
-11.981 0.0022298 0.00063759
-11.923 0.0023853 0.00066443
-11.865 0.0024905 0.00067713
-11.807 0.0013377 0.00047522
-11.749 0.0013427 0.00047701
-11.691 0.0014712 0.00049912
-11.633 0.0017779 0.00055778
-11.575 0.0022106 0.0006321
-11.517 0.0020984 0.00061725
-11.459 0.00073807 0.00034231
-11.401 0.0011872 0.00044437
-11.343 0.0019456 0.0005902
-11.285 0.0013458 0.00047811
-11.227 0.0014782 0.00050149
-11.169 0.0020737 0.00060997
-11.111 0.0014917 0.00050608
-11.053 0.00059741 0.00030759
-10.995 0.0019515 0.00059198
-10.937 0.0022234 0.00063577
-10.879 0.0017983 0.00056418
-10.821 0.0032967 0.00081121
-10.763 0.0014966 0.00050772
-10.705 0.00088881 0.00037893
-10.647 0.0015041 0.00051029
-10.589 0.0013627 0.00048411
-10.531 0.0011979 0.00044836
-10.473 0.0013422 0.00047681
-10.415 0.0021102 0.00062073
-10.357 0.0010517 0.00041799
-10.299 0.0011963 0.00044778
-10.241 0.0019563 0.00059343
-10.183 0.0016478 0.0005365
-10.125 0.00075534 0.00035032
-10.067 0.0010584 0.00042063
-10.009 0.0011909 0.00044574
-9.9506 0.0024087 0.00067097
-9.8926 0.0013613 0.00048363
-9.8346 0.0016719 0.00054435
-9.7766 0.0021008 0.00061796
-9.7185 0.002093 0.00061564
-9.6605 0.0015199 0.00051564
-9.6025 0.0018092 0.0005676
-9.5445 0.0014956 0.0005074
-9.4864 0.0013532 0.00048074
-9.4284 0.001372 0.00048743
-9.3704 0.0015277 0.00051828
-9.3124 0.0019513 0.00059192
-9.2544 0.0019506 0.0005917
-9.1963 0.0029515 0.00076811
-9.1383 0.00089699 0.00038242
-9.0803 0.0013533 0.00048075
-9.0223 0.001521 0.000516
-8.9643 0.0013927 0.00049476
-8.9062 0.001652 0.00053787
-8.8482 0.0019794 0.00060046
-8.7902 0.0016624 0.00054125
-8.7322 0.0010726 0.00042627
-8.6742 0.0019892 0.0006034
-8.6161 0.0016658 0.00054237
-8.5581 0.00092287 0.00039345
-8.5001 0.0016747 0.00054524
-8.4421 0.0015066 0.00051114
-8.384 0.001982 0.00060122
-8.326 0.0025613 0.00069636
-8.268 0.0019769 0.00059968
-8.21 0.0015222 0.00051642
-8.152 0.0022752 0.00065057
-8.0939 0.0015128 0.00051322
-8.0359 0.0018374 0.00057646
-7.9779 0.0027391 0.00072806
-7.9199 0.0021309 0.0006268
-7.8619 0.0015129 0.00051325
-7.8038 0.0010762 0.00042773
-7.7458 0.0022771 0.00065112
-7.6878 0.0015253 0.00051745
-7.6298 0.0024438 0.00068075
-7.5718 0.00092604 0.0003948
-7.5137 0.00076737 0.00035589
-7.4557 0.001677 0.000546
-7.3977 0.0018463 0.00057923
-7.3397 0.0018595 0.00058338
-7.2816 0.0017033 0.00055456
-7.2236 0.0021067 0.00061967
-7.1656 0.002186 0.00064302
-7.1076 0.0015584 0.00052869
-7.0496 0.0013694 0.0004865
-6.9915 0.001991 0.00060396
-6.9335 0.0015579 0.00052851
-6.8755 0.0016682 0.00054313
-6.8175 0.00092551 0.00039458
-6.7595 0.0010708 0.00042558
-6.7014 0.0015276 0.00051824
-6.6434 0.0032957 0.00082534
-6.5854 0.0018141 0.00056913
-6.5274 0.0015472 0.0005249
-6.4694 0.0016509 0.0005375
-6.4113 0.0018857 0.00059161
-6.3533 0.0021547 0.00063381
-6.2953 0.0018443 0.00057861
-6.2373 0.0016552 0.00053891
-6.1792 0.0019093 0.00059901
-6.1212 0.0015127 0.00051321
-6.0632 0.0019887 0.00060326
-6.0052 0.0010914 0.00043376
-5.9472 0.0012327 0.00046141
-5.8891 0.0016992 0.00055324
-5.8311 0.0013865 0.00049257
-5.7731 0.0021168 0.00062266
-5.7151 0.0012802 0.00047916
-5.6571 0.0007536 0.00034951
-5.599 0.0026115 0.00071002
-5.541 0.0014151 0.00050273
-5.483 0.0017019 0.00055411
-5.425 0.0016752 0.00054541
-5.3669 0.0015199 0.00051564
-5.3089 0.0017217 0.00056055
-5.2509 0.0015641 0.00053062
-5.1929 0.0014974 0.00050799
-5.1349 0.0015428 0.00052339
-5.0768 0.0013796 0.0004901
-5.0188 0.0025148 0.00070052
-4.9608 0.0021459 0.00063122
-4.9028 0.001683 0.00054795
-4.8448 0.0015602 0.00052931
-4.7867 0.0015201 0.0005157
-4.7287 0.0016886 0.00054978
-4.6707 0.0021766 0.00064025
-4.6127 0.0016676 0.00054295
-4.5547 0.0022965 0.00065666
-4.4966 0.0010917 0.00043388
-4.4386 0.0027995 0.00074412
-4.3806 0.0019867 0.00060265
-4.3226 0.001536 0.00052109
-4.2645 0.0024982 0.0006959
-4.2065 0.0015497 0.00052575
-4.1485 0.0017035 0.00055462
-4.0905 0.0018514 0.00058086
-4.0325 0.0013856 0.00049223
-3.9744 0.0016943 0.00055165
-3.9164 0.0023332 0.00066716
-3.8584 0.0015695 0.00053245
-3.8004 0.0013751 0.00048852
-3.7424 0.0022858 0.00065361
-3.6843 0.0012384 0.00046352
-3.6263 0.002355 0.00067338
-3.5683 0.0023532 0.00067286
-3.5103 0.0007524 0.00034895
-3.4523 0.002111 0.00062094
-3.3942 0.0014378 0.00051077
-3.3362 0.002359 0.00067454
-3.2782 0.001626 0.00052941
-3.2202 0.0020703 0.00062801
-3.1621 0.0017761 0.00057828
-3.1041 0.0025051 0.00068108
-3.0461 0.001597 0.00054179
-2.9881 0.0017479 0.00056909
-2.9301 0.0011724 0.00043883
-2.872 0.0014784 0.0005252
-2.814 0.001927 0.00058454
-2.756 0.0016535 0.00056097
-2.698 0.0019717 0.0005981
-2.64 0.0018382 0.0005767
-2.5819 0.0020317 0.00061631
-2.5239 0.0020035 0.00060776
-2.4659 0.0016054 0.00054465
-2.4079 0.0009172 0.00039103
-2.3499 0.0022436 0.00064155
-2.2918 0.0024384 0.00071725
-2.2338 0.0013729 0.00046576
-2.1758 0.0020309 0.00063716
-2.1178 0.001467 0.00049769
-2.0597 0.0010673 0.0004242
-2.0017 0.0017138 0.00058141
-1.9437 0.0019596 0.00057642
-1.8857 0.0012947 0.00048458
-1.8277 0.0016871 0.00057235
-1.7696 0.0023357 0.00062083
-1.7116 0.0029183 0.00081292
-1.6536 0.0016913 0.00055067
-1.5956 0.0012136 0.00045423
-1.5376 0.0012477 0.00044325
-1.4795 0.0028954 0.00080655
-1.4215 0.0027739 0.00073732
-1.3635 0.0034443 0.00084754
-1.3055 0.0026807 0.00068395
-1.2475 0.0029405 0.00079947
-1.1894 0.0027613 0.00071861
-1.1314 0.0016433 0.0005838
-1.0734 0.0042821 0.00096522
-1.0154 0.0043092 0.0009483
-0.95735 0.0045728 0.0010063
-0.89933 0.0053422 0.0011163
-0.84131 0.0067624 0.0012897
-0.78328 0.0056242 0.0011543
-0.72526 0.0071229 0.0013501
-0.66724 0.0067265 0.0013173
-0.60922 0.0062843 0.0013132
-0.5512 0.0071669 0.0014136
-0.49318 0.0076384 0.0013934
-0.43516 0.0079282 0.0014129
-0.37714 0.0064787 0.0012688
-0.31912 0.0060449 0.0012517
-0.26109 0.0061108 0.0013448
-0.20307 0.0060126 0.0011539
-0.14505 0.0055063 0.0011205
-0.087032 0.0058222 0.0012534
-0.029011 0.0058692 0.0011752
0.029011 0.0065607 0.0013584
0.087032 0.0033215 0.00080387
0.14505 0.0023687 0.00062961
0.20307 0.0041286 0.0010534
0.26109 0.0040338 0.00096105
0.31912 0.0034422 0.00083307
0.37714 0.0030099 0.00072846
0.43516 0.0029312 0.00073406
0.49318 0.0030995 0.00082384
0.5512 0.002129 0.00066795
0.60922 0.0012432 0.00046533
0.66724 0.0017862 0.00056039
0.72526 0.0018509 0.00058068
0.78328 0.0017585 0.00055171
0.84131 0.0018187 0.00057059
0.89933 0.0030431 0.0007764
0.95735 0.00156 0.00050792
1.0154 0.0023604 0.00067494
1.0734 0.0016146 0.00057358
1.1314 0.0020641 0.00060716
1.1894 0.0020812 0.00065295
1.2475 0.0029456 0.00072482
1.3055 0.0017285 0.00056277
1.3635 0.0018381 0.00057668
1.4215 0.0027277 0.00077996
1.4795 0.001797 0.00054512
1.5376 0.0020086 0.00060931
1.5956 0.0017075 0.00055594
1.6536 0.0020251 0.00065934
1.7116 0.0010298 0.00038545
1.7696 0.0018953 0.00061708
1.8277 0.0016175 0.00054875
1.8857 0.0011065 0.00041414
1.9437 0.0017689 0.00060011
2.0017 0.001965 0.00059609
2.0597 0.0016437 0.00053516
2.1178 0.0022657 0.00068728
2.1758 0.0010976 0.00041083
2.2338 0.0015927 0.00056582
2.2918 0.0017879 0.00056092
2.3499 0.00094239 0.00040177
2.4079 0.0020394 0.00061865
2.4659 0.00063819 0.00032858
2.5239 0.002772 0.00073679
2.5819 0.0022101 0.0006501
2.64 0.0021139 0.0006218
2.698 0.0015131 0.00053755
2.756 0.001182 0.00044243
2.814 0.0016533 0.00056089
2.872 0.001485 0.00050378
2.9301 0.00095117 0.00040552
2.9881 0.0021033 0.00063803
3.0461 0.0014858 0.00050405
3.1041 0.0013051 0.00048847
3.1621 0.0027388 0.00074462
3.2202 0.0017769 0.00055747
3.2782 0.0019127 0.00060007
3.3362 0.0022602 0.00066484
3.3942 0.0021373 0.00062868
3.4523 0.0018281 0.00057353
3.5103 0.0011165 0.00044375
3.5683 0.0011166 0.00044379
3.6263 0.0017041 0.00055483
3.6843 0.0018504 0.00058052
3.7424 0.0013978 0.00049657
3.8004 0.0025522 0.00071095
3.8584 0.0012694 0.00047512
3.9164 0.0012497 0.00046774
3.9744 0.0029596 0.00077021
4.0325 0.0010923 0.0004341
4.0905 0.00094129 0.00040131
4.1485 0.002186 0.00064302
4.2065 0.001419 0.00050411
4.2645 0.0020395 0.00061867
4.3226 0.0016963 0.0005523
4.3806 0.0020499 0.00062183
4.4386 0.0012697 0.00047523
4.4966 0.0024965 0.00069543
4.5547 0.0013895 0.00049363
4.6127 0.0015838 0.00053731
4.6707 0.0020179 0.00061213
4.7287 0.001074 0.00042685
4.7867 0.0019045 0.00059752
4.8448 0.0013956 0.00049581
4.9028 0.0021922 0.00064484
4.9608 0.00144 0.00051157
5.0188 0.0018672 0.00058581
5.0768 0.0018905 0.00059312
5.1349 0.0021346 0.00062788
5.1929 0.0011177 0.00044419
5.2509 0.0025344 0.00070599
5.3089 0.0020264 0.00061469
5.3669 0.00092572 0.00039467
5.425 0.0015984 0.00054227
5.483 0.0011196 0.00044496
5.541 0.0013951 0.00049562
5.599 0.0020028 0.00060754
5.6571 0.00098448 0.00041972
5.7151 0.0019962 0.00060554
5.7731 0.0010976 0.00043621
5.8311 0.0011128 0.00044224
5.8891 0.0025045 0.00069766
5.9472 0.0025608 0.00071332
6.0052 0.0014205 0.00050464
6.0632 0.0018442 0.00057859
6.1212 0.0026116 0.00072747
6.1792 0.0013919 0.00049447
6.2373 0.0022107 0.00065026
6.2953 0.0015547 0.00052744
6.3533 0.0011357 0.00045135
6.4113 0.0020001 0.00060673
6.4694 0.0023819 0.00068107
6.5274 0.00092694 0.00039519
6.5854 0.0014572 0.00051769
6.6434 0.0018906 0.00059315
6.7014 0.0020342 0.00061706
6.7595 0.0012604 0.00047175
6.8175 0.0021637 0.00063645
6.8755 0.0017519 0.00057039
6.9335 0.001874 0.00058794
6.9915 0.0020336 0.00061687
7.0496 0.0020794 0.00063077
7.1076 0.0020726 0.00062872
7.1656 0.0013971 0.00049632
7.2236 0.0015743 0.0005341
7.2816 0.0017505 0.00056992
7.3397 0.0012756 0.00047746
7.3977 0.0020139 0.0006109
7.4557 0.0011012 0.00043765
7.5137 0.001264 0.00047311
7.5718 0.0018988 0.00059572
7.6298 0.0017344 0.00056468
7.6878 0.0014191 0.00050415
7.7458 0.0012519 0.00046857
7.8038 0.00062809 0.00032339
7.8619 0.0020382 0.00061827
7.9199 0.0020303 0.00061588
7.9779 0.0018781 0.00058923
8.0359 0.0013906 0.000494
8.0939 0.001238 0.00046338
8.152 0.00078875 0.00036581
8.21 0.0015684 0.0005321
8.268 0.00093514 0.00039868
8.326 0.0024973 0.00069566
8.384 0.001397 0.00049629
8.4421 0.0010936 0.00043463
8.5001 0.002062 0.00062548
8.5581 0.0013841 0.0004917
8.6161 0.0018918 0.00059351
8.6742 0.0022092 0.00064984
8.7322 0.00046687 0.00027558
8.7902 0.0015621 0.00052994
8.8482 0.0013984 0.00049678
8.9062 0.0014349 0.00050975
8.9643 0.0014036 0.00049865
9.0223 0.0021795 0.00064108
9.0803 0.0017017 0.00055403
9.1383 0.0015791 0.00053573
9.1963 0.0017053 0.00055522
9.2544 0.0012388 0.00046367
9.3124 0.0014104 0.00050107
9.3704 0.00093985 0.00040069
9.4284 0.0013972 0.00049637
9.4864 0.0015476 0.00052504
9.5445 0.0018562 0.00058234
9.6025 0.0014175 0.00050359
9.6605 0.0021713 0.0006387
9.7185 0.0020135 0.00061078
9.7766 0.0018872 0.00059208
9.8346 0.0013964 0.00049608
9.8926 0.0029563 0.00076935
9.9506 0.0023101 0.00066054
10.009 0.001556 0.00052789
10.067 0.0018765 0.00058872
10.125 0.0021637 0.00063644
10.183 0.0015523 0.00052662
10.241 0.0015443 0.00052392
10.299 0.002334 0.00066739
10.357 0.0014015 0.00049787
10.415 0.0013728 0.00048769
10.473 0.0015452 0.00052423
10.531 0.001874 0.00058794
10.589 0.0015536 0.00052708
10.647 0.0018441 0.00057856
10.705 0.0023296 0.00066613
10.763 0.0012419 0.00046482
10.821 0.0009278 0.00039555
10.879 0.0013732 0.00048783
10.937 0.0021652 0.0006369
10.995 0.0018472 0.00057953
11.053 0.0016805 0.00054714
11.111 0.0012275 0.00045944
11.169 0.0024662 0.00068699
11.227 0.0020084 0.00060923
11.285 0.0029354 0.00076391
11.343 0.0018378 0.00057657
11.401 0.0021415 0.00062992
11.459 0.0023254 0.00066492
11.517 0.0016865 0.0005491
11.575 0.0019932 0.00060464
11.633 0.0018429 0.00057818
11.691 0.0023096 0.00066042
11.749 0.0010815 0.00042981
11.807 0.0027438 0.00072931
11.865 0.002011 0.00061004
11.923 0.0017035 0.00055464
11.981 0.001984 0.00060183
12.039 0.0023018 0.00065818
12.097 0.0013737 0.00048801
12.155 0.0012404 0.00046427
12.213 0.0021425 0.00063022
12.271 0.0012161 0.00045519
12.329 0.0015381 0.0005218
12.388 0.0023034 0.00065863
12.446 0.0024365 0.00067871
12.504 0.00075604 0.00035064
12.562 0.0010579 0.00042044
12.62 0.0029023 0.00075531
12.678 0.0016667 0.00054266
12.736 0.0015014 0.00050936
12.794 0.0016555 0.00053902
12.852 0.0015154 0.0005141
12.91 0.0011999 0.00044912
12.968 0.0015008 0.00050915
13.026 0.0015093 0.00051205
13.084 0.0016483 0.00053667
13.142 0.0014999 0.00050884
13.2 0.00089714 0.00038248
13.258 0.0010561 0.00041972
13.316 0.0021108 0.00062088
13.374 0.00089974 0.00038359
13.432 0.0016372 0.00053305
13.49 0.002398 0.000668
13.548 0.0019538 0.00059269
13.606 0.00074846 0.00034712
13.664 0.0014898 0.00050544
13.722 0.0018045 0.00056614
13.78 0.0010511 0.00041773
13.838 0.002693 0.0007158
13.896 0.0024009 0.0006688
13.954 0.001642 0.00053462
14.012 0.0019506 0.00059171
14.07 0.0016448 0.00053551
14.128 0.003122 0.00078184
14.186 0.0016422 0.00053466
14.244 0.0016412 0.00053433
14.302 0.0017881 0.00056098
14.36 0.0013312 0.00047291
14.418 0.0014844 0.0005036
14.476 0.0017717 0.00055583
14.534 0.003259 0.00080194
14.592 0.0028118 0.00073175
14.65 0.0020788 0.00061148
14.708 0.0012004 0.00044931
14.766 0.001192 0.00044615
14.824 0.0016128 0.00052511
14.882 0.0016391 0.00053365
14.94 0.001929 0.00058516
14.998 0.0020541 0.0006042
15.056 0.0017433 0.00054694
15.114 0.0017726 0.00055613
15.173 0.0013264 0.00047122
15.231 0.0025068 0.00068155
15.289 0.0029025 0.00074055
15.347 0.00073577 0.00034124
15.405 0.0023524 0.00065529
15.463 0.0010215 0.00040596
15.521 0.0023293 0.00064884
15.579 0.0013186 0.00046844
15.637 0.0019036 0.00057744
15.695 0.0017453 0.00054756
15.753 0.0013009 0.00046214
15.811 0.0018865 0.00057227
15.869 0.0023408 0.00065205
15.927 0.0020182 0.00059365
15.985 0.0017365 0.00054478
16.043 0.0020224 0.0005949
16.101 0.0014552 0.00049369
16.159 0.0013104 0.00046553
16.217 0.0020174 0.00059342
16.275 0.0026059 0.00069264
16.333 0.0018774 0.00056951
16.391 0.0020237 0.00059527
16.449 0.0014245 0.00048327
16.507 0.0015799 0.0005144
16.565 0.0020105 0.00059138
16.623 0.0019984 0.00058781
16.681 0.0015657 0.00050975
16.739 0.0021232 0.00060711
16.797 0.0022876 0.00063723
16.855 0.0019848 0.00058382
16.913 0.0025282 0.000672
16.971 0.0017007 0.00053358
17.029 0.0017101 0.0005365
17.087 0.0019782 0.00058189
17.145 0.0026628 0.00069298
17.203 0.0015583 0.00050734
17.261 0.0024138 0.00065627
17.319 0.0024013 0.00065287
17.377 0.0019567 0.00057557
17.435 0.0018181 0.00055151
17.493 0.002547 0.00067699
17.551 0.0023844 0.00064826
17.609 0.0022185 0.00061799
17.667 0.0021011 0.00060078
17.725 0.0013949 0.00047324
17.783 0.001254 0.0004455
17.841 0.0029202 0.00073129
17.9 0.0013844 0.00046966
17.958 0.0018093 0.00054883
18.016 0.0027547 0.00070284
18.074 0.0010911 0.00040838
18.132 0.002903 0.00072699
18.19 0.0019257 0.00056644
18.248 0.0013762 0.00046687
18.306 0.0020404 0.00058344
18.364 0.0015135 0.00049277
18.422 0.001644 0.00051578
18.48 0.0021846 0.00060854
18.538 0.0012278 0.00043618
18.596 0.0029713 0.00073115
18.654 0.00041047 0.00024229
18.712 0.0006835 0.00031699
18.77 0.0020292 0.00058022
18.828 0.0014922 0.00048583
18.886 0.0019106 0.00056201
18.944 0.0021571 0.00060087
19.002 0.0024119 0.00064109
19.06 0.0021511 0.00059922
19.118 0.0017502 0.00053092
19.176 0.0014727 0.00047949
19.234 0.0012043 0.00042785
19.292 0.0011945 0.00042436
19.35 0.001334 0.00045256
19.408 0.002134 0.00059445
19.466 0.0014447 0.00047035
19.524 0.0014617 0.00047589
19.582 0.0019933 0.00056997
19.64 0.0013187 0.00044739
19.698 0.0019704 0.00056343
19.756 0.0014394 0.00046863
19.814 0.0023929 0.00063604
19.872 0.0013061 0.0004431
19.93 0.0018275 0.00053756
19.988 0.00091354 0.00036307
20.046 0.0026043 0.00066445
20.104 0.0022075 0.00060018
20.162 0.0023208 0.00061687
20.22 0.0014347 0.00046712
20.278 0.0019528 0.00055837
20.336 0.0018112 0.00053276
20.394 0.0019239 0.00055013
20.452 0.00063978 0.00029672
20.51 0.0020838 0.00058046
20.568 0.0024419 0.00063549
20.626 0.00139 0.00045256
20.685 0.0018873 0.00053966
20.743 0.0024092 0.00062697
20.801 0.0017746 0.00052201
20.859 0.0022581 0.0006002
20.917 0.0020166 0.00056174
20.975 0.0027523 0.00067726
21.033 0.0010065 0.00037671
21.091 0.0026051 0.00065239
21.149 0.0021171 0.00057559
21.207 0.0022499 0.00059802
21.265 0.0012424 0.0004215
21.323 0.0019663 0.00054773
21.381 0.0024786 0.00063239
21.439 0.001986 0.00055322
21.497 0.0014765 0.00046321
21.555 0.0018353 0.00052479
21.613 0.0018323 0.00052393
21.671 0.0023224 0.00060438
21.729 0.0018184 0.00051994
21.787 0.0017016 0.00050052
21.845 0.0014434 0.00045283
21.903 0.0019234 0.00053578
21.961 0.0015557 0.00047193
22.019 0.0011816 0.00040088
22.077 0.0017792 0.00050874
22.135 0.0021323 0.00056678
22.193 0.0014043 0.00044056
22.251 0.00093172 0.00034874
22.309 0.0015323 0.00046482
22.367 0.002236 0.0005819
22.425 0.0010547 0.0003747
22.483 0.0020837 0.00055386
22.541 0.0015173 0.00046027
22.599 0.0014027 0.00044007
22.657 0.0015061 0.00045688
22.715 0.0017171 0.00049099
22.773 0.0011554 0.00039197
22.831 0.0010421 0.0003702
22.889 0.0019353 0.00052616
22.947 0.0015806 0.00046494
23.005 0.0022695 0.00057902
23.063 0.0019213 0.00052236
23.121 0.0028222 0.00066242
23.179 0.0018991 0.00051632
23.237 0.0022324 0.00056957
23.295 0.0021112 0.00054942
23.353 0.0020937 0.00054488
23.412 0.0022071 0.0005631
23.47 0.0017537 0.0004885
23.528 0.0018659 0.00050729
23.586 0.00272 0.00063845
23.644 0.0015188 0.00044675
23.702 0.0016262 0.000465
23.76 0.001722 0.00047968
23.818 0.0019231 0.00051116
23.876 0.0016974 0.00047282
23.934 0.0016966 0.00047262
23.992 0.00052912 0.0002454
24.05 0.00094707 0.00033645
24.108 0.0015609 0.00044632
24.166 0.0022969 0.0005652
24.224 0.0018703 0.00049712
24.282 0.0015454 0.00044189
24.34 0.0023493 0.00056858
24.398 0.0026673 0.00061727
24.456 0.0015342 0.0004387
24.514 0.0017177 0.000467
24.572 0.0019059 0.00049599
24.63 0.0014078 0.0004141
24.688 0.0017027 0.00046292
24.746 0.002184 0.00053741
24.804 0.0019541 0.00049856
24.862 0.0012772 0.00038744
24.92 0.0013691 0.00040271
24.978 0.0022171 0.00053659
25.036 0.0017203 0.00045726
25.094 0.0022994 0.00054783
25.152 0.0017156 0.000456
25.21 0.0018818 0.00048011
25.268 0.0014116 0.00040364
25.326 0.0017776 0.00046261
25.384 0.0019496 0.00048823
25.442 0.0023133 0.00054298
25.5 0.0022011 0.00052441
25.558 0.0009972 0.00032467
25.616 0.002182 0.00051986
25.674 0.0019795 0.0004871
25.732 0.0017691 0.00045137
25.79 0.0018528 0.000464
25.848 0.0014931 0.00040595
25.906 0.0024371 0.00054934
25.964 0.0021475 0.00050407
26.022 0.0015558 0.00041355
26.08 0.0019639 0.00047529
26.138 0.0017065 0.00043538
26.197 0.0015203 0.0004041
26.255 0.001431 0.00038907
26.313 0.0016824 0.00042925
26.371 0.002158 0.00049941
26.429 0.0017264 0.00043233
26.487 0.0018741 0.00045356
26.545 0.0013775 0.0003745
26.603 0.002075 0.00048021
26.661 0.0019624 0.00046063
26.719 0.0016496 0.00041311
26.777 0.0020251 0.00046865
26.835 0.001922 0.00045115
26.893 0.0013608 0.0003617
26.951 0.0019591 0.00045337
27.009 0.002008 0.00045849
27.067 0.0021263 0.00047345
27.125 0.0017353 0.00041343
27.183 0.0019058 0.00043514
27.241 0.001542 0.00037945
27.299 0.0017295 0.00040595
27.357 0.001358 0.00034648
27.415 0.0014233 0.00035643
27.473 0.0016116 0.00038397
27.531 0.0023848 0.00049379
27.589 0.0021598 0.00046018
27.647 0.0010939 0.00029741
27.705 0.0018972 0.00041751
27.763 0.0016718 0.00038171
27.821 0.0024248 0.00048553
27.879 0.0017803 0.00039179
27.937 0.00187 0.00040257
27.995 0.0023988 0.00047314
28.053 0.0013961 0.00032771
28.111 0.001717 0.00037363
28.169 0.0021062 0.00042509
28.227 0.00191 0.00039547
28.285 0.0019214 0.00039435
28.343 0.0016672 0.00035523
28.401 0.0024452 0.00046073
28.459 0.0013939 0.00031036
28.517 0.0013581 0.0003024
28.575 0.0023138 0.00043103
28.633 0.0019509 0.00037686
28.691 0.0014004 0.00029543
28.749 0.0019076 0.00035943
28.807 0.0022618 0.00040309
28.865 0.001917 0.00035516
28.924 0.002334 0.00040592
28.982 0.0018684 0.00033916
29.04 0.0021942 0.0003761
29.098 0.002103 0.00035685
29.156 0.0019863 0.00033388
29.214 0.0015081 0.00026228
29.272 0.0018811 0.00029921
29.33 0.0020138 0.00030647
29.388 0.0018337 0.00026129
29.446 0.0020217 0.00028846
29.504 0 1
29.562 0 1
29.62 0 1
29.678 0 1
