-29.678 0 1
-29.62 0 1
-29.562 0.002237 0.0022758
-29.504 0.00027279 5.2432e-05
-29.446 0.00027198 5.2149e-05
-29.388 0.00028363 5.5199e-05
-29.33 0.00025446 5.0141e-05
-29.272 0.00028927 5.7079e-05
-29.214 0.00027152 5.4189e-05
-29.156 0.00030416 6.0703e-05
-29.098 0.00027659 5.5846e-05
-29.04 0.0002409 4.9395e-05
-28.982 0.00028274 5.7446e-05
-28.924 0.00028592 5.8238e-05
-28.865 0.0002861 5.8462e-05
-28.807 0.00027766 5.7074e-05
-28.749 0.0002691 5.5728e-05
-28.691 0.00029163 6.0223e-05
-28.633 0.00025748 5.3986e-05
-28.575 0.00024305 5.1418e-05
-28.517 0.0002477 5.2459e-05
-28.459 0.00026647 5.6196e-05
-28.401 0.00025339 5.3846e-05
-28.343 0.00025991 5.523e-05
-28.285 0.00023847 5.1393e-05
-28.227 0.00034661 7.1888e-05
-28.169 0.00031673 6.6407e-05
-28.111 0.00028117 5.9749e-05
-28.053 0.000237 5.1544e-05
-27.995 0.00026387 5.6787e-05
-27.937 0.00022453 4.9429e-05
-27.879 0.00030046 6.3922e-05
-27.821 0.00027968 6.0108e-05
-27.763 0.00027705 5.9794e-05
-27.705 0.00026169 5.7005e-05
-27.647 0.00030233 6.4801e-05
-27.589 0.00024968 5.4966e-05
-27.531 0.00030583 6.5727e-05
-27.473 0.00036125 7.6263e-05
-27.415 0.00031303 6.7275e-05
-27.357 0.00025928 5.7188e-05
-27.299 0.00025918 5.7278e-05
-27.241 0.00029341 6.381e-05
-27.183 0.00021978 4.9934e-05
-27.125 0.00023389 5.2728e-05
-27.067 0.00028686 6.292e-05
-27.009 0.00030062 6.5595e-05
-26.951 0.00030845 6.7192e-05
-26.893 0.00026698 5.9493e-05
-26.835 0.00021846 5.0355e-05
-26.777 0.0002856 6.3244e-05
-26.719 0.00027608 6.1522e-05
-26.661 0.00028237 6.2788e-05
-26.603 0.00028672 6.3755e-05
-26.545 0.0002173 5.0582e-05
-26.487 0.00025248 5.7362e-05
-26.429 0.00028084 6.2862e-05
-26.371 0.00032459 7.1195e-05
-26.313 0.00022861 5.3035e-05
-26.255 0.00023697 5.4624e-05
-26.197 0.00024802 5.6826e-05
-26.138 0.00027484 6.1961e-05
-26.08 0.00030498 6.7816e-05
-26.022 0.00022451 5.2441e-05
-25.964 0.00030772 6.8424e-05
-25.906 0.00022706 5.3227e-05
-25.848 0.00026702 6.0831e-05
-25.79 0.00029689 6.661e-05
-25.732 0.0002404 5.5959e-05
-25.674 0.00026975 6.1627e-05
-25.616 0.00031718 7.068e-05
-25.558 0.00025673 5.9178e-05
-25.5 0.00025591 5.9176e-05
-25.442 0.00030066 6.7782e-05
-25.384 0.00030202 6.8089e-05
-25.326 0.00027888 6.3713e-05
-25.268 0.00026683 6.1507e-05
-25.21 0.00023021 5.4589e-05
-25.152 0.0002638 6.1e-05
-25.094 0.00027005 6.2249e-05
-25.036 0.00031118 7.0153e-05
-24.978 0.0002984 6.7796e-05
-24.92 0.00026426 6.1306e-05
-24.862 0.00032978 7.3817e-05
-24.804 0.00023242 5.5338e-05
-24.746 0.00028001 6.4545e-05
-24.688 0.00024682 5.8295e-05
-24.63 0.00025121 5.9106e-05
-24.572 0.00032574 7.3437e-05
-24.514 0.00030268 6.9149e-05
-24.456 0.00024125 5.7442e-05
-24.398 0.00024601 5.8336e-05
-24.34 0.00025998 6.1171e-05
-24.282 0.00023368 5.6122e-05
-24.224 0.00027124 6.3356e-05
-24.166 0.00020346 5.0361e-05
-24.108 0.00028742 6.6679e-05
-24.05 0.00026022 6.1461e-05
-23.992 0.00027744 6.4805e-05
-23.934 0.00031473 7.1902e-05
-23.876 0.00023643 5.7041e-05
-23.818 0.00021493 5.2905e-05
-23.76 0.00024891 5.9517e-05
-23.702 0.00032107 7.3352e-05
-23.644 0.00024439 5.8694e-05
-23.586 0.00026876 6.3478e-05
-23.528 0.00028487 6.654e-05
-23.47 0.00027378 6.4416e-05
-23.412 0.00022372 5.4777e-05
-23.353 0.00031255 7.2044e-05
-23.295 0.00027355 6.4609e-05
-23.237 0.0002601 6.193e-05
-23.179 0.00026878 6.3734e-05
-23.121 0.00024267 5.8825e-05
-23.063 0.00022369 5.5063e-05
-23.005 0.00028654 6.7171e-05
-22.947 0.00026511 6.3123e-05
-22.889 0.00021572 5.3704e-05
-22.831 0.00029059 6.812e-05
-22.773 0.00019825 5.0296e-05
-22.715 0.00028632 6.7367e-05
-22.657 0.00031822 7.3583e-05
-22.599 0.00027805 6.5932e-05
-22.541 0.00031814 7.3565e-05
-22.483 0.00025625 6.1824e-05
-22.425 0.00031624 7.3366e-05
-22.367 0.00026394 6.3389e-05
-22.309 0.00028638 6.764e-05
-22.251 0.00026592 6.3864e-05
-22.193 0.00024197 5.9246e-05
-22.135 0.00033386 7.6956e-05
-22.077 0.00026638 6.3974e-05
-22.019 0.00023773 5.8518e-05
-21.961 0.00022094 5.5337e-05
-21.903 0.00024564 6.0146e-05
-21.845 0.00029626 6.9973e-05
-21.787 0.00028409 6.7642e-05
-21.729 0.00019928 5.1275e-05
-21.671 0.00019833 5.1031e-05
-21.613 0.00023679 5.8611e-05
-21.555 0.00026142 6.337e-05
-21.497 0.00027743 6.6628e-05
-21.439 0.00028189 6.7402e-05
-21.381 0.00027592 6.6266e-05
-21.323 0.00025797 6.2841e-05
-21.265 0.00025994 6.3321e-05
-21.207 0.00027187 6.5591e-05
-21.149 0.00016992 4.5591e-05
-21.091 0.00022944 5.7466e-05
-21.033 0.00029246 6.9634e-05
-20.975 0.00025624 6.274e-05
-20.917 0.00024912 6.1323e-05
-20.859 0.00020417 5.2532e-05
-20.801 0.000219 5.556e-05
-20.743 0.00019227 5.0242e-05
-20.685 0.00030861 7.289e-05
-20.626 0.00023846 5.9365e-05
-20.568 0.00025254 6.2163e-05
-20.51 0.00036417 8.3686e-05
-20.452 0.00029879 7.1141e-05
-20.394 0.00018824 4.9602e-05
-20.336 0.00025601 6.3019e-05
-20.278 0.0002229 5.6551e-05
-20.22 0.000313 7.3926e-05
-20.162 0.00024413 6.0777e-05
-20.104 0.00026412 6.467e-05
-20.046 0.00025375 6.2809e-05
-19.988 0.00031726 7.4933e-05
-19.93 0.00023922 5.9915e-05
-19.872 0.00028783 6.9442e-05
-19.814 0.0002203 5.6274e-05
-19.756 0.00025242 6.2479e-05
-19.698 0.00026689 6.5348e-05
-19.64 0.00031706 7.5184e-05
-19.582 0.0002149 5.5293e-05
-19.524 0.00024154 6.0495e-05
-19.466 0.0002023 5.2864e-05
-19.408 0.00028443 6.8947e-05
-19.35 0.00031272 7.4459e-05
-19.292 0.00022293 5.6947e-05
-19.234 0.00033233 7.8193e-05
-19.176 0.00024697 6.1855e-05
-19.118 0.00030067 7.2211e-05
-19.06 0.00029999 7.2047e-05
-19.002 0.00024568 6.1532e-05
-18.944 0.00021308 5.5241e-05
-18.886 0.00024778 6.2057e-05
-18.828 0.00034181 8.0126e-05
-18.77 0.00029632 7.1491e-05
-18.712 0.00026162 6.4757e-05
-18.654 0.00023346 5.9229e-05
-18.596 0.00018557 4.979e-05
-18.538 0.00036578 8.4858e-05
-18.48 0.00026518 6.5639e-05
-18.422 0.00025735 6.407e-05
-18.364 0.00021366 5.5392e-05
-18.306 0.00028545 6.9536e-05
-18.248 0.00023093 5.8992e-05
-18.19 0.00020918 5.4661e-05
-18.132 0.0003344 7.8982e-05
-18.074 0.00018212 4.9344e-05
-18.016 0.00025609 6.4141e-05
-17.958 0.00019772 5.2561e-05
-17.9 0.00029466 7.1427e-05
-17.841 0.00021174 5.5332e-05
-17.783 0.00027587 6.7908e-05
-17.725 0.00027791 6.8409e-05
-17.667 0.00020404 5.3766e-05
-17.609 0.00031126 7.4754e-05
-17.551 0.00017187 4.7572e-05
-17.493 0.00034863 8.2028e-05
-17.435 0.00020525 5.4083e-05
-17.377 0.00023514 6.0066e-05
-17.319 0.00028886 7.0727e-05
-17.261 0.00025712 6.4399e-05
-17.203 0.00026354 6.5611e-05
-17.145 0.000252 6.3515e-05
-17.087 0.00020837 5.4906e-05
-17.029 0.00025805 6.463e-05
-16.971 0.00032896 7.8325e-05
-16.913 0.00021679 5.665e-05
-16.855 0.00023396 6.0198e-05
-16.797 0.00020917 5.5117e-05
-16.739 0.00025868 6.4787e-05
-16.681 0.00026807 6.6736e-05
-16.623 0.00023098 5.9431e-05
-16.565 0.00020986 5.5299e-05
-16.507 0.00026744 6.658e-05
-16.449 0.00019577 5.2526e-05
-16.391 0.00019745 5.2978e-05
-16.333 0.00026886 6.6933e-05
-16.275 0.00022487 5.8298e-05
-16.217 0.00026208 6.5639e-05
-16.159 0.00025884 6.5238e-05
-16.101 0.00019646 5.271e-05
-16.043 0.00027069 6.739e-05
-15.985 0.0002036 5.4123e-05
-15.927 0.0002867 7.0573e-05
-15.869 0.00022704 5.8861e-05
-15.811 0.00026227 6.5688e-05
-15.753 0.00019145 5.1873e-05
-15.695 0.00018485 5.0606e-05
-15.637 0.00022886 5.9332e-05
-15.579 0.00028725 7.0708e-05
-15.521 0.00022969 5.9546e-05
-15.463 0.00029709 7.2742e-05
-15.405 0.0002672 6.6923e-05
-15.347 0.00027334 6.8049e-05
-15.289 0.0002913 7.1705e-05
-15.231 0.000313 7.5874e-05
-15.173 0.00028247 6.9917e-05
-15.114 0.0001784 4.938e-05
-15.056 0.00023723 6.1038e-05
-14.998 0.00027601 6.8715e-05
-14.94 0.00025467 6.461e-05
-14.882 0.00022993 5.9608e-05
-14.824 0.0002324 6.0251e-05
-14.766 0.00032306 7.7943e-05
-14.708 0.00020937 5.5658e-05
-14.65 0.00026108 6.5802e-05
-14.592 0.00025424 6.4502e-05
-14.534 0.00020246 5.432e-05
-14.476 0.00023982 6.1705e-05
-14.418 0.00024719 6.3146e-05
-14.36 0.00030197 7.3937e-05
-14.302 0.00028643 7.0897e-05
-14.244 0.00032218 7.773e-05
-14.186 0.00021797 5.7435e-05
-14.128 0.00020377 5.4674e-05
-14.07 0.00025833 6.5539e-05
-14.012 0.00022703 5.9327e-05
-13.954 0.00024079 6.1953e-05
-13.896 0.0002736 6.8526e-05
-13.838 0.00028895 7.1523e-05
-13.78 0.0003203 7.7643e-05
-13.722 0.00033126 7.9556e-05
-13.664 0.00025152 6.425e-05
-13.606 0.00028201 7.0208e-05
-13.548 0.00026601 6.7044e-05
-13.49 0.00026521 6.6842e-05
-13.432 0.00026922 6.7855e-05
-13.374 0.0002605 6.6088e-05
-13.316 0.00028293 7.0437e-05
-13.258 0.00026584 6.7003e-05
-13.2 0.00023014 6.0139e-05
-13.142 0.00019986 5.4153e-05
-13.084 0.00027511 6.8903e-05
-13.026 0.00030457 7.4574e-05
-12.968 0.00028295 7.0442e-05
-12.91 0.00027768 6.9548e-05
-12.852 0.00022123 5.8294e-05
-12.794 0.00023686 6.1405e-05
-12.736 0.00026953 6.7931e-05
-12.678 0.00020078 5.4401e-05
-12.62 0.00022421 5.908e-05
-12.562 0.00026092 6.6196e-05
-12.504 0.00021526 5.7222e-05
-12.446 0.0002037 5.5193e-05
-12.388 0.00023177 6.0566e-05
-12.329 0.00020037 5.429e-05
-12.271 0.00024595 6.3282e-05
-12.213 0.00024944 6.4179e-05
-12.155 0.00023987 6.2185e-05
-12.097 0.0002168 5.7631e-05
-12.039 0.00022396 5.9016e-05
-11.981 0.00031278 7.6583e-05
-11.923 0.00023496 6.1399e-05
-11.865 0.00019151 5.2432e-05
-11.807 0.00025723 6.5709e-05
-11.749 0.00032835 7.9595e-05
-11.691 0.00027122 6.8358e-05
-11.633 0.0002871 7.1475e-05
-11.575 0.00026393 6.6959e-05
-11.517 0.00018722 5.1824e-05
-11.459 0.00030335 7.4672e-05
-11.401 0.00026364 6.6884e-05
-11.343 0.00023479 6.1354e-05
-11.285 0.00020322 5.5062e-05
-11.227 0.00021107 5.6631e-05
-11.169 0.00025658 6.5543e-05
-11.111 0.00021908 5.8237e-05
-11.053 0.00022658 5.9705e-05
-10.995 0.00015649 4.5611e-05
-10.937 0.00027914 6.9913e-05
-10.879 0.00023526 6.1477e-05
-10.821 0.0002363 6.1749e-05
-10.763 0.00022008 5.8503e-05
-10.705 0.00034173 8.207e-05
-10.647 0.00023523 6.1469e-05
-10.589 0.00022084 5.8706e-05
-10.531 0.00023699 6.1929e-05
-10.473 0.00024023 6.228e-05
-10.415 0.00029292 7.2924e-05
-10.357 0.00016611 4.7732e-05
-10.299 0.00021938 5.8317e-05
-10.241 0.00029957 7.415e-05
-10.183 0.000211 5.6614e-05
-10.125 0.00030087 7.4473e-05
-10.067 0.00030961 7.6212e-05
-10.009 0.00024242 6.2847e-05
-9.9506 0.00022817 6.0125e-05
-9.8926 0.00030778 7.5763e-05
-9.8346 0.00029467 7.336e-05
-9.7766 0.00022855 6.0225e-05
-9.7185 0.00023423 6.1208e-05
-9.6605 0.00025629 6.5944e-05
-9.6025 0.00028476 7.132e-05
-9.5445 0.0002211 5.8774e-05
-9.4864 0.00028566 7.1545e-05
-9.4284 0.00023886 6.2417e-05
-9.3704 0.0002475 6.4163e-05
-9.3124 0.00027547 6.9428e-05
-9.2544 0.00029017 7.2239e-05
-9.1963 0.00024967 6.4726e-05
-9.1383 0.00019773 5.4133e-05
-9.0803 0.00028492 7.136e-05
-9.0223 0.00032774 7.9838e-05
-8.9643 0.00024241 6.3344e-05
-8.9062 0.00026771 6.7917e-05
-8.8482 0.00029581 7.3644e-05
-8.7902 0.00029824 7.3821e-05
-8.7322 0.00030615 7.5778e-05
-8.6742 0.00023091 6.0847e-05
-8.6161 0.00022787 6.0046e-05
-8.5581 0.0003218 7.8794e-05
-8.5001 0.00031786 7.7829e-05
-8.4421 0.00018115 5.0731e-05
-8.384 0.00031135 7.6642e-05
-8.326 0.00022134 5.8839e-05
-8.268 0.00028662 7.1787e-05
-8.21 0.00024757 6.4182e-05
-8.152 0.00027797 7.006e-05
-8.0939 0.00026801 6.7995e-05
-8.0359 0.00038632 9.1244e-05
-7.9779 0.00036724 8.7438e-05
-7.9199 0.00027835 7.0155e-05
-7.8619 0.00026487 6.7661e-05
-7.8038 0.000258 6.6382e-05
-7.7458 0.00023156 6.1017e-05
-7.6878 0.00032197 7.8834e-05
-7.6298 0.00021733 5.8312e-05
-7.5718 0.00026938 6.8813e-05
-7.5137 0.00023995 6.2701e-05
-7.4557 0.00027237 6.9099e-05
-7.3977 0.00033223 8.0932e-05
-7.3397 0.00028344 7.1439e-05
-7.2816 0.00029976 7.4627e-05
-7.2236 0.00022194 5.8999e-05
-7.1656 0.00039897 9.3872e-05
-7.1076 0.00026221 6.7466e-05
-7.0496 0.00026427 6.7508e-05
-6.9915 0.00031313 7.7078e-05
-6.9335 0.0002359 6.2159e-05
-6.8755 0.00036468 8.683e-05
-6.8175 0.0002342 6.1712e-05
-6.7595 0.00025711 6.6154e-05
-6.7014 0.00027205 6.9019e-05
-6.6434 0.0001989 5.5055e-05
-6.5854 0.00023715 6.197e-05
-6.5274 0.00036368 8.6961e-05
-6.4694 0.00026645 6.7598e-05
-6.4113 0.00029828 7.4706e-05
-6.3533 0.00033702 8.1697e-05
-6.2953 0.00026744 6.8318e-05
-6.2373 0.00029888 7.3979e-05
-6.1792 0.00022365 6.0007e-05
-6.1212 0.00032388 7.8899e-05
-6.0632 0.00030546 7.5608e-05
-6.0052 0.0003677 8.7921e-05
-5.9472 0.00024262 6.3399e-05
-5.8891 0.00030872 7.6416e-05
-5.8311 0.00024359 6.3654e-05
-5.7731 0.00023684 6.1891e-05
-5.7151 0.00028454 7.2188e-05
-5.6571 0.00036126 8.6016e-05
-5.599 0.00031222 7.6854e-05
-5.541 0.00029723 7.4443e-05
-5.483 0.00028403 7.1586e-05
-5.425 0.00024791 6.4271e-05
-5.3669 0.00034411 8.302e-05
-5.3089 0.00032896 8.0546e-05
-5.2509 0.00030343 7.5541e-05
-5.1929 0.00024473 6.3445e-05
-5.1349 0.00032255 7.8977e-05
-5.0768 0.00027948 7.044e-05
-5.0188 0.00034689 8.4089e-05
-4.9608 0.00029077 7.2827e-05
-4.9028 0.00031108 7.6574e-05
-4.8448 0.00031974 7.8705e-05
-4.7867 0.00031065 7.6468e-05
-4.7287 0.00029622 7.3745e-05
-4.6707 0.00028716 7.2375e-05
-4.6127 0.00031139 7.6651e-05
-4.5547 0.00030485 7.5456e-05
-4.4966 0.000278 7.0529e-05
-4.4386 0.00022062 5.9193e-05
-4.3806 0.00031781 7.7817e-05
-4.3226 0.00049776 0.0001125
-4.2645 0.00029371 7.3562e-05
-4.2065 0.00025896 6.663e-05
-4.1485 0.00027016 6.9012e-05
-4.0905 0.00029852 7.4317e-05
-4.0325 0.00033038 8.0481e-05
-3.9744 0.00041993 9.7749e-05
-3.9164 0.00031669 7.7955e-05
-3.8584 0.00033031 8.0876e-05
-3.8004 0.00033779 8.1883e-05
-3.7424 0.00030443 7.5353e-05
-3.6843 0.00029885 7.4399e-05
-3.6263 0.00034615 8.391e-05
-3.5683 0.00042844 9.9728e-05
-3.5103 0.00041403 9.6375e-05
-3.4523 0.00042164 9.7816e-05
-3.3942 0.0004348 0.00010121
-3.3362 0.00047269 0.0001083
-3.2782 0.00044209 0.00010129
-3.2202 0.00047971 0.00010959
-3.1621 0.00052938 0.00011935
-3.1041 0.00045768 0.00010427
-3.0461 0.00049854 0.00011327
-2.9881 0.00038894 9.2228e-05
-2.9301 0.00038639 9.0577e-05
-2.872 0.00047295 0.00010902
-2.814 0.00047009 0.00010652
-2.756 0.00047563 0.00010964
-2.698 0.00046066 0.00010524
-2.64 0.00039707 9.3426e-05
-2.5819 0.00045063 0.00010387
-2.5239 0.00043433 0.00010076
-2.4659 0.0004947 0.0001127
-2.4079 0.00057408 0.00012687
-2.3499 0.00052804 0.00011793
-2.2918 0.0004578 0.00010732
-2.2338 0.00061011 0.00013207
-2.1758 0.00044448 0.00010419
-2.1178 0.00059122 0.00012968
-2.0597 0.00061458 0.00013456
-2.0017 0.00062806 0.00013936
-1.9437 0.00061869 0.00013392
-1.8857 0.00067059 0.00014632
-1.8277 0.00063543 0.00014043
-1.7696 0.00091681 0.00018881
-1.7116 0.00093238 0.00019836
-1.6536 0.0007266 0.00015594
-1.5956 0.0011531 0.00023602
-1.5376 0.0010415 0.00021331
-1.4795 0.0011566 0.00024007
-1.4215 0.0012551 0.00025525
-1.3635 0.0016344 0.00032678
-1.3055 0.0018797 0.00036977
-1.2475 0.0021927 0.00043339
-1.1894 0.0028756 0.00055775
-1.1314 0.0036027 0.00069863
-1.0734 0.0045527 0.00087244
-1.0154 0.0054695 0.0010424
-0.95735 0.0069986 0.0013296
-0.89933 0.0085098 0.0016122
-0.84131 0.0099806 0.001886
-0.78328 0.011924 0.0022503
-0.72526 0.013559 0.0025558
-0.66724 0.014481 0.002729
-0.60922 0.015823 0.0029831
-0.5512 0.017952 0.0033803
-0.49318 0.018886 0.0035502
-0.43516 0.019355 0.003637
-0.37714 0.020007 0.0037615
-0.31912 0.019701 0.0037068
-0.26109 0.019101 0.0035996
-0.20307 0.01851 0.0034787
-0.14505 0.020047 0.0037683
-0.087032 0.018219 0.0034314
-0.029011 0.018087 0.0034019
0.029011 0.016217 0.0030571
0.087032 0.015496 0.0029174
0.14505 0.012295 0.0023167
0.20307 0.011214 0.0021254
0.26109 0.01015 0.001921
0.31912 0.008332 0.0015785
0.37714 0.006281 0.0011926
0.43516 0.0045562 0.00087113
0.49318 0.0034169 0.00066235
0.5512 0.0027684 0.00054209
0.60922 0.0022953 0.00045037
0.66724 0.0016428 0.00032728
0.72526 0.0013332 0.00026976
0.78328 0.0012553 0.00025433
0.84131 0.00090466 0.00018917
0.89933 0.00084486 0.00017817
0.95735 0.00085382 0.00017838
1.0154 0.00072249 0.00015549
1.0734 0.00066472 0.0001472
1.1314 0.00062172 0.00013543
1.1894 0.00071806 0.00015642
1.2475 0.00061569 0.0001325
1.3055 0.00067919 0.00014747
1.3635 0.00046794 0.00010691
1.4215 0.00053381 0.00012267
1.4795 0.00044581 0.00010076
1.5376 0.00041201 9.6237e-05
1.5956 0.00061707 0.00013535
1.6536 0.00047027 0.00011065
1.7116 0.0004028 9.1765e-05
1.7696 0.00046229 0.00010798
1.8277 0.00062276 0.00013736
1.8857 0.00047074 0.00010562
1.9437 0.00041607 9.9487e-05
2.0017 0.00038841 9.1388e-05
2.0597 0.00037702 8.9049e-05
2.1178 0.00036332 8.8958e-05
2.1758 0.00043164 9.8067e-05
2.2338 0.00034376 8.5582e-05
2.2918 0.00041446 9.6151e-05
2.3499 0.00036837 8.8082e-05
2.4079 0.00033767 8.2258e-05
2.4659 0.00037643 9.0009e-05
2.5239 0.00026738 6.8303e-05
2.5819 0.00041543 9.7384e-05
2.64 0.00041805 9.6983e-05
2.698 0.00040594 9.6653e-05
2.756 0.00035758 8.5138e-05
2.814 0.00026136 6.8298e-05
2.872 0.00044446 0.00010183
2.9301 0.00030678 7.6376e-05
2.9881 0.00029576 7.4544e-05
3.0461 0.00028955 7.2084e-05
3.1041 0.00031557 7.8564e-05
3.1621 0.00024311 6.406e-05
3.2202 0.00028204 7.0638e-05
3.2782 0.00033335 8.1622e-05
3.3362 0.00045322 0.0001048
3.3942 0.00028248 7.1196e-05
3.4523 0.00029505 7.3453e-05
3.5103 0.00032546 8.0114e-05
3.5683 0.0002576 6.6783e-05
3.6263 0.000261 6.7153e-05
3.6843 0.00027485 6.9729e-05
3.7424 0.00025244 6.5445e-05
3.8004 0.00025856 6.7032e-05
3.8584 0.00025656 6.6513e-05
3.9164 0.00025354 6.573e-05
3.9744 0.00029328 7.3456e-05
4.0325 0.00032774 8.0247e-05
4.0905 0.00027232 6.9563e-05
4.1485 0.00039443 9.316e-05
4.2065 0.0002651 6.8209e-05
4.2645 0.00026985 6.8933e-05
4.3226 0.00025197 6.5323e-05
4.3806 0.00030538 7.6025e-05
4.4386 0.00027369 6.9913e-05
4.4966 0.00025545 6.6224e-05
4.5547 0.00034105 8.2672e-05
4.6127 0.00029016 7.3131e-05
4.6707 0.00018034 5.1137e-05
4.7287 0.00031232 7.688e-05
4.7867 0.00024788 6.4776e-05
4.8448 0.00024423 6.3821e-05
4.9028 0.00022897 6.0869e-05
4.9608 0.00019295 5.4035e-05
5.0188 0.00024491 6.3997e-05
5.0768 0.00027956 7.0925e-05
5.1349 0.00024762 6.4196e-05
5.1929 0.00026018 6.745e-05
5.2509 0.0001828 5.1834e-05
5.3089 0.00021971 5.8949e-05
5.3669 0.00026737 6.8299e-05
5.425 0.00017459 5.0168e-05
5.483 0.00031131 7.7503e-05
5.541 0.00025396 6.5838e-05
5.599 0.00028055 7.0709e-05
5.6571 0.00025845 6.7537e-05
5.7151 0.00022631 6.016e-05
5.7731 0.00019878 5.5023e-05
5.8311 0.00024249 6.3898e-05
5.8891 0.00017919 5.0811e-05
5.9472 0.00029343 7.3955e-05
6.0052 0.00027329 6.9813e-05
6.0632 0.00025728 6.6196e-05
6.1212 0.00028 7.1525e-05
6.1792 0.00020281 5.5524e-05
6.2373 0.0003492 8.4649e-05
6.2953 0.00023004 6.1153e-05
6.3533 0.0002806 7.1679e-05
6.4113 0.00024288 6.3468e-05
6.4694 0.0002084 5.7055e-05
6.5274 0.00019286 5.3383e-05
6.5854 0.00019446 5.446e-05
6.6434 0.00025671 6.6552e-05
6.7014 0.00019784 5.4761e-05
6.7595 0.00028402 7.2055e-05
6.8175 0.00026798 6.8454e-05
6.8755 0.00021735 5.8892e-05
6.9335 0.00023804 6.2724e-05
6.9915 0.00019578 5.4192e-05
7.0496 0.00020139 5.5745e-05
7.1076 0.00028396 7.2042e-05
7.1656 0.00019592 5.423e-05
7.2236 0.00018221 5.1666e-05
7.2816 0.00032532 8.008e-05
7.3397 0.00021713 5.8832e-05
7.3977 0.00021177 5.7379e-05
7.4557 0.00028797 7.2579e-05
7.5137 0.00027634 7.0592e-05
7.5718 0.00021474 5.8183e-05
7.6298 0.00020549 5.6258e-05
7.6878 0.00030312 7.5463e-05
7.7458 0.00031386 7.7687e-05
7.8038 0.0002298 6.1089e-05
7.8619 0.00024494 6.4006e-05
7.9199 0.00019652 5.4396e-05
7.9779 0.00027209 6.9506e-05
8.0359 0.00022806 6.0625e-05
8.0939 0.00020303 5.5584e-05
8.152 0.00014719 4.428e-05
8.21 0.00024576 6.4221e-05
8.268 0.00023444 6.1776e-05
8.326 0.00027073 6.9159e-05
8.384 0.00027562 6.9924e-05
8.4421 0.00022015 5.9068e-05
8.5001 0.00027279 6.9685e-05
8.5581 0.00018596 5.2077e-05
8.6161 0.0003226 7.9409e-05
8.6742 0.00025626 6.6434e-05
8.7322 0.00030156 7.5075e-05
8.7902 0.00022944 6.0992e-05
8.8482 0.00022042 5.914e-05
8.9062 0.00025664 6.6534e-05
8.9643 0.00023875 6.2911e-05
9.0223 0.00014748 4.4367e-05
9.0803 0.00023406 6.1675e-05
9.1383 0.0002834 7.1899e-05
9.1963 0.0002118 5.7386e-05
9.2544 0.00017035 4.895e-05
9.3124 0.0002286 6.0769e-05
9.3704 0.00023871 6.29e-05
9.4284 0.00017864 5.0654e-05
9.4864 0.0002756 6.992e-05
9.5445 0.00025287 6.5555e-05
9.6025 0.0001893 5.3014e-05
9.6605 0.00025832 6.6466e-05
9.7185 0.00024191 6.3215e-05
9.7766 0.00026435 6.8015e-05
9.8346 0.0001472 4.4283e-05
9.8926 0.00026055 6.7038e-05
9.9506 0.00025145 6.5189e-05
10.009 0.00023648 6.2312e-05
10.067 0.00020476 5.6057e-05
10.125 0.00029054 7.2767e-05
10.183 0.00024449 6.3889e-05
10.241 0.00027371 6.944e-05
10.299 0.00017045 4.8978e-05
10.357 0.00019598 5.4247e-05
10.415 0.00027373 6.9446e-05
10.473 0.00025304 6.56e-05
10.531 0.00017172 4.9343e-05
10.589 0.0002504 6.4916e-05
10.647 0.00017651 5.0051e-05
10.705 0.00019502 5.3982e-05
10.763 0.00020326 5.5647e-05
10.821 0.00021002 5.6905e-05
10.879 0.00019994 5.4738e-05
10.937 0.00017835 5.0572e-05
10.995 0.00021153 5.7313e-05
11.053 0.00018574 5.2018e-05
11.111 0.00027452 6.9645e-05
11.169 0.00024151 6.3109e-05
11.227 0.00018604 5.2101e-05
11.285 0.00025051 6.4944e-05
11.343 0.00029124 7.2944e-05
11.401 0.00015238 4.5095e-05
11.459 0.00017037 4.8956e-05
11.517 0.0002672 6.8255e-05
11.575 0.00021691 5.8199e-05
11.633 0.0002105 5.7035e-05
11.691 0.0002105 5.7035e-05
11.749 0.00017028 4.893e-05
11.807 0.00036032 8.6157e-05
11.865 0.00024275 6.3434e-05
11.923 0.00020261 5.5469e-05
11.981 0.00027325 6.9324e-05
12.039 0.00021754 5.8368e-05
12.097 0.00019999 5.4753e-05
12.155 0.00021003 5.6908e-05
12.213 0.00021768 5.8405e-05
12.271 0.00027194 6.899e-05
12.329 0.0001675 4.8132e-05
12.388 0.00024915 6.4592e-05
12.446 0.00024009 6.274e-05
12.504 0.0001586 4.6225e-05
12.562 0.00013552 4.15e-05
12.62 0.00013545 4.1478e-05
12.678 0.00024552 6.3652e-05
12.736 0.000158 4.6051e-05
12.794 0.00022962 6.0506e-05
12.852 0.00023261 6.1294e-05
12.91 0.00025999 6.6415e-05
12.968 0.00020458 5.5432e-05
13.026 0.00021274 5.708e-05
13.084 0.00019854 5.4354e-05
13.142 0.00034672 8.3269e-05
13.2 0.00019561 5.3552e-05
13.258 0.00018832 5.2127e-05
13.316 0.00015858 4.622e-05
13.374 0.0001816 5.0857e-05
13.432 0.00020338 5.5105e-05
13.49 0.00025875 6.6097e-05
13.548 0.00026787 6.7958e-05
13.606 0.0002294 6.0447e-05
13.664 0.00029772 7.3692e-05
13.722 0.00027389 6.903e-05
13.78 0.00024361 6.3155e-05
13.838 0.00024352 6.3133e-05
13.896 0.00029581 7.322e-05
13.954 0.00022649 5.968e-05
14.012 0.0002122 5.6934e-05
14.07 0.00018715 5.1804e-05
14.128 0.00014657 4.3376e-05
14.186 0.00022714 5.9853e-05
14.244 0.00019546 5.3511e-05
14.302 0.00019514 5.3425e-05
14.36 0.00022411 5.9053e-05
14.418 0.00028782 7.1654e-05
14.476 0.00018659 5.1648e-05
14.534 0.00016353 4.6991e-05
14.592 0.00024736 6.3645e-05
14.65 0.00021729 5.7763e-05
14.708 0.00022669 5.9735e-05
14.766 0.00026625 6.7547e-05
14.824 0.00025471 6.5065e-05
14.882 0.00015674 4.5683e-05
14.94 0.00021814 5.7989e-05
14.998 0.00023219 6.0676e-05
15.056 0.00017718 4.9619e-05
15.114 0.00017035 4.8306e-05
15.173 0.00019361 5.3006e-05
15.231 0.00016326 4.6912e-05
15.289 0.00020616 5.5314e-05
15.347 0.00030148 7.4212e-05
15.405 0.00016903 4.7932e-05
15.463 0.00027563 6.9033e-05
15.521 0.0002061 5.5298e-05
15.579 0.00024406 6.2795e-05
15.637 0.00020601 5.5275e-05
15.695 0.00024469 6.2959e-05
15.753 0.00025709 6.5225e-05
15.811 0.00024379 6.2727e-05
15.869 0.00028426 7.0768e-05
15.927 0.00024988 6.3831e-05
15.985 0.00026717 6.7337e-05
16.043 0.00031765 7.7002e-05
16.101 0.00025111 6.4146e-05
16.159 0.00025112 6.4148e-05
16.217 0.00015175 4.423e-05
16.275 0.00022027 5.8043e-05
16.333 0.00024989 6.3835e-05
16.391 0.00023338 6.0503e-05
16.449 0.00022543 5.8907e-05
16.507 0.00026416 6.658e-05
16.565 0.00026312 6.6315e-05
16.623 0.00029414 7.2404e-05
16.681 0.00022281 5.8224e-05
16.739 0.00026877 6.7315e-05
16.797 0.00020164 5.4102e-05
16.855 0.00024412 6.2361e-05
16.913 0.00014035 4.1535e-05
16.971 0.00025219 6.3981e-05
17.029 0.00022986 5.9592e-05
17.087 0.00019367 5.2474e-05
17.145 0.00020564 5.4665e-05
17.203 0.00029651 7.2601e-05
17.261 0.00024571 6.2768e-05
17.319 0.00028066 6.947e-05
17.377 0.00023453 6.0343e-05
17.435 0.00022161 5.7909e-05
17.493 0.00016919 4.7381e-05
17.551 0.00026627 6.669e-05
17.609 0.00021123 5.5659e-05
17.667 0.00024248 6.1942e-05
17.725 0.00021969 5.7407e-05
17.783 0.00021216 5.5904e-05
17.841 0.00028989 7.0981e-05
17.9 0.00018174 4.9754e-05
17.958 0.00020427 5.4302e-05
18.016 0.00016599 4.6487e-05
18.074 0.00019402 5.2056e-05
18.132 0.00024479 6.2103e-05
18.19 0.00025163 6.342e-05
18.248 0.00023163 5.9597e-05
18.306 0.00021425 5.5986e-05
18.364 0.00012951 3.8961e-05
18.422 0.00026674 6.6406e-05
18.48 0.00022114 5.733e-05
18.538 0.00025615 6.4155e-05
18.596 0.00019134 5.1339e-05
18.654 0.00021478 5.6124e-05
18.712 0.00019299 5.1782e-05
18.77 0.00021184 5.5358e-05
18.828 0.00019133 5.1336e-05
18.886 0.00022691 5.8382e-05
18.944 0.00022043 5.7146e-05
19.002 0.00022457 5.7781e-05
19.06 0.00019699 5.2366e-05
19.118 0.00026964 6.6743e-05
19.176 0.00026621 6.5892e-05
19.234 0.00018091 4.9018e-05
19.292 0.0002663 6.5914e-05
19.35 0.0001811 4.907e-05
19.408 0.00025766 6.4146e-05
19.466 0.00022091 5.6838e-05
19.524 0.00020902 5.462e-05
19.582 0.00013172 3.8982e-05
19.64 0.00020606 5.3846e-05
19.698 0.00016436 4.5496e-05
19.756 0.00019147 5.0899e-05
19.814 0.00020096 5.2953e-05
19.872 0.00019178 5.098e-05
19.93 0.00023168 5.8778e-05
19.988 0.00022606 5.7748e-05
20.046 0.00025837 6.3953e-05
20.104 0.00021742 5.5942e-05
20.162 0.0001828 4.9045e-05
20.22 0.0002383 6.0062e-05
20.278 0.00017606 4.7704e-05
20.336 0.00021607 5.5595e-05
20.394 0.00026814 6.5654e-05
20.452 0.00025784 6.3822e-05
20.51 0.00022296 5.6955e-05
20.568 0.00016778 4.5935e-05
20.626 0.00019223 5.0652e-05
20.685 0.00020611 5.3435e-05
20.743 0.00027833 6.7468e-05
20.801 0.00025869 6.3678e-05
20.859 0.00013155 3.8344e-05
20.917 0.00023136 5.8311e-05
20.975 0.00017822 4.7818e-05
21.033 0.00024903 6.164e-05
21.091 0.00022125 5.6131e-05
21.149 0.00018984 5.0024e-05
21.207 0.00024302 6.05e-05
21.265 0.0002667 6.4968e-05
21.323 0.00022689 5.7184e-05
21.381 0.00021974 5.5749e-05
21.439 0.00018205 4.8394e-05
21.497 0.00020714 5.3297e-05
21.555 0.00020478 5.2688e-05
21.613 0.00023088 5.7827e-05
21.671 0.00019293 5.0416e-05
21.729 0.00024165 5.9815e-05
21.787 0.00020828 5.3206e-05
21.845 0.0002525 6.1824e-05
21.903 0.00022724 5.6915e-05
21.961 0.00018729 4.8941e-05
22.019 0.00019865 5.1113e-05
22.077 0.00021734 5.4777e-05
22.135 0.00024989 6.1186e-05
22.193 0.0002597 6.2952e-05
22.251 0.00027593 6.5979e-05
22.309 0.00025814 6.2575e-05
22.367 0.00022142 5.5457e-05
22.425 0.00027552 6.5879e-05
22.483 0.00019351 4.9789e-05
22.541 0.00028566 6.7737e-05
22.599 0.00017724 4.6704e-05
22.657 0.00023777 5.8529e-05
22.715 0.00022908 5.6703e-05
22.773 0.00022901 5.6685e-05
22.831 0.00019272 4.9586e-05
22.889 0.00023979 5.8712e-05
22.947 0.00023774 5.821e-05
23.005 0.00026124 6.2741e-05
23.063 0.00024314 5.9229e-05
23.121 0.00020536 5.1758e-05
23.179 0.00017586 4.5955e-05
23.237 0.00022733 5.5959e-05
23.295 0.00030311 7.0554e-05
23.353 0.00027181 6.4453e-05
23.412 0.00021304 5.3039e-05
23.47 0.00027709 6.5444e-05
23.528 0.00021344 5.3136e-05
23.586 0.00025699 6.1449e-05
23.644 0.00025011 6.0068e-05
23.702 0.00025981 6.1861e-05
23.76 0.00023224 5.6574e-05
23.818 0.00019707 4.9669e-05
23.876 0.00018406 4.7019e-05
23.934 0.00025012 5.9806e-05
23.992 0.00028841 6.7135e-05
24.05 0.00023117 5.6038e-05
24.108 0.00020751 5.1364e-05
24.166 0.00022872 5.5444e-05
24.224 0.0001958 4.9041e-05
24.282 0.00027616 6.4507e-05
24.34 0.00014448 3.8766e-05
24.398 0.00027929 6.501e-05
24.456 0.00016026 4.1878e-05
24.514 0.00021775 5.3045e-05
24.572 0.00023218 5.5762e-05
24.63 0.00028995 6.6836e-05
24.688 0.00023095 5.5465e-05
24.746 0.00024935 5.8894e-05
24.804 0.00026125 6.1023e-05
24.862 0.00020063 4.9387e-05
24.92 0.00023 5.4996e-05
24.978 0.00026317 6.1258e-05
25.036 0.000327 7.3366e-05
25.094 0.00023944 5.6553e-05
25.152 0.00020436 4.9783e-05
25.21 0.00022738 5.4138e-05
25.268 0.00019225 4.7323e-05
25.326 0.00022603 5.3818e-05
25.384 0.00030419 6.875e-05
25.442 0.00024694 5.7681e-05
25.5 0.00021992 5.2363e-05
25.558 0.00022471 5.3285e-05
25.616 0.00019911 4.8265e-05
25.674 0.00025408 5.8753e-05
25.732 0.00025933 5.9594e-05
25.79 0.00029505 6.6355e-05
25.848 0.0002357 5.5055e-05
25.906 0.00021905 5.1737e-05
25.964 0.00022563 5.2892e-05
26.022 0.00020836 4.961e-05
26.08 0.00022805 5.3267e-05
26.138 0.00022806 5.3271e-05
26.197 0.00018112 4.4122e-05
26.255 0.00026078 5.9411e-05
26.313 0.00019788 4.7315e-05
26.371 0.00018342 4.4463e-05
26.429 0.00022412 5.2169e-05
26.487 0.00034983 7.5959e-05
26.545 0.00020844 4.9043e-05
26.603 0.00026261 5.9204e-05
26.661 0.00021844 5.0677e-05
26.719 0.00018028 4.3297e-05
26.777 0.00020388 4.7794e-05
26.835 0.00021666 5.0099e-05
26.893 0.00022965 5.2466e-05
26.951 0.00021695 5.0007e-05
27.009 0.00024169 5.4625e-05
27.067 0.00020801 4.8101e-05
27.125 0.00023048 5.2225e-05
27.183 0.00028136 6.1714e-05
27.241 0.00023954 5.3743e-05
27.299 0.00021325 4.8583e-05
27.357 0.00024925 5.5307e-05
27.415 0.00020159 4.6188e-05
27.473 0.00026079 5.7412e-05
27.531 0.00018406 4.2701e-05
27.589 0.00024535 5.4222e-05
27.647 0.00026322 5.7531e-05
27.705 0.00023916 5.2854e-05
27.763 0.00022658 5.0277e-05
27.821 0.00023193 5.1157e-05
27.879 0.00024873 5.4181e-05
27.937 0.00025172 5.4657e-05
27.995 0.0002796 5.9775e-05
28.053 0.00027513 5.8744e-05
28.111 0.00024423 5.2867e-05
28.169 0.00019529 4.3426e-05
28.227 0.0002544 5.4527e-05
28.285 0.00024684 5.2908e-05
28.343 0.00025998 5.5245e-05
28.401 0.00020811 4.5334e-05
28.459 0.00026701 5.6253e-05
28.517 0.00022057 4.734e-05
28.575 0.00025359 5.3372e-05
28.633 0.00021405 4.5704e-05
28.691 0.00023193 4.8815e-05
28.749 0.0002565 5.3159e-05
28.807 0.00023185 4.8356e-05
28.865 0.00023307 4.8451e-05
28.924 0.00025678 5.2716e-05
28.982 0.00027779 5.644e-05
29.04 0.00021328 4.4043e-05
29.098 0.00022162 4.5286e-05
29.156 0.00025353 5.0932e-05
29.214 0.00025491 5.0757e-05
29.272 0.0002191 4.3568e-05
29.33 0.00024248 4.7554e-05
29.388 0.00023576 4.5394e-05
29.446 0.00025439 4.9028e-05
29.504 0 1
29.562 0 1
29.62 0 1
29.678 0 1
