-29.678 0 1
-29.62 0 1
-29.562 0 1
-29.504 0.00017902 3.5053e-05
-29.446 0.00018177 3.5437e-05
-29.388 0.00019592 3.8952e-05
-29.33 0.00016485 3.3486e-05
-29.272 0.00015889 3.275e-05
-29.214 0.00015137 3.1738e-05
-29.156 0.00015746 3.3254e-05
-29.098 0.00017066 3.6043e-05
-29.04 0.00015993 3.4253e-05
-28.982 0.00018389 3.8991e-05
-28.924 0.00018122 3.8676e-05
-28.865 0.00013048 2.9191e-05
-28.807 0.00017203 3.7285e-05
-28.749 0.0001956 4.1996e-05
-28.691 0.00015278 3.4106e-05
-28.633 0.00014911 3.3583e-05
-28.575 0.00018617 4.0789e-05
-28.517 0.00015483 3.4955e-05
-28.459 0.00017767 3.9501e-05
-28.401 0.0001559 3.5459e-05
-28.343 0.00020404 4.478e-05
-28.285 0.00017307 3.9071e-05
-28.227 0.00016485 3.7596e-05
-28.169 0.00019646 4.3767e-05
-28.111 0.00017556 3.9831e-05
-28.053 0.00015893 3.6768e-05
-27.995 0.00015897 3.6893e-05
-27.937 0.00018242 4.1492e-05
-27.879 0.00020486 4.5931e-05
-27.821 0.00017413 4.0163e-05
-27.763 0.00018797 4.2985e-05
-27.705 0.00014523 3.4844e-05
-27.647 0.00016046 3.7887e-05
-27.589 0.00016314 3.8521e-05
-27.531 0.00017015 4.0027e-05
-27.473 0.00019927 4.5696e-05
-27.415 0.00017633 4.1335e-05
-27.357 0.00020602 4.7111e-05
-27.299 0.00018181 4.262e-05
-27.241 0.00018939 4.4096e-05
-27.183 0.00011948 3.0614e-05
-27.125 0.00019771 4.5884e-05
-27.067 0.00015236 3.7238e-05
-27.009 0.00019599 4.5785e-05
-26.951 0.00018576 4.3861e-05
-26.893 0.00015773 3.855e-05
-26.835 0.00019643 4.621e-05
-26.777 0.00014223 3.5735e-05
-26.719 0.00021575 5.007e-05
-26.661 0.0001894 4.5068e-05
-26.603 0.00014371 3.6333e-05
-26.545 0.00015241 3.8062e-05
-26.487 0.00017463 4.2473e-05
-26.429 0.00018104 4.3826e-05
-26.371 0.00015155 3.8076e-05
-26.313 0.00017436 4.2614e-05
-26.255 0.00014508 3.692e-05
-26.197 0.00015834 3.9544e-05
-26.138 0.00020724 4.912e-05
-26.08 0.00017358 4.264e-05
-26.022 0.00020406 4.8556e-05
-25.964 0.00017535 4.3076e-05
-25.906 0.00016477 4.115e-05
-25.848 0.00018702 4.5486e-05
-25.79 0.00014411 3.7189e-05
-25.732 0.0001411 3.6687e-05
-25.674 0.00023415 5.4889e-05
-25.616 0.00017559 4.3601e-05
-25.558 0.00019713 4.7719e-05
-25.5 0.00016726 4.2022e-05
-25.442 0.00021147 5.0738e-05
-25.384 0.00017901 4.445e-05
-25.326 0.00015596 3.9959e-05
-25.268 0.00010526 2.9919e-05
-25.21 0.00012958 3.4863e-05
-25.152 0.00019795 4.8381e-05
-25.094 0.00012593 3.4213e-05
-25.036 0.00017122 4.3288e-05
-24.978 0.00021102 5.1082e-05
-24.92 0.00021605 5.2064e-05
-24.862 0.00017334 4.3822e-05
-24.804 0.00013431 3.6134e-05
-24.746 0.00022166 5.3415e-05
-24.688 0.00021206 5.1577e-05
-24.63 0.00013182 3.5811e-05
-24.572 0.00017352 4.4154e-05
-24.514 0.00019677 4.8861e-05
-24.456 0.00015971 4.1525e-05
-24.398 0.00014505 3.8664e-05
-24.34 0.00016133 4.1947e-05
-24.282 0.0002687 6.2988e-05
-24.224 0.00012608 3.4989e-05
-24.166 0.0001842 4.6569e-05
-24.108 0.00020157 5.0052e-05
-24.05 0.00015485 4.0917e-05
-23.992 0.00018806 4.7544e-05
-23.934 0.00020925 5.1675e-05
-23.876 0.00018294 4.6554e-05
-23.818 0.00018011 4.6148e-05
-23.76 0.0001846 4.6975e-05
-23.702 0.00014671 3.9469e-05
-23.644 0.00015876 4.1953e-05
-23.586 0.00013799 3.7877e-05
-23.528 0.00012645 3.5502e-05
-23.47 0.0002194 5.3895e-05
-23.412 0.00015534 4.1408e-05
-23.353 0.00020212 5.0781e-05
-23.295 0.00019475 4.9237e-05
-23.237 0.00010646 3.1576e-05
-23.179 0.00016876 4.4225e-05
-23.121 0.00014152 3.8845e-05
-23.063 0.00016935 4.438e-05
-23.005 0.00015734 4.1942e-05
-22.947 0.00020438 5.1349e-05
-22.889 0.00012619 3.587e-05
-22.831 0.00010902 3.2336e-05
-22.773 0.000172 4.5074e-05
-22.715 0.00019051 4.8812e-05
-22.657 0.00015169 4.1208e-05
-22.599 0.00011606 3.3904e-05
-22.541 0.00020196 5.1058e-05
-22.483 0.00013499 3.7898e-05
-22.425 0.0001826 4.7476e-05
-22.367 0.00020073 5.108e-05
-22.309 0.00017073 4.5115e-05
-22.251 0.00017194 4.5434e-05
-22.193 0.00017342 4.5825e-05
-22.135 0.00018494 4.8084e-05
-22.077 0.00023875 5.8648e-05
-22.019 0.0002105 5.3217e-05
-21.961 0.00013897 3.9015e-05
-21.903 0.00013848 3.8877e-05
-21.845 0.00019885 5.0947e-05
-21.787 0.00018166 4.7606e-05
-21.729 0.00020862 5.3088e-05
-21.671 0.00015879 4.3139e-05
-21.613 0.00011627 3.4487e-05
-21.555 0.0002144 5.4203e-05
-21.497 0.00019229 4.9995e-05
-21.439 0.00013624 3.8726e-05
-21.381 0.00014217 3.9914e-05
-21.323 0.00012389 3.6192e-05
-21.265 0.00018742 4.9115e-05
-21.207 0.00016258 4.4168e-05
-21.149 0.00021228 5.402e-05
-21.091 0.00017587 4.6882e-05
-21.033 0.00023339 5.8287e-05
-20.975 0.00013239 3.8132e-05
-20.917 0.0002648 6.4403e-05
-20.859 0.00016472 4.4751e-05
-20.801 0.00026033 6.3626e-05
-20.743 0.00017074 4.5934e-05
-20.685 0.00020332 5.2469e-05
-20.626 0.00017234 4.6365e-05
-20.568 0.00023097 5.8029e-05
-20.51 0.00016607 4.5117e-05
-20.452 0.00014646 4.112e-05
-20.394 0.00014732 4.1359e-05
-20.336 0.00019406 5.0856e-05
-20.278 0.00014845 4.1676e-05
-20.22 0.00015388 4.2704e-05
-20.162 0.00016872 4.5836e-05
-20.104 0.00015608 4.3313e-05
-20.046 0.00015003 4.2122e-05
-19.988 0.00020823 5.3736e-05
-19.93 0.00015747 4.3699e-05
-19.872 0.00010555 3.3015e-05
-19.814 0.00019037 5.0306e-05
-19.756 0.00015027 4.2188e-05
-19.698 0.00014498 4.1209e-05
-19.64 0.00015846 4.3973e-05
-19.582 0.00019842 5.1999e-05
-19.524 0.00030353 7.2519e-05
-19.466 0.00021272 5.4894e-05
-19.408 0.00018104 4.8706e-05
-19.35 0.00017362 4.7168e-05
-19.292 0.00018617 4.9626e-05
-19.234 0.0002069 5.3794e-05
-19.176 0.00010823 3.3853e-05
-19.118 0.00014802 4.2076e-05
-19.06 0.00015471 4.3436e-05
-19.002 0.00018793 5.0097e-05
-18.944 0.00015584 4.3753e-05
-18.886 0.00013546 3.9573e-05
-18.828 0.00022909 5.8296e-05
-18.77 0.00021007 5.462e-05
-18.712 0.00015736 4.4178e-05
-18.654 0.00016197 4.4948e-05
-18.596 0.00014942 4.2471e-05
-18.538 0.00014985 4.2596e-05
-18.48 0.00020566 5.3895e-05
-18.422 0.00019136 5.101e-05
-18.364 0.00013663 3.9915e-05
-18.306 0.00015777 4.4293e-05
-18.248 0.00015814 4.4398e-05
-18.19 0.00013109 3.8881e-05
-18.132 0.000206 5.3985e-05
-18.074 0.00012464 3.7577e-05
-18.016 0.00022397 5.7797e-05
-17.958 0.00020138 5.3214e-05
-17.9 0.00018714 5.0346e-05
-17.841 0.00018762 5.0477e-05
-17.783 0.00018219 4.9494e-05
-17.725 0.00020229 5.3455e-05
-17.667 0.00015905 4.4652e-05
-17.609 0.00020345 5.3761e-05
-17.551 0.00011949 3.6668e-05
-17.493 0.00014015 4.0943e-05
-17.435 0.00012586 3.7947e-05
-17.377 0.00017617 4.8358e-05
-17.319 0.00022706 5.8595e-05
-17.261 0.00018339 4.9822e-05
-17.203 0.00028015 6.8818e-05
-17.145 0.00017746 4.871e-05
-17.087 0.00013486 4.0001e-05
-17.029 0.00022611 5.835e-05
-16.971 0.00018369 4.9904e-05
-16.913 0.0001419 4.1455e-05
-16.855 0.000221 5.7461e-05
-16.797 0.00017106 4.7471e-05
-16.739 0.00012058 3.7003e-05
-16.681 0.00017242 4.7847e-05
-16.623 0.00018598 5.0525e-05
-16.565 0.00018561 5.0425e-05
-16.507 0.00017076 4.7387e-05
-16.449 0.00020618 5.4481e-05
-16.391 0.00023106 5.9626e-05
-16.333 0.00025117 6.3499e-05
-16.275 0.00017797 4.885e-05
-16.217 0.00023751 6.0853e-05
-16.159 0.00026033 6.5406e-05
-16.101 0.0001945 5.2327e-05
-16.043 0.00016562 4.6498e-05
-15.985 0.00015804 4.4924e-05
-15.927 0.00020287 5.4079e-05
-15.869 0.00019594 5.2714e-05
-15.811 9.3449e-05 3.1311e-05
-15.753 0.00026245 6.5937e-05
-15.695 0.00027022 6.7484e-05
-15.637 0.00018162 4.9854e-05
-15.579 0.0002024 5.3952e-05
-15.521 0.00021842 5.7239e-05
-15.463 0.00025618 6.4767e-05
-15.405 0.00017519 4.8616e-05
-15.347 0.00021094 5.5741e-05
-15.289 0.00015412 4.439e-05
-15.231 0.00015454 4.4511e-05
-15.173 0.00014627 4.2732e-05
-15.114 0.00018257 5.0114e-05
-15.056 0.00022706 5.9036e-05
-14.998 0.00012551 3.8515e-05
-14.94 0.00019161 5.2056e-05
-14.882 0.00018291 5.0205e-05
-14.824 0.00019928 5.3613e-05
-14.766 0.00013353 4.0258e-05
-14.708 0.00016967 4.7635e-05
-14.65 0.00012522 3.8426e-05
-14.592 0.00014002 4.153e-05
-14.534 0.00021453 5.669e-05
-14.476 0.00019225 5.223e-05
-14.418 0.00021343 5.6399e-05
-14.36 0.00019282 5.2384e-05
-14.302 0.00017126 4.8081e-05
-14.244 0.00016318 4.6385e-05
-14.186 0.00020802 5.545e-05
-14.128 0.00014944 4.3657e-05
-14.07 0.00014245 4.2252e-05
-14.012 0.00023729 6.1235e-05
-13.954 0.00017831 4.9482e-05
-13.896 0.00018633 5.1146e-05
-13.838 0.00015742 4.5342e-05
-13.78 0.00030666 7.495e-05
-13.722 0.00021573 5.7007e-05
-13.664 0.00018128 5.0306e-05
-13.606 0.00012066 3.7741e-05
-13.548 0.00017291 4.8543e-05
-13.49 0.00018679 5.1272e-05
-13.432 0.00021883 5.7825e-05
-13.374 0.0002646 6.6894e-05
-13.316 0.00015893 4.5776e-05
-13.258 0.00018018 5e-05
-13.2 0.00014365 4.2608e-05
-13.142 0.00022039 5.8237e-05
-13.084 0.00027165 6.8249e-05
-13.026 0.00015063 4.4006e-05
-12.968 0.00016517 4.6949e-05
-12.91 0.0002277 5.9672e-05
-12.852 0.0001288 3.9524e-05
-12.794 0.00024914 6.3833e-05
-12.736 0.00015223 4.4473e-05
-12.678 0.00016053 4.6237e-05
-12.62 0.00015917 4.5845e-05
-12.562 0.0001661 4.7215e-05
-12.504 0.00025044 6.4168e-05
-12.446 0.00014553 4.3165e-05
-12.388 0.00017459 4.9017e-05
-12.329 0.00027313 6.862e-05
-12.271 0.00028894 7.1747e-05
-12.213 0.0002451 6.325e-05
-12.155 0.00022112 5.8431e-05
-12.097 0.0002498 6.4003e-05
-12.039 0.00021302 5.6785e-05
-11.981 0.00020038 5.4436e-05
-11.923 0.00019943 5.4179e-05
-11.865 0.00021281 5.6728e-05
-11.807 0.00022148 5.8526e-05
-11.749 0.00022285 5.8888e-05
-11.691 0.00019878 5.4004e-05
-11.633 0.00018344 5.0905e-05
-11.575 0.0001908 5.2373e-05
-11.517 0.00024561 6.3382e-05
-11.459 0.00020633 5.5511e-05
-11.401 0.00021394 5.703e-05
-11.343 0.0001994 5.4171e-05
-11.285 0.00017796 4.9963e-05
-11.227 0.00023145 6.0655e-05
-11.169 0.00022951 6.0145e-05
-11.111 0.00027665 6.9505e-05
-11.053 0.00017047 4.8457e-05
-10.995 0.00021552 5.7449e-05
-10.937 0.00026758 6.7649e-05
-10.879 0.00018545 5.1464e-05
-10.821 0.00020106 5.4623e-05
-10.763 0.00021766 5.802e-05
-10.705 0.00017674 4.962e-05
-10.647 0.00023144 6.0651e-05
-10.589 0.00017901 5.0256e-05
-10.531 0.0003015 7.4455e-05
-10.473 0.00015328 4.4777e-05
-10.415 0.00028714 7.171e-05
-10.357 0.00020979 5.6442e-05
-10.299 0.00022445 5.9311e-05
-10.241 0.00024008 6.242e-05
-10.183 0.00017783 4.9927e-05
-10.125 0.00029862 7.4152e-05
-10.067 0.00019457 5.3407e-05
-10.009 0.00023834 6.1968e-05
-9.9506 0.00021789 5.8081e-05
-9.8926 0.0001795 5.0394e-05
-9.8346 0.00022692 5.9962e-05
-9.7766 0.00023961 6.2298e-05
-9.7185 0.00023387 6.1287e-05
-9.6605 0.0002428 6.3128e-05
-9.6025 0.00019444 5.3372e-05
-9.5445 0.00027895 7.0084e-05
-9.4864 0.00028186 7.0813e-05
-9.4284 0.00019585 5.3759e-05
-9.3704 0.00034295 8.2643e-05
-9.3124 0.00021062 5.6665e-05
-9.2544 0.00017881 5.02e-05
-9.1963 0.00025395 6.5534e-05
-9.1383 0.0002803 7.0422e-05
-9.0803 0.0002738 6.9219e-05
-9.0223 0.00015726 4.5941e-05
-8.9643 0.00022094 5.8896e-05
-8.9062 0.00033407 8.087e-05
-8.8482 0.00020334 5.524e-05
-8.7902 0.00021036 5.6595e-05
-8.7322 0.00022916 6.0554e-05
-8.6742 0.00020474 5.5622e-05
-8.6161 0.00031835 7.7806e-05
-8.5581 0.00028402 7.1357e-05
-8.5001 0.00024481 6.365e-05
-8.4421 0.00025833 6.6189e-05
-8.384 0.00022561 5.9617e-05
-8.326 0.00023492 6.1564e-05
-8.268 0.00021357 5.7459e-05
-8.21 0.00026641 6.7793e-05
-8.152 0.00022673 5.9913e-05
-8.0939 0.0002911 7.27e-05
-8.0359 0.0002685 6.8326e-05
-7.9779 0.00025944 6.6472e-05
-7.9199 0.00033074 8.044e-05
-7.8619 0.00028289 7.1074e-05
-7.8038 0.00026131 6.6953e-05
-7.7458 0.00023587 6.1812e-05
-7.6878 0.00024377 6.338e-05
-7.6298 0.00029286 7.314e-05
-7.5718 0.00031974 7.8543e-05
-7.5137 0.0002304 6.0881e-05
-7.4557 0.00027629 6.9849e-05
-7.3977 0.00028561 7.1757e-05
-7.3397 0.00025552 6.5939e-05
-7.2816 0.00027094 6.8945e-05
-7.2236 0.00018939 5.2556e-05
-7.1656 0.0002615 6.7e-05
-7.1076 0.00024122 6.3215e-05
-7.0496 0.00022203 5.9186e-05
-6.9915 0.00032159 7.8598e-05
-6.9335 0.00034375 8.3212e-05
-6.8755 0.00023895 6.2619e-05
-6.8175 0.00030819 7.6107e-05
-6.7595 0.00028432 7.1433e-05
-6.7014 0.00032417 7.9228e-05
-6.6434 0.00029607 7.3941e-05
-6.5854 0.00025354 6.5427e-05
-6.5274 0.00038981 9.2042e-05
-6.4694 0.00025159 6.4925e-05
-6.4113 0.00020908 5.6802e-05
-6.3533 0.00028771 7.2284e-05
-6.2953 0.00041959 9.7695e-05
-6.2373 0.00028311 7.1128e-05
-6.1792 0.00029864 7.4583e-05
-6.1212 0.00033889 8.2035e-05
-6.0632 0.00026953 6.8587e-05
-6.0052 0.00028758 7.2252e-05
-5.9472 0.00043827 0.0001014
-5.8891 0.00027236 6.9308e-05
-5.8311 0.00029312 7.3205e-05
-5.7731 0.00034799 8.3859e-05
-5.7151 0.00024994 6.4986e-05
-5.6571 0.00036867 8.7726e-05
-5.599 0.00034007 8.2322e-05
-5.541 0.00032947 8.0524e-05
-5.483 0.00034388 8.3243e-05
-5.425 0.00029271 7.31e-05
-5.3669 0.00027695 7.0016e-05
-5.3089 0.00029599 7.3921e-05
-5.2509 0.00039952 9.3987e-05
-5.1929 0.00029086 7.264e-05
-5.1349 0.00031865 7.8275e-05
-5.0768 0.00024584 6.3919e-05
-5.0188 0.0002651 6.7922e-05
-4.9608 0.00030986 7.6521e-05
-4.9028 0.00032314 7.8977e-05
-4.8448 0.00030456 7.5626e-05
-4.7867 0.00042714 9.9132e-05
-4.7287 0.00034286 8.2996e-05
-4.6707 0.00031257 7.7188e-05
-4.6127 0.00033097 8.0495e-05
-4.5547 0.00035156 8.4719e-05
-4.4966 0.00036846 8.8033e-05
-4.4386 0.00042677 9.9365e-05
-4.3806 0.00037663 8.9266e-05
-4.3226 0.00030431 7.5565e-05
-4.2645 0.00041539 9.704e-05
-4.2065 0.00036513 8.7237e-05
-4.1485 0.00031205 7.7061e-05
-4.0905 0.00029531 7.375e-05
-4.0325 0.00039098 9.2316e-05
-3.9744 0.00037353 8.8882e-05
-3.9164 0.00047074 0.00010765
-3.8584 0.00031454 7.7676e-05
-3.8004 0.00040516 9.4976e-05
-3.7424 0.00042787 9.93e-05
-3.6843 0.00035867 8.6054e-05
-3.6263 0.00043648 0.0001013
-3.5683 0.00047678 0.00010903
-3.5103 0.00040279 9.442e-05
-3.4523 0.00049037 0.00011125
-3.3942 0.00039828 9.4041e-05
-3.3362 0.00041944 9.7986e-05
-3.2782 0.00041507 9.6643e-05
-3.2202 0.00035461 8.5452e-05
-3.1621 0.00049755 0.00011317
-3.1041 0.00051772 0.00011634
-3.0461 0.00047344 0.00010826
-2.9881 0.00052815 0.00011895
-2.9301 0.00038622 9.1194e-05
-2.872 0.00045568 0.0001051
-2.814 0.00041631 9.6931e-05
-2.756 0.00053166 0.00011974
-2.698 0.0003902 9.2134e-05
-2.64 0.00043197 0.00010025
-2.5819 0.0005359 0.00012042
-2.5239 0.00044249 0.00010206
-2.4659 0.0005444 0.00012233
-2.4079 0.0004825 0.00010975
-2.3499 0.00049733 0.00011255
-2.2918 0.00053216 0.00012014
-2.2338 0.00064913 0.0001411
-2.1758 0.00053202 0.00011983
-2.1178 0.00050361 0.0001137
-2.0597 0.00057193 0.00012715
-2.0017 0.00061096 0.00013504
-1.9437 0.00070838 0.00015248
-1.8857 0.00059501 0.00013152
-1.8277 0.00059795 0.00013242
-1.7696 0.00064954 0.00014077
-1.7116 0.00069119 0.00015094
-1.6536 0.00079054 0.00016834
-1.5956 0.00073767 0.00015858
-1.5376 0.00074333 0.00015882
-1.4795 0.00095478 0.00020054
-1.4215 0.0010539 0.00021834
-1.3635 0.0014186 0.00028711
-1.3055 0.0015478 0.00031088
-1.2475 0.0018382 0.00036684
-1.1894 0.0025282 0.00049532
-1.1314 0.0028748 0.00056289
-1.0734 0.0037133 0.00071875
-1.0154 0.0039836 0.00076906
-0.95735 0.0048562 0.00093386
-0.89933 0.0057942 0.0011106
-0.84131 0.0059878 0.0011459
-0.78328 0.0063848 0.0012206
-0.72526 0.0073782 0.0014081
-0.66724 0.0073409 0.001402
-0.60922 0.0080815 0.0015421
-0.5512 0.0089203 0.001699
-0.49318 0.0091291 0.0017361
-0.43516 0.0090947 0.0017291
-0.37714 0.0091595 0.0017426
-0.31912 0.008473 0.0016141
-0.26109 0.008987 0.0017146
-0.20307 0.008129 0.0015477
-0.14505 0.0082928 0.0015794
-0.087032 0.0083286 0.0015881
-0.029011 0.010242 0.0019257
0.029011 0.0071622 0.0013686
0.087032 0.0055241 0.0010587
0.14505 0.0046407 0.00089191
0.20307 0.004466 0.00086425
0.26109 0.0032182 0.0006259
0.31912 0.0026186 0.00051254
0.37714 0.0021903 0.00043075
0.43516 0.0016606 0.00033166
0.49318 0.0013143 0.00026842
0.5512 0.0011829 0.00024427
0.60922 0.00091559 0.00019282
0.66724 0.00074089 0.00015887
0.72526 0.00066038 0.00014312
0.78328 0.0007487 0.00016016
0.84131 0.0006146 0.00013535
0.89933 0.00061971 0.000136
0.95735 0.00070006 0.00015089
1.0154 0.00049798 0.0001127
1.0734 0.00069161 0.00015128
1.1314 0.00058371 0.00012878
1.1894 0.00070248 0.00015247
1.2475 0.00055394 0.00012291
1.3055 0.00054402 0.00012171
1.3635 0.00043846 0.00010144
1.4215 0.0005791 0.00012955
1.4795 0.00048729 0.00011001
1.5376 0.00041789 9.7624e-05
1.5956 0.00043741 0.0001012
1.6536 0.00040969 9.7102e-05
1.7116 0.00048664 0.00010961
1.7696 0.00049532 0.00011296
1.8277 0.00059766 0.00013235
1.8857 0.00054124 0.00012057
1.9437 0.00050336 0.0001148
2.0017 0.00043868 0.00010149
2.0597 0.00047545 0.00010843
2.1178 0.00055352 0.00012438
2.1758 0.00044413 0.00010184
2.2338 0.0003474 8.4905e-05
2.2918 0.00041872 9.7491e-05
2.3499 0.00036178 8.68e-05
2.4079 0.00038558 9.1749e-05
2.4659 0.00046324 0.00010653
2.5239 0.00045198 0.00010425
2.5819 0.0003559 8.5763e-05
2.64 0.00047069 0.00010764
2.698 0.00044284 0.00010311
2.756 0.00044338 0.00010227
2.814 0.00041431 9.7467e-05
2.872 0.00037156 8.8412e-05
2.9301 0.00031069 7.7149e-05
2.9881 0.00035748 8.6144e-05
3.0461 0.00027102 6.8966e-05
3.1041 0.00038738 9.2176e-05
3.1621 0.00037785 9.0275e-05
3.2202 0.00030641 7.5669e-05
3.2782 0.00038684 9.2048e-05
3.3362 0.00038411 9.1398e-05
3.3942 0.00030438 7.5581e-05
3.4523 0.000396 9.316e-05
3.5103 0.00039224 9.2967e-05
3.5683 0.00043289 0.00010079
3.6263 0.00036406 8.7349e-05
3.6843 0.00031343 7.74e-05
3.7424 0.00032135 7.8938e-05
3.8004 0.00036916 8.8573e-05
3.8584 0.0003009 7.5146e-05
3.9164 0.00032149 7.8974e-05
3.9744 0.00023455 6.1979e-05
4.0325 0.00033187 8.111e-05
4.0905 0.00021992 5.9166e-05
4.1485 0.00030658 7.6127e-05
4.2065 0.00021998 5.9181e-05
4.2645 0.00026799 6.8662e-05
4.3226 0.00027225 6.928e-05
4.3806 0.00033172 8.1073e-05
4.4386 0.00026949 6.9047e-05
4.4966 0.00033989 8.2667e-05
4.5547 0.00024833 6.4565e-05
4.6127 0.00033347 8.1501e-05
4.6707 0.00029997 7.4914e-05
4.7287 0.00037748 8.9822e-05
4.7867 0.00029206 7.3378e-05
4.8448 0.00023232 6.139e-05
4.9028 0.00035522 8.56e-05
4.9608 0.00022799 6.0775e-05
5.0188 0.00028201 7.1296e-05
5.0768 0.00030581 7.5937e-05
5.1349 0.00022356 5.9592e-05
5.1929 0.00034268 8.3345e-05
5.2509 0.00030043 7.5029e-05
5.3089 0.00026667 6.8324e-05
5.3669 0.00020006 5.4913e-05
5.425 0.00028565 7.2217e-05
5.483 0.00020454 5.6144e-05
5.541 0.00028141 7.1144e-05
5.599 0.00020063 5.507e-05
5.6571 0.00025578 6.6504e-05
5.7151 0.00017672 5.0234e-05
5.7731 0.00026768 6.8585e-05
5.8311 0.00025344 6.5894e-05
5.8891 0.00027663 7.0393e-05
5.9472 0.00022859 6.0934e-05
6.0052 0.00023487 6.2064e-05
6.0632 0.00029889 7.4644e-05
6.1212 0.00022288 5.9962e-05
6.1792 0.00027411 6.9754e-05
6.2373 0.00024387 6.3908e-05
6.2953 0.0002097 5.6969e-05
6.3533 0.00024828 6.5064e-05
6.4113 0.00030569 7.5908e-05
6.4694 0.00017138 4.9364e-05
6.5274 0.00032208 7.9118e-05
6.5854 0.00030588 7.639e-05
6.6434 0.00017148 4.9391e-05
6.7014 0.00021764 5.8553e-05
6.7595 0.00023516 6.2139e-05
6.8175 0.00021176 5.753e-05
6.8755 0.0002298 6.1258e-05
6.9335 0.00026792 6.8646e-05
6.9915 0.00023404 6.1844e-05
7.0496 0.00018154 5.1602e-05
7.1076 0.00027744 7.06e-05
7.1656 0.00018558 5.2101e-05
7.2236 0.00018754 5.2652e-05
7.2816 0.00018893 5.3042e-05
7.3397 0.00011402 3.7257e-05
7.3977 0.00029867 7.459e-05
7.4557 0.00022049 5.9321e-05
7.5137 0.00010652 3.569e-05
7.5718 0.00024449 6.4071e-05
7.6298 0.00025121 6.5316e-05
7.6878 0.00018675 5.2431e-05
7.7458 0.00024525 6.427e-05
7.8038 0.0002026 5.5611e-05
7.8619 0.00018538 5.2046e-05
7.9199 0.00021015 5.7091e-05
7.9779 0.00026132 6.7435e-05
8.0359 0.000177 5.0312e-05
8.0939 0.00023255 6.145e-05
8.152 0.00017733 5.0407e-05
8.21 0.00020313 5.5756e-05
8.268 0.0002177 5.8568e-05
8.326 0.00014477 4.3647e-05
8.384 0.00022528 6.0051e-05
8.4421 0.00022631 6.0326e-05
8.5001 0.00023488 6.2065e-05
8.5581 0.00017591 5.0003e-05
8.6161 0.00012145 3.8788e-05
8.6742 0.00031671 7.8212e-05
8.7322 0.00018556 5.2096e-05
8.7902 0.00022443 5.9826e-05
8.8482 0.00023496 6.2088e-05
8.9062 0.00022745 6.0631e-05
8.9643 0.00022613 6.0278e-05
9.0223 0.00020223 5.5509e-05
9.0803 0.00017699 5.031e-05
9.1383 0.00010588 3.5475e-05
9.1963 0.00019399 5.3834e-05
9.2544 0.0001911 5.3032e-05
9.3124 0.00017783 5.0548e-05
9.3704 0.00021038 5.7154e-05
9.4284 0.0001682 4.8446e-05
9.4864 0.00017583 4.9981e-05
9.5445 0.00020988 5.7019e-05
9.6025 0.00021953 5.9062e-05
9.6605 0.00018493 5.192e-05
9.7185 0.00016661 4.7989e-05
9.7766 0.00028211 7.1322e-05
9.8346 0.00016992 4.8941e-05
9.8926 0.00016093 4.7014e-05
9.9506 0.00016837 4.8495e-05
10.009 0.00012045 3.8471e-05
10.067 0.00013691 4.2014e-05
10.125 0.00015183 4.5033e-05
10.183 0.00021555 5.7991e-05
10.241 0.00011995 3.8311e-05
10.299 0.00016067 4.6938e-05
10.357 0.00018495 5.1925e-05
10.415 0.00015159 4.4963e-05
10.473 0.00011231 3.6698e-05
10.531 0.00017651 5.0174e-05
10.589 0.00015126 4.4864e-05
10.647 0.00019908 5.4645e-05
10.705 0.00019115 5.3045e-05
10.763 0.00020023 5.496e-05
10.821 0.00020642 5.6079e-05
10.879 0.00019771 5.4268e-05
10.937 0.00013553 4.1589e-05
10.995 0.00013634 4.1838e-05
11.053 0.00020724 5.6302e-05
11.111 0.00020501 5.5695e-05
11.169 0.00015884 4.6404e-05
11.227 0.00021539 5.7947e-05
11.285 0.00017513 4.9779e-05
11.343 0.00021412 5.7607e-05
11.401 0.00015872 4.6368e-05
11.459 0.00020746 5.636e-05
11.517 0.00015913 4.6489e-05
11.575 0.00019796 5.4336e-05
11.633 0.00020691 5.6212e-05
11.691 0.00015095 4.4773e-05
11.749 0.00016669 4.8012e-05
11.807 0.00019739 5.418e-05
11.865 0.00017472 4.9663e-05
11.923 0.00016029 4.6825e-05
11.981 0.00015064 4.4681e-05
12.039 0.00018217 5.1146e-05
12.097 0.0002136 5.7467e-05
12.155 9.5251e-05 3.2813e-05
12.213 0.00013496 4.1415e-05
12.271 0.00019644 5.3919e-05
12.329 0.00022891 6.0488e-05
12.388 0.00018348 5.1513e-05
12.446 0.00010216 3.4229e-05
12.504 0.00014091 4.2482e-05
12.562 0.00016501 4.7529e-05
12.62 0.00020547 5.5821e-05
12.678 0.00015634 4.5672e-05
12.736 0.00017162 4.8783e-05
12.794 0.00017256 4.905e-05
12.852 0.00015639 4.5686e-05
12.91 0.00020174 5.4807e-05
12.968 0.00021066 5.6676e-05
13.026 0.00019443 5.3368e-05
13.084 0.0001879 5.2143e-05
13.142 0.00015575 4.55e-05
13.2 0.0001241 3.8818e-05
13.258 0.00014041 4.2332e-05
13.316 0.00016387 4.72e-05
13.374 0.00013261 4.0694e-05
13.432 0.00017804 4.9986e-05
13.49 0.00016283 4.69e-05
13.548 0.0001246 3.8975e-05
13.606 0.0002252 5.9509e-05
13.664 0.00020153 5.4749e-05
13.722 9.3288e-05 3.2137e-05
13.78 0.00016292 4.6926e-05
13.838 0.00018619 5.167e-05
13.896 0.00017596 4.94e-05
13.954 6.1833e-05 2.476e-05
14.012 0.00012393 3.8764e-05
14.07 0.0001391 4.1939e-05
14.128 0.00011489 3.6696e-05
14.186 0.00016208 4.6683e-05
14.244 0.00020785 5.5919e-05
14.302 0.00016872 4.7959e-05
14.36 0.00021405 5.7058e-05
14.418 0.00011555 3.6905e-05
14.476 0.00016905 4.8052e-05
14.534 0.00019262 5.2871e-05
14.592 0.00013026 3.9972e-05
14.65 0.00014438 4.2824e-05
14.708 0.00016977 4.8258e-05
14.766 0.00018587 5.158e-05
14.824 0.00020555 5.5301e-05
14.882 0.00010775 3.5208e-05
14.94 0.00017595 4.9399e-05
14.998 0.00014444 4.2841e-05
15.056 0.00019825 5.386e-05
15.114 0.00020533 5.524e-05
15.173 0.0001371 4.1336e-05
15.231 0.00018297 5.0775e-05
15.289 0.00013611 4.1038e-05
15.347 0.00017459 4.9016e-05
15.405 0.00021285 5.6739e-05
15.463 0.00020318 5.4662e-05
15.521 0.00023252 6.0457e-05
15.579 0.0001817 5.0422e-05
15.637 6.7645e-05 2.5887e-05
15.695 0.00018775 5.1536e-05
15.753 0.00023888 6.1645e-05
15.811 9.7549e-05 3.2685e-05
15.869 0.00021107 5.6264e-05
15.927 0.00014963 4.3713e-05
15.985 0.00017137 4.8112e-05
16.043 0.00017998 4.9944e-05
16.101 0.00011956 3.7397e-05
16.159 0.00022465 5.8872e-05
16.217 0.00015652 4.5082e-05
16.275 0.00014934 4.3628e-05
16.333 0.00011246 3.5919e-05
16.391 0.00019326 5.2503e-05
16.449 0.00016331 4.6421e-05
16.507 0.00013386 4.0358e-05
16.565 0.00014866 4.3429e-05
16.623 0.00014867 4.3433e-05
16.681 0.00014642 4.2775e-05
16.739 8.8179e-05 3.0377e-05
16.797 0.00018557 5.0935e-05
16.855 0.00012394 3.8032e-05
16.913 0.00018228 5.0033e-05
16.971 0.00016806 4.7183e-05
17.029 0.00013164 3.969e-05
17.087 0.00015387 4.432e-05
17.145 0.00013766 4.0829e-05
17.203 0.00010236 3.3447e-05
17.261 0.00021934 5.7479e-05
17.319 0.00015956 4.5356e-05
17.377 0.00013023 3.9264e-05
17.435 0.00018124 4.9747e-05
17.493 0.00011646 3.6427e-05
17.551 0.00014468 4.2267e-05
17.609 0.0001582 4.4967e-05
17.667 0.00010113 3.3045e-05
17.725 0.00013684 4.0589e-05
17.783 0.00015773 4.4835e-05
17.841 0.00019996 5.3303e-05
17.9 0.00016421 4.6102e-05
17.958 0.00015097 4.3485e-05
18.016 0.00015661 4.4516e-05
18.074 0.00015616 4.4387e-05
18.132 0.00013568 4.0243e-05
18.19 0.00014792 4.2606e-05
18.248 0.00015606 4.4359e-05
18.306 0.00014049 4.1042e-05
18.364 0.00013419 3.9802e-05
18.422 0.00018454 5.0134e-05
18.48 0.0001271 3.832e-05
18.538 0.0001333 3.9537e-05
18.596 0.00010533 3.3642e-05
18.654 0.00011256 3.5208e-05
18.712 0.00016238 4.5588e-05
18.77 0.00017469 4.7949e-05
18.828 0.00021686 5.6384e-05
18.886 0.00016867 4.6807e-05
18.944 0.00011851 3.6365e-05
19.002 0.0001315 3.9005e-05
19.06 0.00014606 4.2069e-05
19.118 0.00016074 4.5129e-05
19.176 0.00016588 4.6034e-05
19.234 9.6175e-05 3.1426e-05
19.292 8.9647e-05 3.0037e-05
19.35 0.00016555 4.594e-05
19.408 0.00022059 5.6925e-05
19.466 0.00015691 4.4052e-05
19.524 0.00010237 3.2694e-05
19.582 6.8456e-05 2.5184e-05
19.64 0.00012242 3.6908e-05
19.698 0.00015555 4.3672e-05
19.756 0.00011499 3.5287e-05
19.814 0.0001571 4.4105e-05
19.872 0.00015542 4.3636e-05
19.93 0.00011441 3.5108e-05
19.988 8.7661e-05 2.9372e-05
20.046 0.00016144 4.4801e-05
20.104 0.00016126 4.4751e-05
20.162 0.00016009 4.4425e-05
20.22 0.00015432 4.3327e-05
20.278 0.00014028 4.0405e-05
20.336 7.9765e-05 2.7479e-05
20.394 0.00011982 3.6124e-05
20.452 0.00012595 3.7358e-05
20.51 0.00015961 4.4294e-05
20.568 0.00019781 5.1838e-05
20.626 0.00010505 3.2859e-05
20.685 0.0001372 3.9518e-05
20.743 0.00014417 4.0979e-05
20.801 9.7752e-05 3.1221e-05
20.859 0.00016246 4.4593e-05
20.917 0.00017584 4.7306e-05
20.975 0.00012982 3.7926e-05
21.033 8.4281e-05 2.8239e-05
21.091 0.00014743 4.1391e-05
21.149 0.00017381 4.6762e-05
21.207 0.00017355 4.6691e-05
21.265 0.00013426 3.867e-05
21.323 0.00013347 3.8442e-05
21.381 0.00016011 4.3949e-05
21.439 0.00012847 3.7532e-05
21.497 0.00012718 3.7153e-05
21.555 0.00016936 4.5563e-05
21.613 0.00011382 3.4317e-05
21.671 0.00014559 4.0875e-05
21.729 0.000138 3.9226e-05
21.787 0.0001488 4.1294e-05
21.845 0.00010607 3.255e-05
21.903 0.00012465 3.6415e-05
21.961 0.00011073 3.3384e-05
22.019 0.00012836 3.6972e-05
22.077 0.00012854 3.7025e-05
22.135 0.00012886 3.7114e-05
22.193 0.00013436 3.8192e-05
22.251 0.00013257 3.7683e-05
22.309 0.00010325 3.1685e-05
22.367 0.0001876 4.8777e-05
22.425 0.0001694 4.5157e-05
22.483 0.00013808 3.8766e-05
22.541 0.00016227 4.3655e-05
22.599 0.00013281 3.7752e-05
22.657 0.00013142 3.7355e-05
22.715 0.00013105 3.7252e-05
22.773 0.00013106 3.7254e-05
22.831 0.000209 5.2838e-05
22.889 0.00010042 3.0816e-05
22.947 0.00011686 3.4139e-05
23.005 7.0286e-05 2.4213e-05
23.063 0.00018206 4.7336e-05
23.121 0.00011049 3.2772e-05
23.179 0.00010981 3.2569e-05
23.237 0.00014373 3.9453e-05
23.295 0.00013793 3.8276e-05
23.353 0.00013636 3.784e-05
23.412 0.00015297 4.1154e-05
23.47 0.00015879 4.2328e-05
23.528 0.00018711 4.794e-05
23.586 0.00015752 4.1989e-05
23.644 0.00010041 3.0274e-05
23.702 0.00014432 3.9207e-05
23.76 0.00017802 4.5939e-05
23.818 0.00012691 3.563e-05
23.876 8.1995e-05 2.6188e-05
23.934 0.00014775 3.9749e-05
23.992 0.0001309 3.6325e-05
24.05 0.00013561 3.7223e-05
24.108 0.00012876 3.5731e-05
24.166 0.00014493 3.8993e-05
24.224 9.6425e-05 2.9071e-05
24.282 0.00013847 3.7619e-05
24.34 0.00015294 4.0415e-05
24.398 0.00014827 3.9523e-05
24.456 0.00017886 4.5513e-05
24.514 0.00011506 3.2706e-05
24.572 0.000166 4.2838e-05
24.63 0.00017171 4.3994e-05
24.688 0.00013475 3.6607e-05
24.746 0.00018537 4.6572e-05
24.804 0.00016777 4.2986e-05
24.862 9.0876e-05 2.7399e-05
24.92 0.00016612 4.2564e-05
24.978 0.00011468 3.2197e-05
25.036 0.00012373 3.3961e-05
25.094 0.00017253 4.3619e-05
25.152 0.00013745 3.6641e-05
25.21 0.00014133 3.7345e-05
25.268 0.00012134 3.3306e-05
25.326 0.00011614 3.2231e-05
25.384 0.00014872 3.8666e-05
25.442 0.00013915 3.6769e-05
25.5 0.00018439 4.5536e-05
25.558 9.9043e-05 2.8527e-05
25.616 0.00014478 3.7644e-05
25.674 0.0001347 3.5594e-05
25.732 0.00015082 3.8643e-05
25.79 0.00014558 3.7567e-05
25.848 0.00014538 3.7517e-05
25.906 0.00015807 3.9962e-05
25.964 0.0001204 3.2392e-05
26.022 0.00016045 4.0312e-05
26.08 0.00011954 3.2161e-05
26.138 0.00012345 3.2907e-05
26.197 0.00014368 3.6813e-05
26.255 0.00010939 3.0025e-05
26.313 0.00012547 3.3155e-05
26.371 0.00013336 3.4674e-05
26.429 0.00012329 3.2578e-05
26.487 0.00012666 3.3192e-05
26.545 0.00015528 3.8779e-05
26.603 0.00012825 3.3346e-05
26.661 0.00016235 3.9881e-05
26.719 0.0001408 3.5596e-05
26.777 0.00010382 2.8205e-05
26.835 0.00017468 4.2093e-05
26.893 0.00014468 3.6133e-05
26.951 0.00013972 3.5102e-05
27.009 0.00014971 3.6972e-05
27.067 0.00014418 3.5802e-05
27.125 0.00015606 3.7955e-05
27.183 0.00015372 3.7386e-05
27.241 0.00011634 3.0023e-05
27.299 0.00017444 4.1188e-05
27.357 0.00016873 3.9991e-05
27.415 0.00015008 3.6329e-05
27.473 0.00014927 3.6134e-05
27.531 0.00014007 3.4233e-05
27.589 9.454e-05 2.5201e-05
27.647 0.00013658 3.338e-05
27.705 0.00015743 3.7314e-05
27.763 0.0001151 2.8918e-05
27.821 0.00012543 3.0811e-05
27.879 0.00010748 2.7172e-05
27.937 0.00011481 2.851e-05
27.995 0.00014453 3.4126e-05
28.053 0.00011834 2.8923e-05
28.111 0.00012906 3.0964e-05
28.169 0.00012597 3.0223e-05
28.227 0.00012385 2.9714e-05
28.285 0.000155 3.5544e-05
28.343 0.00011767 2.8232e-05
28.401 0.00012576 2.9694e-05
28.459 0.00013184 3.0696e-05
28.517 0.00014733 3.3512e-05
28.575 0.00011222 2.6598e-05
28.633 0.00014992 3.3612e-05
28.691 0.00016183 3.5641e-05
28.749 0.00013143 2.9601e-05
28.807 0.00014996 3.2967e-05
28.865 0.00018417 3.9351e-05
28.924 0.00014056 3.0901e-05
28.982 0.00010406 2.3732e-05
29.04 0.00015545 3.3253e-05
29.098 0.00014418 3.0806e-05
29.156 0.00011727 2.538e-05
29.214 0.00014955 3.109e-05
29.272 0.00012388 2.579e-05
29.33 0.00014348 2.9121e-05
29.388 0.00014263 2.8096e-05
29.446 0.00014686 2.9036e-05
29.504 0 1
29.562 0 1
29.62 0 1
29.678 0 1
