-29.678 0 1
-29.62 0 1
-29.562 0 1
-29.504 0.00047144 9.2573e-05
-29.446 0.00045243 8.8703e-05
-29.388 0.00047091 9.3842e-05
-29.33 0.00047082 9.4566e-05
-29.272 0.00045646 9.2597e-05
-29.214 0.00051958 0.00010546
-29.156 0.00044907 9.2688e-05
-29.098 0.00046895 9.7064e-05
-29.04 0.00048715 0.00010103
-28.982 0.00041631 8.784e-05
-28.924 0.00052806 0.00010957
-28.865 0.00044377 9.3776e-05
-28.807 0.00044735 9.483e-05
-28.749 0.00048576 0.00010265
-28.691 0.00042631 9.1721e-05
-28.633 0.00042114 9.1113e-05
-28.575 0.0004444 9.5821e-05
-28.517 0.0003136 7.0888e-05
-28.459 0.00040618 8.9133e-05
-28.401 0.00045807 9.9337e-05
-28.343 0.00053557 0.00011454
-28.285 0.00050319 0.00010874
-28.227 0.00037357 8.3927e-05
-28.169 0.000463 0.00010146
-28.111 0.00042769 9.472e-05
-28.053 0.00042127 9.3772e-05
-27.995 0.00036162 8.2473e-05
-27.937 0.00046718 0.00010298
-27.879 0.00044211 9.841e-05
-27.821 0.00051125 0.00011203
-27.763 0.00052226 0.00011444
-27.705 0.00041151 9.3218e-05
-27.647 0.00042057 9.527e-05
-27.589 0.0005265 0.00011588
-27.531 0.00049485 0.00011015
-27.473 0.00046972 0.00010532
-27.415 0.00043631 9.9053e-05
-27.357 0.00044709 0.00010128
-27.299 0.00046129 0.00010427
-27.241 0.00047605 0.00010717
-27.183 0.00044138 0.00010067
-27.125 0.00046271 0.00010505
-27.067 0.0004624 0.00010521
-27.009 0.00048797 0.0001103
-26.951 0.00043598 0.00010042
-26.893 0.00034767 8.349e-05
-26.835 0.00055551 0.00012409
-26.777 0.00032559 7.9518e-05
-26.719 0.00037331 8.8968e-05
-26.661 0.00036275 8.711e-05
-26.603 0.00044669 0.00010374
-26.545 0.00037714 9.0217e-05
-26.487 0.00042902 0.00010053
-26.429 0.00043333 0.00010154
-26.371 0.00049287 0.00011323
-26.313 0.0004389 0.00010285
-26.255 0.00051936 0.00011845
-26.197 0.00047318 0.00010958
-26.138 0.00046182 0.00010756
-26.08 0.00041556 9.868e-05
-26.022 0.00048192 0.00011161
-25.964 0.00062933 0.00014033
-25.906 0.0003507 8.6459e-05
-25.848 0.0005569 0.00012672
-25.79 0.00039669 9.5642e-05
-25.732 0.00046006 0.00010815
-25.674 0.00040383 9.7363e-05
-25.616 0.00036085 8.8962e-05
-25.558 0.00043272 0.00010313
-25.5 0.00060827 0.0001375
-25.442 0.00035936 8.9039e-05
-25.384 0.00037803 9.2753e-05
-25.326 0.00039743 9.6631e-05
-25.268 0.00031871 8.123e-05
-25.21 0.00053497 0.00012389
-25.152 0.00045246 0.00010783
-25.094 0.0005271 0.00012241
-25.036 0.00037288 9.2388e-05
-24.978 0.00044858 0.00010731
-24.92 0.00058292 0.00013359
-24.862 0.00042397 0.00010264
-24.804 0.00037281 9.2852e-05
-24.746 0.00045143 0.00010841
-24.688 0.00041247 0.00010073
-24.63 0.00050036 0.00011801
-24.572 0.00037 9.2652e-05
-24.514 0.00044255 0.00010714
-24.456 0.00038548 9.6007e-05
-24.398 0.00045523 0.00010976
-24.34 0.00048954 0.00011667
-24.282 0.00051096 0.00012091
-24.224 0.00039008 9.7153e-05
-24.166 0.00058352 0.00013513
-24.108 0.00033557 8.6662e-05
-24.05 0.00036906 9.3488e-05
-23.992 0.00047341 0.00011414
-23.934 0.0004288 0.00010521
-23.876 0.00047447 0.00011439
-23.818 0.0004357 0.0001069
-23.76 0.00050101 0.00011985
-23.702 0.00044809 0.00010944
-23.644 0.00050366 0.00012048
-23.586 0.00044321 0.00010874
-23.528 0.00052599 0.0001249
-23.47 0.00045488 0.00011109
-23.412 0.00050703 0.00012129
-23.353 0.00039529 9.9544e-05
-23.295 0.00056516 0.00013285
-23.237 0.00059692 0.00013903
-23.179 0.00050318 0.00012083
-23.121 0.00046543 0.00011367
-23.063 0.00029062 7.8751e-05
-23.005 0.00045065 0.00011057
-22.947 0.00038968 9.8712e-05
-22.889 0.00038368 9.7791e-05
-22.831 0.00040494 0.00010197
-22.773 0.00042391 0.00010558
-22.715 0.00053193 0.00012724
-22.657 0.00045648 0.00011254
-22.599 0.00052059 0.00012501
-22.541 0.00060755 0.00014193
-22.483 0.00034724 9.098e-05
-22.425 0.00053943 0.00012904
-22.367 0.00052865 0.00012695
-22.309 0.00042724 0.00010698
-22.251 0.00041011 0.00010389
-22.193 0.00036495 9.4915e-05
-22.135 0.00030765 8.3366e-05
-22.077 0.0004446 0.00011073
-22.019 0.00048231 0.00011834
-21.961 0.00053269 0.00012843
-21.903 0.00039213 0.00010059
-21.845 0.00035977 9.4263e-05
-21.787 0.00044056 0.00011032
-21.729 0.00050435 0.00012318
-21.671 0.00042022 0.00010645
-21.613 0.00047917 0.00011813
-21.555 0.00046944 0.00011631
-21.497 0.00045107 0.00011295
-21.439 0.00036875 9.6616e-05
-21.381 0.00046972 0.00011638
-21.323 0.00061893 0.00014597
-21.265 0.00043007 0.00010894
-21.207 0.00058363 0.00013909
-21.149 0.00042703 0.00010817
-21.091 0.00040678 0.00010435
-21.033 0.00045752 0.00011457
-20.975 0.00051851 0.00012663
-20.917 0.00042056 0.00010719
-20.859 0.00044697 0.00011256
-20.801 0.00041253 0.00010582
-20.743 0.00041182 0.00010564
-20.685 0.00044838 0.00011291
-20.626 0.00036581 9.6592e-05
-20.568 0.00028208 7.9718e-05
-20.51 0.00025602 7.4205e-05
-20.452 0.00047716 0.00011884
-20.394 0.00030599 8.4573e-05
-20.336 0.00034709 9.3202e-05
-20.278 0.00025972 7.5278e-05
-20.22 0.00041809 0.00010725
-20.162 0.00037165 9.8135e-05
-20.104 0.00039828 0.00010358
-20.046 0.0005376 0.00013129
-19.988 0.00049811 0.00012342
-19.93 0.0004861 0.00012107
-19.872 0.00042848 0.00010991
-19.814 0.00046391 0.00011683
-19.756 0.0004007 0.00010421
-19.698 0.00037804 9.9823e-05
-19.64 0.0003183 8.7973e-05
-19.582 0.00034251 9.2812e-05
-19.524 0.00043998 0.00011214
-19.466 0.00049548 0.0001234
-19.408 0.00039485 0.00010345
-19.35 0.00042143 0.00010883
-19.292 0.00035597 9.5585e-05
-19.234 0.00043394 0.00011131
-19.176 0.00052949 0.00013054
-19.118 0.00037169 9.8952e-05
-19.06 0.00036909 9.8258e-05
-19.002 0.00045057 0.00011484
-18.944 0.00029733 8.4028e-05
-18.886 0.00040137 0.00010516
-18.828 0.00051353 0.00012724
-18.77 0.0004147 0.00010785
-18.712 0.00050673 0.00012621
-18.654 0.0004772 0.00012017
-18.596 0.00038736 0.00010228
-18.538 0.0003394 9.2855e-05
-18.48 0.00041859 0.00010886
-18.422 0.00041913 0.00010901
-18.364 0.00050579 0.00012597
-18.306 0.00037877 0.00010084
-18.248 0.00042171 0.00010968
-18.19 0.00034426 9.4187e-05
-18.132 0.00039424 0.0001041
-18.074 0.0006075 0.00014647
-18.016 0.00049535 0.00012474
-17.958 0.00049101 0.00012365
-17.9 0.00042379 0.00011022
-17.841 0.00041213 0.00010798
-17.783 0.00040022 0.00010568
-17.725 0.0006258 0.00015028
-17.667 0.00051767 0.00012893
-17.609 0.00039028 0.0001039
-17.551 0.0003771 0.00010126
-17.493 0.00031958 8.9285e-05
-17.435 0.0004308 0.00011204
-17.377 0.00030807 8.7064e-05
-17.319 0.00039091 0.00010407
-17.261 0.0004224 0.00011067
-17.203 0.00032119 8.9737e-05
-17.145 0.00041964 0.00010995
-17.087 0.00034026 9.4044e-05
-17.029 0.00047556 0.00012121
-16.971 0.00030948 8.7462e-05
-16.913 0.00050281 0.00012662
-16.855 0.00037003 0.00010027
-16.797 0.00040764 0.00010764
-16.739 0.00039259 0.00010452
-16.681 0.00046401 0.00011903
-16.623 0.00032754 9.1509e-05
-16.565 0.00054792 0.00013576
-16.507 0.00052036 0.0001303
-16.449 0.00038168 0.00010249
-16.391 0.00041554 0.00010972
-16.333 0.00054635 0.00013537
-16.275 0.00034124 9.4314e-05
-16.217 0.00037071 0.00010045
-16.159 0.00045622 0.00011782
-16.101 0.00046564 0.00011944
-16.043 0.00035835 9.8041e-05
-15.985 0.00046691 0.00011977
-15.927 0.00043279 0.00011339
-15.869 0.00020791 6.6745e-05
-15.811 0.00035665 9.7576e-05
-15.753 0.0003883 0.00010427
-15.695 0.00041589 0.00010982
-15.637 0.00045675 0.00011795
-15.579 0.00043019 0.00011271
-15.521 0.00040379 0.0001075
-15.463 0.00034879 9.6401e-05
-15.405 0.00043482 0.00011393
-15.347 0.00037647 0.00010201
-15.289 0.00040718 0.0001084
-15.231 0.00035367 9.775e-05
-15.173 0.00043423 0.00011377
-15.114 0.00047455 0.00012173
-15.056 0.00032294 9.1267e-05
-14.998 0.00046793 0.00012084
-14.94 0.00053501 0.00013397
-14.882 0.00029398 8.5209e-05
-14.824 0.00062107 0.00015101
-14.766 0.00025577 7.7556e-05
-14.708 0.00044957 0.00011692
-14.65 0.00048884 0.00012459
-14.592 0.00040941 0.00010899
-14.534 0.00032562 9.2024e-05
-14.476 0.00038312 0.00010382
-14.418 0.00044718 0.0001163
-14.36 0.00031142 8.9093e-05
-14.302 0.00039916 0.00010718
-14.244 0.00036702 0.00010041
-14.186 0.00041144 0.00010953
-14.128 0.00044111 0.00011558
-14.07 0.00027268 8.1358e-05
-14.012 0.00038497 0.00010432
-13.954 0.00046939 0.00012122
-13.896 0.0004559 0.00011857
-13.838 0.00041668 0.00011093
-13.78 0.00031547 9.0252e-05
-13.722 0.00054156 0.00013561
-13.664 0.00037478 0.00010254
-13.606 0.00038951 0.00010555
-13.548 0.0004707 0.00012156
-13.49 0.00021464 6.8904e-05
-13.432 0.0004038 0.00010843
-13.374 0.00046229 0.00012023
-13.316 0.00041783 0.00011123
-13.258 0.00054415 0.00013626
-13.2 0.00043296 0.00011432
-13.142 0.00037668 0.00010306
-13.084 0.00035817 9.8994e-05
-13.026 0.00047474 0.0001226
-12.968 0.00037311 0.00010208
-12.91 0.00024709 7.6243e-05
-12.852 0.00040143 0.00010779
-12.794 0.00036112 9.9808e-05
-12.736 0.0003058 8.8633e-05
-12.678 0.00043612 0.00011516
-12.62 0.00037662 0.00010304
-12.562 0.00040416 0.00010853
-12.504 0.00028841 8.4771e-05
-12.446 0.00046901 0.00012198
-12.388 0.00036261 0.00010022
-12.329 0.00031903 9.1271e-05
-12.271 0.00042309 0.00011264
-12.213 0.00042598 0.0001134
-12.155 0.00028941 8.5064e-05
-12.097 0.00055481 0.00013893
-12.039 0.00040728 0.00010936
-11.981 0.00030811 8.9304e-05
-11.923 0.00026411 8.0086e-05
-11.865 0.00046544 0.00012105
-11.807 0.00039834 0.00010794
-11.749 0.000308 8.9272e-05
-11.691 0.00028957 8.511e-05
-11.633 0.00042287 0.00011258
-11.575 0.00029281 8.6062e-05
-11.517 0.00036744 0.00010156
-11.459 0.00046644 0.00012131
-11.401 0.00042629 0.00011349
-11.343 0.00032234 9.2217e-05
-11.285 0.00051715 0.00013181
-11.227 0.0005739 0.00014294
-11.169 0.0004102 0.00011015
-11.111 0.00042811 0.00011397
-11.053 0.00029594 8.6982e-05
-10.995 0.00042837 0.00011404
-10.937 0.00049687 0.00012746
-10.879 0.00049946 0.00012812
-10.821 0.00035687 9.9704e-05
-10.763 0.00039906 0.00010814
-10.705 0.00046975 0.00012217
-10.647 0.00035448 9.9038e-05
-10.589 0.00043235 0.0001151
-10.531 0.00037094 0.00010252
-10.473 0.00058535 0.00014503
-10.415 0.00043192 0.00011499
-10.357 0.00032726 9.3623e-05
-10.299 0.00038194 0.00010449
-10.241 0.00028344 8.457e-05
-10.183 0.00033908 9.5826e-05
-10.125 0.00052346 0.00013342
-10.067 0.00029823 8.7656e-05
-10.009 0.00047183 0.00012271
-9.9506 0.00037076 0.00010247
-9.8926 0.00042941 0.00011432
-9.8346 0.00031393 9.099e-05
-9.7766 0.00040032 0.00010847
-9.7185 0.00044246 0.00011683
-9.6605 0.00019638 6.6106e-05
-9.6025 0.00040162 0.00010883
-9.5445 0.00041516 0.00011148
-9.4864 0.00026824 8.1336e-05
-9.4284 0.00044972 0.00011875
-9.3704 0.00040428 0.00010955
-9.3124 0.00038439 0.00010516
-9.2544 0.00022264 7.1472e-05
-9.1963 0.00047216 0.00012371
-9.1383 0.0003706 0.00010243
-9.0803 0.00046442 0.00012168
-9.0223 0.00044933 0.00011865
-8.9643 0.00041068 0.00011128
-8.9062 0.00041371 0.00011109
-8.8482 0.00039061 0.00010687
-8.7902 0.00038756 0.00010603
-8.7322 0.00037933 0.00010484
-8.6742 0.00045058 0.00011898
-8.6161 0.0004303 0.00011455
-8.5581 0.0004849 0.00012611
-8.5001 0.00041832 0.00011233
-8.4421 0.00059374 0.00014711
-8.384 0.00040546 0.00010987
-8.326 0.00038773 0.00010608
-8.268 0.00046587 0.00012206
-8.21 0.00030274 8.8981e-05
-8.152 0.0003869 0.00010585
-8.0939 0.00032804 9.3848e-05
-8.0359 0.00033142 9.4814e-05
-7.9779 0.00039112 0.00010701
-7.9199 0.0004515 0.00011922
-7.8619 0.00034391 9.7193e-05
-7.8038 0.00034924 9.8697e-05
-7.7458 0.00016509 5.8902e-05
-7.6878 0.00049696 0.00012834
-7.6298 0.00039357 0.00010768
-7.5718 0.0005043 0.00013024
-7.5137 0.0003925 0.00010738
-7.4557 0.00037505 0.00010366
-7.3977 0.00047365 0.0001241
-7.3397 0.00053528 0.00013643
-7.2816 0.00035021 9.8974e-05
-7.2236 0.00038748 0.00010601
-7.1656 0.00044723 0.00011906
-7.1076 0.00044617 0.00011878
-7.0496 0.00045035 0.00011892
-6.9915 0.00034873 9.8553e-05
-6.9335 0.00048761 0.00012682
-6.8755 0.00048223 0.00012542
-6.8175 0.00044216 0.00011771
-6.7595 0.00039382 0.00010775
-6.7014 0.00040545 0.00010987
-6.6434 0.00045267 0.00012051
-6.5854 0.00047771 0.00012424
-6.5274 0.00041466 0.00011236
-6.4694 0.00040123 0.00010872
-6.4113 0.0004693 0.00012392
-6.3533 0.00030201 8.8767e-05
-6.2953 0.00044241 0.00011778
-6.2373 0.00056238 0.00014083
-6.1792 0.00051816 0.00013381
-6.1212 0.00032749 9.3691e-05
-6.0632 0.00035161 9.9368e-05
-6.0052 0.00043175 0.00011593
-5.9472 0.00036341 0.00010153
-5.8891 0.00047429 0.00012427
-5.8311 0.00042737 0.00011476
-5.7731 0.00041671 0.0001119
-5.7151 0.00052098 0.00013454
-5.6571 0.0003403 9.6173e-05
-5.599 0.00030256 8.8929e-05
-5.541 0.00045276 0.00012053
-5.483 0.00054984 0.00013928
-5.425 0.00031499 9.1298e-05
-5.3669 0.00040765 0.00011046
-5.3089 0.0002464 7.7486e-05
-5.2509 0.00043175 0.00011594
-5.1929 0.0003706 0.00010243
-5.1349 0.00038145 0.00010543
-5.0768 0.0004077 0.00011048
-5.0188 0.00042253 0.00011449
-4.9608 0.00062384 0.0001538
-4.9028 0.00049529 0.00012791
-4.8448 0.00041644 0.00011284
-4.7867 0.00047973 0.00012477
-4.7287 0.00046952 0.00012302
-4.6707 0.00055566 0.00014076
-4.6127 0.00040468 0.00010966
-4.5547 0.00043841 0.00011671
-4.4966 0.00052204 0.00013391
-4.4386 0.00043034 0.00011556
-4.3806 0.00031579 9.153e-05
-4.3226 0.00051487 0.00013207
-4.2645 0.00038468 0.00010632
-4.2065 0.00047212 0.0001237
-4.1485 0.00046998 0.00012314
-4.0905 0.00045576 0.00012034
-4.0325 0.00050231 0.00012972
-3.9744 0.00042576 0.00011433
-3.9164 0.00044521 0.00011852
-3.8584 0.00045166 0.00012024
-3.8004 0.00053145 0.00013545
-3.7424 0.00039177 0.00010719
-3.6843 0.00054632 0.00013839
-3.6263 0.00040498 0.0001108
-3.5683 0.00035893 0.00010144
-3.5103 0.00050758 0.0001302
-3.4523 0.00053981 0.00013674
-3.3942 0.00062631 0.00015518
-3.3362 0.00046625 0.00012311
-3.2782 0.00035091 9.804e-05
-3.2202 0.00037492 0.00010475
-3.1621 0.00071636 0.00017343
-3.1041 0.00054218 0.00013654
-3.0461 0.00059667 0.00014941
-2.9881 0.00050131 0.00013038
-2.9301 0.00041949 0.00011168
-2.872 0.00035655 0.000102
-2.814 0.00036248 0.00010019
-2.756 0.00052583 0.00013676
-2.698 0.00043413 0.00011557
-2.64 0.00051762 0.00013278
-2.5819 0.00061893 0.00015335
-2.5239 0.00058566 0.00014666
-2.4659 0.00050629 0.00013167
-2.4079 0.00061908 0.00015262
-2.3499 0.00057673 0.00014364
-2.2918 0.0005343 0.00013999
-2.2338 0.00069299 0.00016399
-2.1758 0.00043691 0.00011953
-2.1178 0.00061472 0.00015082
-2.0597 0.0007377 0.00017581
-2.0017 0.0006612 0.00016468
-1.9437 0.00065197 0.00015656
-1.8857 0.0006371 0.00015785
-1.8277 0.00068087 0.00016786
-1.7696 0.00087043 0.00019676
-1.7116 0.00083345 0.00020094
-1.6536 0.0010605 0.00023873
-1.5956 0.00083772 0.00019511
-1.5376 0.00098738 0.0002214
-1.4795 0.0011546 0.00026272
-1.4215 0.0011997 0.00026569
-1.3635 0.0012974 0.00028512
-1.3055 0.0011242 0.0002467
-1.2475 0.0014478 0.00031771
-1.1894 0.0020237 0.00042199
-1.1314 0.0026946 0.00055914
-1.0734 0.0029211 0.00059559
-1.0154 0.003454 0.00069485
-0.95735 0.0042806 0.00085491
-0.89933 0.004987 0.00099015
-0.84131 0.0057764 0.0011387
-0.78328 0.0064528 0.0012697
-0.72526 0.0075049 0.0014699
-0.66724 0.0081108 0.0015872
-0.60922 0.0081558 0.0016014
-0.5512 0.0087857 0.0017198
-0.49318 0.0093198 0.0018132
-0.43516 0.0092815 0.0018044
-0.37714 0.0096066 0.0018711
-0.31912 0.0087267 0.0017076
-0.26109 0.0083346 0.0016417
-0.20307 0.0077208 0.0015062
-0.14505 0.006857 0.0013452
-0.087032 0.0063107 0.0012498
-0.029011 0.0053148 0.0010508
0.029011 0.0044921 0.0009028
0.087032 0.0041928 0.00083637
0.14505 0.003005 0.00060623
0.20307 0.0027244 0.00057051
0.26109 0.0018201 0.00038815
0.31912 0.001957 0.00041034
0.37714 0.0013388 0.00028745
0.43516 0.0010141 0.00022653
0.49318 0.0014129 0.00031096
0.5512 0.00098876 0.00023029
0.60922 0.00086254 0.00020089
0.66724 0.00086254 0.00019921
0.72526 0.00089576 0.00020688
0.78328 0.00061898 0.00015117
0.84131 0.00086556 0.00020045
0.89933 0.00046906 0.0001229
0.95735 0.00068477 0.0001632
1.0154 0.00052766 0.00013535
1.0734 0.00040794 0.00011529
1.1314 0.00058025 0.00014377
1.1894 0.00045919 0.00012443
1.2475 0.00047082 0.00011927
1.3055 0.00056361 0.00014277
1.3635 0.0006698 0.00016285
1.4215 0.00059355 0.00015328
1.4795 0.00057151 0.00014022
1.5376 0.0005472 0.00013861
1.5956 0.00037855 0.00010463
1.6536 0.00054648 0.0001443
1.7116 0.0005499 0.0001343
1.7696 0.00025727 8.2589e-05
1.8277 0.00038482 0.00010751
1.8857 0.00043762 0.00011382
1.9437 0.00059257 0.000152
2.0017 0.00050687 0.00013002
2.0597 0.00055827 0.0001398
2.1178 0.00042943 0.00011869
2.1758 0.0005566 0.00013722
2.2338 0.00043908 0.00012136
2.2918 0.00029472 8.6626e-05
2.3499 0.00055664 0.000141
2.4079 0.00059026 0.00014781
2.4659 0.00055109 0.00014046
2.5239 0.00037957 0.00010491
2.5819 0.00040521 0.00011086
2.64 0.0005338 0.00013522
2.698 0.00054849 0.00014165
2.756 0.00051502 0.00013127
2.814 0.00057586 0.00014677
2.872 0.00036668 0.00010135
2.9301 0.00057877 0.00014575
2.9881 0.00047781 0.00012617
3.0461 0.00050018 0.0001283
3.1041 0.00060965 0.00015266
3.1621 0.00028384 8.6067e-05
3.2202 0.00051425 0.00013107
3.2782 0.00036149 0.00010216
3.3362 0.00026964 8.3203e-05
3.3942 0.00050347 0.00013002
3.4523 0.00043432 0.00011563
3.5103 0.00042492 0.00011514
3.5683 0.00034487 9.8661e-05
3.6263 0.00047645 0.00012483
3.6843 0.00042583 0.00011435
3.7424 0.0004317 0.00011592
3.8004 0.00042826 0.00011605
3.8584 0.00040444 0.00011065
3.9164 0.00052504 0.00013468
3.9744 0.0004003 0.00010952
4.0325 0.00041525 0.00011252
4.0905 0.00046571 0.00012297
4.1485 0.00041958 0.0001137
4.2065 0.00042285 0.00011458
4.2645 0.0003241 9.3939e-05
4.3226 0.00047302 0.00012393
4.3806 0.00045335 0.00012069
4.4386 0.00048538 0.00012717
4.4966 0.00038705 0.00010698
4.5547 0.00047044 0.00012326
4.6127 0.00050373 0.00013101
4.6707 0.000478 0.00012524
4.7287 0.00043855 0.00011675
4.7867 0.00026573 8.1995e-05
4.8448 0.00050385 0.00013012
4.9028 0.00044601 0.00011874
4.9608 0.00028401 8.6119e-05
5.0188 0.00042936 0.00011529
5.0768 0.00038518 0.00010646
5.1349 0.00038946 0.00010655
5.1929 0.00039307 0.00010864
5.2509 0.00021907 7.1933e-05
5.3089 0.00033753 9.6562e-05
5.3669 0.00031993 9.273e-05
5.425 0.00040742 0.00011147
5.483 0.00039598 0.00010944
5.541 0.00043195 0.00011599
5.599 0.00046716 0.0001224
5.6571 0.00048636 0.00012842
5.7151 0.00027396 8.3071e-05
5.7731 0.0003414 9.7668e-05
5.8311 0.00036262 0.00010248
5.8891 0.00040048 0.00010957
5.9472 0.00049104 0.00012866
6.0052 0.00041995 0.0001138
6.0632 0.0004696 0.00012304
6.1212 0.00049768 0.00013039
6.1792 0.00042756 0.00011481
6.2373 0.00051558 0.00013315
6.2953 0.00038356 0.00010601
6.3533 0.00033637 9.7494e-05
6.4113 0.00039464 0.00010797
6.4694 0.0003785 0.00010575
6.5274 0.0003644 0.00010181
6.5854 0.0004327 0.00011725
6.6434 0.00043532 0.00011689
6.7014 0.00057042 0.00014365
6.7595 0.00042452 0.00011503
6.8175 0.00036961 0.00010326
6.8755 0.00053213 0.0001365
6.9335 0.00032703 9.4788e-05
6.9915 0.00058378 0.00014618
7.0496 0.00041109 0.00011247
7.1076 0.00045767 0.00012184
7.1656 0.00041374 0.00011211
7.2236 0.00035691 0.00010087
7.2816 0.00039262 0.00010852
7.3397 0.00040678 0.00011129
7.3977 0.00042941 0.00011531
7.4557 0.00044869 0.00011945
7.5137 0.00040768 0.00011154
7.5718 0.00037295 0.0001042
7.6298 0.00044939 0.00011964
7.6878 0.00041594 0.00011271
7.7458 0.00041976 0.00011374
7.8038 0.00043058 0.00011562
7.8619 0.00051043 0.00013182
7.9199 0.00035482 0.00010028
7.9779 0.00043483 0.00011676
8.0359 0.00049213 0.00012799
8.0939 0.00029116 8.6871e-05
8.152 0.00058872 0.00014742
8.21 0.0002925 8.7271e-05
8.268 0.00041024 0.00011116
8.326 0.00047659 0.00012487
8.384 0.00053695 0.00013686
8.4421 0.00032311 9.3651e-05
8.5001 0.00040608 0.0001111
8.5581 0.00045805 0.00012095
8.6161 0.00038751 0.0001071
8.6742 0.00040571 0.000111
8.7322 0.00039902 0.00010917
8.7902 0.00034041 9.7387e-05
8.8482 0.00027579 8.3627e-05
8.9062 0.0002513 7.9027e-05
8.9643 0.0004964 0.0001291
9.0223 0.00021545 7.0745e-05
9.0803 0.00049137 0.00012779
9.1383 0.00040991 0.00011215
9.1963 0.00058431 0.00014632
9.2544 0.00041343 0.00011203
9.3124 0.00032297 9.3611e-05
9.3704 0.000511 0.00013197
9.4284 0.00042805 0.00011494
9.4864 0.00030558 8.9815e-05
9.5445 0.00037066 0.00010356
9.6025 0.00043459 0.0001167
9.6605 0.00027498 8.338e-05
9.7185 0.00038219 0.00010563
9.7766 0.00041835 0.00011336
9.8346 0.00051912 0.00013316
9.8926 0.00038225 0.00010565
9.9506 0.00048461 0.00012604
10.009 0.0004316 0.00011589
10.067 0.00044904 0.00011954
10.125 0.00039413 0.00010783
10.183 0.00041359 0.00011207
10.241 0.00041184 0.0001116
10.299 0.00043193 0.00011598
10.357 0.00041735 0.00011309
10.415 0.00038087 0.00010527
10.473 0.00045918 0.00012125
10.531 0.00035349 9.99e-05
10.589 0.00026055 8.0396e-05
10.647 0.00034712 9.8098e-05
10.705 0.00027555 8.3554e-05
10.763 0.00050724 0.00013099
10.821 0.00044142 0.00011751
10.879 0.0004514 0.00011919
10.937 0.00045732 0.00012076
10.995 0.00046228 0.00012207
11.053 0.00042521 0.00011418
11.111 0.0004109 0.00011134
11.169 0.00042593 0.00011437
11.227 0.00028977 8.6456e-05
11.285 0.00045719 0.00012072
11.343 0.00061918 0.00015265
11.401 0.00048554 0.00012628
11.459 0.00056364 0.00014194
11.517 0.00050372 0.00013009
11.575 0.00045321 0.00011967
11.633 0.00030158 8.8641e-05
11.691 0.00039597 0.00010833
11.749 0.00033522 9.5903e-05
11.807 0.00046791 0.0001226
11.865 0.00044187 0.00011763
11.923 0.00039615 0.00010838
11.981 0.00039509 0.00010809
12.039 0.00051393 0.00013183
12.097 0.00039403 0.0001078
12.155 0.00039877 0.0001091
12.213 0.00036533 0.00010207
12.271 0.00052694 0.0001343
12.329 0.00040498 0.00010974
12.388 0.00028875 8.6152e-05
12.446 0.0004971 0.00012838
12.504 0.00045121 0.00011914
12.562 0.00034308 9.6957e-05
12.62 0.00028652 8.5489e-05
12.678 0.00041802 0.00011225
12.736 0.00034333 9.7028e-05
12.794 0.00032945 9.425e-05
12.852 0.00043275 0.00011521
12.91 0.00034063 9.6266e-05
12.968 0.00037203 0.00010282
13.026 0.00045778 0.00011994
13.084 0.00040326 0.00010927
13.142 0.00050436 0.00012938
13.2 0.00031063 9.0033e-05
13.258 0.00032538 9.3086e-05
13.316 0.00035911 0.00010033
13.374 0.00037236 0.00010291
13.432 0.00035706 9.9758e-05
13.49 0.00039801 0.00010785
13.548 0.00038521 0.00010539
13.606 0.00047778 0.00012426
13.664 0.00033832 9.5613e-05
13.722 0.00042969 0.00011439
13.78 0.00045978 0.00012047
13.838 0.00037131 0.00010263
13.896 0.00042665 0.00011358
13.954 0.00052994 0.00013424
14.012 0.00041416 0.00011121
14.07 0.00030887 8.9522e-05
14.128 0.00041026 0.00011016
14.186 0.00045763 0.0001199
14.244 0.00041376 0.0001111
14.302 0.00036626 0.00010123
14.36 0.00040915 0.00010987
14.418 0.00027967 8.3444e-05
14.476 0.00035262 9.8518e-05
14.534 0.00038181 0.00010446
14.592 0.00030823 8.9339e-05
14.65 0.0003069 8.8953e-05
14.708 0.00050197 0.00012876
14.766 0.00055884 0.00013994
14.824 0.00043441 0.00011471
14.882 0.00042425 0.00011294
14.94 0.00040932 0.00010991
14.998 0.00051123 0.0001303
15.056 0.00058383 0.00014466
15.114 0.00032144 9.196e-05
15.173 0.00045436 0.00011905
15.231 0.00043784 0.00011561
15.289 0.00038913 0.00010544
15.347 0.00055302 0.00013848
15.405 0.0003631 0.00010035
15.463 0.00045953 0.00011951
15.521 0.00044572 0.00011678
15.579 0.00046296 0.0001204
15.637 0.00052288 0.00013245
15.695 0.0003733 0.00010213
15.753 0.00048659 0.00012482
15.811 0.00031554 9.0272e-05
15.869 0.00041999 0.00011181
15.927 0.00042886 0.00011324
15.985 0.00054391 0.0001362
16.043 0.0003141 8.9861e-05
16.101 0.00033093 9.3525e-05
16.159 0.00034242 9.5668e-05
16.217 0.00039938 0.00010724
16.275 0.00034302 9.5835e-05
16.333 0.00038578 0.00010454
16.391 0.00048049 0.00012325
16.449 0.00043822 0.00011482
16.507 0.00044045 0.0001154
16.565 0.00043986 0.00011525
16.623 0.00041241 0.00010979
16.681 0.00047513 0.00012188
16.739 0.00030905 8.8416e-05
16.797 0.00048456 0.0001243
16.855 0.00040449 0.00010768
16.913 0.00043158 0.00011308
16.971 0.0003782 0.00010248
17.029 0.00057474 0.00014169
17.087 0.00044833 0.0001166
17.145 0.00038733 0.00010401
17.203 0.00047262 0.00012124
17.261 0.00035257 9.7446e-05
17.319 0.00034733 9.5997e-05
17.377 0.00030511 8.7288e-05
17.435 0.0004154 0.00010969
17.493 0.00040423 0.00010761
17.551 0.00037386 0.00010131
17.609 0.00032846 9.1766e-05
17.667 0.00048615 0.00012391
17.725 0.00049677 0.00012584
17.783 0.00037233 0.00010089
17.841 0.00050537 0.00012727
17.9 0.00050327 0.00012674
17.958 0.0003846 0.00010327
18.016 0.00057291 0.00014057
18.074 0.00046003 0.00011801
18.132 0.0003801 0.00010207
18.19 0.0003921 0.00010438
18.248 0.00042223 0.00011063
18.306 0.00033674 9.3071e-05
18.364 0.00029645 8.4811e-05
18.422 0.00032619 9.1133e-05
18.48 0.00052654 0.00013114
18.538 0.00038793 0.00010327
18.596 0.0003877 0.00010321
18.654 0.00036444 9.8754e-05
18.712 0.00051271 0.00012839
18.77 0.00043911 0.0001134
18.828 0.00050734 0.00012704
18.886 0.00053476 0.0001325
18.944 0.00045159 0.00011584
19.002 0.00044778 0.00011486
19.06 0.00041183 0.0001079
19.118 0.00049325 0.00012421
19.176 0.00035597 9.6458e-05
19.234 0.0003559 9.644e-05
19.292 0.00031773 8.8771e-05
19.35 0.00035488 9.6162e-05
19.408 0.00042003 0.00010924
19.466 0.00041687 0.00010842
19.524 0.00043104 0.00011132
19.582 0.00047472 0.00012025
19.64 0.0004015 0.0001052
19.698 0.0003761 0.00010013
19.756 0.00040179 0.00010527
19.814 0.0004427 0.00011356
19.872 0.00035974 9.6599e-05
19.93 0.00043649 0.00011197
19.988 0.00043878 0.00011256
20.046 0.00043671 0.00011202
20.104 0.00034578 9.3698e-05
20.162 0.00038357 0.00010128
20.22 0.0002559 7.5214e-05
20.278 0.00046263 0.00011719
20.336 0.00043223 0.00011088
20.394 0.00034129 9.2482e-05
20.452 0.0004081 0.00010614
20.51 0.00044607 0.00011369
20.568 0.00042996 0.00011029
20.626 0.00047518 0.00011899
20.685 0.00041338 0.00010676
20.743 0.00044906 0.00011375
20.801 0.00046481 0.00011705
20.859 0.00058427 0.00014031
20.917 0.0006104 0.00014547
20.975 0.00032255 8.8246e-05
21.033 0.00038334 0.00010044
21.091 0.00046553 0.00011657
21.149 0.00052061 0.00012773
21.207 0.00038256 0.00010023
21.265 0.0004287 0.00010926
21.323 0.0004754 0.0001184
21.381 0.00039357 0.00010236
21.439 0.0006123 0.0001454
21.497 0.00043804 0.00011096
21.555 0.00042192 0.00010754
21.613 0.00048415 0.00011996
21.671 0.00041216 0.00010573
21.729 0.00044487 0.00011203
21.787 0.00023891 7.0222e-05
21.845 0.00034447 9.1705e-05
21.903 0.00033456 8.9835e-05
21.961 0.00034387 9.1545e-05
22.019 0.00041041 0.0001046
22.077 0.00037295 9.6996e-05
22.135 0.00044408 0.0001112
22.193 0.00038444 9.9281e-05
22.251 0.00050925 0.00012382
22.309 0.00049966 0.00012203
22.367 0.00059186 0.00014006
22.425 0.00045125 0.00011239
22.483 0.00051639 0.00012502
22.541 0.00049433 0.00012073
22.599 0.00044923 0.00011188
22.657 0.00039062 0.0001002
22.715 0.00038389 9.8474e-05
22.773 0.00036482 9.4881e-05
22.831 0.00038727 9.9341e-05
22.889 0.00033822 8.9308e-05
22.947 0.00046805 0.00011484
23.005 0.00045724 0.00011273
23.063 0.00037983 9.7433e-05
23.121 0.0003995 0.0001012
23.179 0.00043002 0.0001071
23.237 0.00036176 9.3424e-05
23.295 0.00059431 0.00013926
23.353 0.00048138 0.00011704
23.412 0.00046536 0.00011365
23.47 0.00044309 0.00010924
23.528 0.00055204 0.00013063
23.586 0.0003889 9.8513e-05
23.644 0.00043653 0.00010762
23.702 0.0004373 0.00010781
23.76 0.00048965 0.00011805
23.818 0.00046661 0.00011345
23.876 0.00042918 0.00010581
23.934 0.00033617 8.7431e-05
23.992 0.00050198 0.00012008
24.05 0.00050809 0.00012109
24.108 0.00060796 0.00014041
24.166 0.00031814 8.3356e-05
24.224 0.00037817 9.5233e-05
24.282 0.00044807 0.00010894
24.34 0.00032148 8.3609e-05
24.398 0.00047568 0.00011423
24.456 0.00039491 9.8357e-05
24.514 0.00039195 9.7618e-05
24.572 0.00035817 9.0729e-05
24.63 0.00038844 9.6744e-05
24.688 0.00035664 9.034e-05
24.746 0.00044115 0.0001068
24.804 0.00042807 0.00010408
24.862 0.00040748 9.9979e-05
24.92 0.00038452 9.5273e-05
24.978 0.00043928 0.00010591
25.036 0.00041664 0.0001013
25.094 0.00046326 0.00011041
25.152 0.00041529 0.00010097
25.21 0.00044699 0.00010693
25.268 0.00041463 0.00010038
25.326 0.00042472 0.0001024
25.384 0.00038718 9.4997e-05
25.442 0.00043807 0.00010479
25.5 0.000424 0.00010182
25.558 0.00044009 0.00010488
25.616 0.00049127 0.00011476
25.674 0.00040831 9.8443e-05
25.732 0.00040343 9.7267e-05
25.79 0.00059183 0.00013378
25.848 0.00044208 0.00010461
25.906 0.00052368 0.00012031
25.964 0.00046717 0.00010913
26.022 0.00050424 0.00011646
26.08 0.00037363 9.0846e-05
26.138 0.00037873 9.169e-05
26.197 0.00038325 9.2403e-05
26.255 0.00041874 9.9436e-05
26.313 0.00034964 8.5786e-05
26.371 0.0005095 0.00011676
26.429 0.00044546 0.00010406
26.487 0.00029817 7.5087e-05
26.545 0.00058422 0.00013075
26.603 0.00036271 8.745e-05
26.661 0.00055888 0.00012532
26.719 0.0004543 0.00010492
26.777 0.0003433 8.3112e-05
26.835 0.00041788 9.762e-05
26.893 0.00036565 8.7144e-05
26.951 0.00040734 9.5157e-05
27.009 0.00048431 0.00010995
27.067 0.00041309 9.5934e-05
27.125 0.00038446 9.0088e-05
27.183 0.00041219 9.5196e-05
27.241 0.00045118 0.00010266
27.299 0.00051661 0.00011499
27.357 0.00055071 0.00012139
27.415 0.00046081 0.00010395
27.473 0.00045149 0.00010206
27.531 0.00047697 0.00010675
27.589 0.00038559 8.8816e-05
27.647 0.00041406 9.4216e-05
27.705 0.0005192 0.00011427
27.763 0.00047663 0.00010573
27.821 0.00052042 0.00011388
27.879 0.00048031 0.00010587
27.937 0.00044511 9.8907e-05
27.995 0.0004642 0.00010232
28.053 0.00040294 9.0179e-05
28.111 0.00038835 8.7249e-05
28.169 0.00047408 0.00010346
28.227 0.00045068 9.8757e-05
28.285 0.00050112 0.00010817
28.343 0.00044046 9.6252e-05
28.401 0.00040117 8.8426e-05
28.459 0.00053152 0.00011315
28.517 0.00047592 0.00010218
28.575 0.00039747 8.6742e-05
28.633 0.00049244 0.00010456
28.691 0.00047339 0.00010043
28.749 0.00053651 0.00011201
28.807 0.00041402 8.8215e-05
28.865 0.00042077 8.9269e-05
28.924 0.0004458 9.3727e-05
28.982 0.00047873 9.9601e-05
29.04 0.00046089 9.5685e-05
29.098 0.00047678 9.815e-05
29.156 0.00041842 8.6324e-05
29.214 0.00044431 9.0476e-05
29.272 0.00047663 9.5771e-05
29.33 0.00046594 9.2986e-05
29.388 0.00044296 8.6936e-05
29.446 0.00045058 8.8657e-05
29.504 0 1
29.562 0 1
29.62 0 1
29.678 0 1
