-29.678 0 1
-29.62 0 1
-29.562 0 1
-29.504 0.00027703 5.4525e-05
-29.446 0.00026972 5.2917e-05
-29.388 0.00025409 5.1465e-05
-29.33 0.00025902 5.3076e-05
-29.272 0.00025663 5.3348e-05
-29.214 0.00022161 4.7429e-05
-29.156 0.00029239 6.1475e-05
-29.098 0.00029057 6.1631e-05
-29.04 0.00030014 6.3865e-05
-28.982 0.00025991 5.663e-05
-28.924 0.00024813 5.4707e-05
-28.865 0.00026097 5.7435e-05
-28.807 0.00028153 6.1638e-05
-28.749 0.00026081 5.8185e-05
-28.691 0.00030782 6.7509e-05
-28.633 0.00024876 5.6547e-05
-28.575 0.00029841 6.6299e-05
-28.517 0.00028472 6.3937e-05
-28.459 0.00035342 7.7378e-05
-28.401 0.00032902 7.2956e-05
-28.343 0.0002906 6.5887e-05
-28.285 0.00028514 6.5162e-05
-28.227 0.00033405 7.4683e-05
-28.169 0.00029574 6.7586e-05
-28.111 0.00024249 5.7441e-05
-28.053 0.0002788 6.4664e-05
-27.995 0.00027986 6.5121e-05
-27.937 0.00032077 7.3107e-05
-27.879 0.00024023 5.7858e-05
-27.821 0.00023796 5.7571e-05
-27.763 0.00029042 6.8038e-05
-27.705 0.00031163 7.228e-05
-27.647 0.00025261 6.1117e-05
-27.589 0.00023139 5.7112e-05
-27.531 0.00030422 7.1526e-05
-27.473 0.00022595 5.6399e-05
-27.415 0.00028422 6.7867e-05
-27.357 0.00033003 7.6795e-05
-27.299 0.00029309 6.9985e-05
-27.241 0.00031067 7.3312e-05
-27.183 0.00029095 6.9767e-05
-27.125 0.00031663 7.5003e-05
-27.067 0.00025313 6.2823e-05
-27.009 0.00024814 6.1939e-05
-26.951 0.00026454 6.5293e-05
-26.893 0.00025548 6.377e-05
-26.835 0.00027433 6.7708e-05
-26.777 0.00033833 8.0143e-05
-26.719 0.00028 6.9108e-05
-26.661 0.0001876 5.0944e-05
-26.603 0.00038267 8.9342e-05
-26.545 0.00030886 7.5077e-05
-26.487 0.00024475 6.2677e-05
-26.429 0.00025453 6.4738e-05
-26.371 0.00028704 7.1238e-05
-26.313 0.00028149 7.0263e-05
-26.255 0.0002734 6.8652e-05
-26.197 0.00026045 6.6244e-05
-26.138 0.0002782 6.9859e-05
-26.08 0.00027136 6.8568e-05
-26.022 0.00026362 6.7049e-05
-25.964 0.00031472 7.7268e-05
-25.906 0.00027107 6.8945e-05
-25.848 0.00032121 7.8863e-05
-25.79 0.0002166 5.8246e-05
-25.732 0.00033362 8.1493e-05
-25.674 0.00023759 6.2753e-05
-25.616 0.00038729 9.2102e-05
-25.558 0.00024739 6.4801e-05
-25.5 0.00029261 7.3938e-05
-25.442 0.00030241 7.5937e-05
-25.384 0.00038733 9.2488e-05
-25.326 0.00022019 5.9794e-05
-25.268 0.00020404 5.6598e-05
-25.21 0.0002067 5.7337e-05
-25.152 0.00026749 6.9515e-05
-25.094 0.00024189 6.4449e-05
-25.036 0.00028682 7.345e-05
-24.978 0.00026334 6.8978e-05
-24.92 0.00016735 4.9618e-05
-24.862 0.00025384 6.7045e-05
-24.804 0.00018899 5.4415e-05
-24.746 0.00024271 6.5269e-05
-24.688 0.00028023 7.2826e-05
-24.63 0.00030859 7.8486e-05
-24.572 0.00026446 6.985e-05
-24.514 0.00025892 6.8986e-05
-24.456 0.00026774 7.0717e-05
-24.398 0.00034161 8.527e-05
-24.34 0.00020524 5.8315e-05
-24.282 0.00028237 7.3964e-05
-24.224 0.00030956 7.9274e-05
-24.166 0.00034759 8.676e-05
-24.108 0.00024788 6.7311e-05
-24.05 0.00029675 7.7118e-05
-23.992 0.0001911 5.5806e-05
-23.934 0.00027026 7.2009e-05
-23.876 0.00030065 7.8132e-05
-23.818 0.00025356 6.8855e-05
-23.76 0.00014524 4.6373e-05
-23.702 0.00022456 6.3021e-05
-23.644 0.00014731 4.7034e-05
-23.586 0.00037741 9.3667e-05
-23.528 0.00024634 6.7588e-05
-23.47 0.00029605 7.7547e-05
-23.412 0.00026769 7.1986e-05
-23.353 0.0002589 7.0305e-05
-23.295 0.00029866 7.8231e-05
-23.237 0.00029132 7.6944e-05
-23.179 0.00025111 6.8897e-05
-23.121 0.00028304 7.5414e-05
-23.063 0.00034518 8.7793e-05
-23.005 0.00028163 7.5039e-05
-22.947 0.00033454 8.5671e-05
-22.889 0.00031804 8.2652e-05
-22.831 0.00021541 6.202e-05
-22.773 0.00029649 7.831e-05
-22.715 0.00024741 6.8629e-05
-22.657 0.00032129 8.3495e-05
-22.599 0.00023841 6.6905e-05
-22.541 0.00028045 7.5417e-05
-22.483 0.00025162 6.9796e-05
-22.425 0.00029435 7.8427e-05
-22.367 0.00037117 9.3789e-05
-22.309 0.00032851 8.5373e-05
-22.251 0.00030901 8.1617e-05
-22.193 0.00031047 8.2003e-05
-22.135 0.00024497 6.8747e-05
-22.077 0.00038261 9.6077e-05
-22.019 0.00028726 7.7249e-05
-21.961 0.0002821 7.6605e-05
-21.903 0.00031214 8.2442e-05
-21.845 0.00017367 5.4306e-05
-21.787 0.00025034 7.0254e-05
-21.729 0.00034999 9.0272e-05
-21.671 0.00030514 8.1302e-05
-21.613 0.00027132 7.4441e-05
-21.555 0.00035314 9.1086e-05
-21.497 0.00024366 6.9232e-05
-21.439 0.00027801 7.6278e-05
-21.381 0.00013273 4.5712e-05
-21.323 0.00030056 8.0825e-05
-21.265 0.00031529 8.4006e-05
-21.207 0.00044362 0.00010892
-21.149 0.00031056 8.2747e-05
-21.091 0.00025703 7.213e-05
-21.033 0.00024762 7.0356e-05
-20.975 0.00035967 9.2768e-05
-20.917 0.00023641 6.8068e-05
-20.859 0.00028443 7.8037e-05
-20.801 0.0002834 7.7756e-05
-20.743 0.00033881 8.8746e-05
-20.685 0.00025009 7.1058e-05
-20.626 0.00035196 9.1467e-05
-20.568 0.00040095 0.00010131
-20.51 0.00037794 9.6785e-05
-20.452 0.00020473 6.1702e-05
-20.394 0.00021673 6.4258e-05
-20.336 0.00032262 8.596e-05
-20.278 0.00033485 8.8441e-05
-20.22 0.00024192 6.9654e-05
-20.162 0.00025588 7.2705e-05
-20.104 0.00034844 9.127e-05
-20.046 0.00022208 6.5847e-05
-19.988 0.00031469 8.4624e-05
-19.93 0.00029305 8.0404e-05
-19.872 0.00034444 9.0975e-05
-19.814 0.00027079 7.5993e-05
-19.756 0.00032861 8.7555e-05
-19.698 0.00021096 6.358e-05
-19.64 0.00025009 7.2005e-05
-19.582 0.00027127 7.6127e-05
-19.524 0.0002608 7.4103e-05
-19.466 0.00027401 7.6897e-05
-19.408 0.00026166 7.4346e-05
-19.35 0.0002526 7.2727e-05
-19.292 0.00033424 8.9056e-05
-19.234 0.00031194 8.4707e-05
-19.176 0.00030295 8.312e-05
-19.118 0.00024129 7.0462e-05
-19.06 0.00022823 6.7668e-05
-19.002 0.00030118 8.2635e-05
-18.944 0.00027652 7.7602e-05
-18.886 0.00024048 7.0225e-05
-18.828 0.00024007 7.0106e-05
-18.77 0.00028181 7.9086e-05
-18.712 0.00021805 6.5718e-05
-18.654 0.00022976 6.8122e-05
-18.596 0.00033863 9.0225e-05
-18.538 0.00023112 6.8527e-05
-18.48 0.00024543 7.1673e-05
-18.422 0.00023273 6.9002e-05
-18.364 0.00030405 8.3421e-05
-18.306 0.00027051 7.686e-05
-18.248 0.0002097 6.4327e-05
-18.19 0.00018486 5.9025e-05
-18.132 0.00020867 6.4011e-05
-18.074 0.00024677 7.2063e-05
-18.016 0.00031119 8.5381e-05
-17.958 0.00033295 8.9534e-05
-17.9 0.000272 7.7284e-05
-17.841 0.00034826 9.279e-05
-17.783 0.00022597 6.8104e-05
-17.725 0.00024989 7.2974e-05
-17.667 0.00028407 7.972e-05
-17.609 0.0002773 7.8789e-05
-17.551 0.00018824 6.0102e-05
-17.493 0.00038974 0.00010129
-17.435 0.0002004 6.2663e-05
-17.377 0.00028909 8.1128e-05
-17.319 0.00025346 7.4015e-05
-17.261 0.00026533 7.6392e-05
-17.203 0.00027707 7.8726e-05
-17.145 0.00034476 9.271e-05
-17.087 0.00030335 8.4147e-05
-17.029 0.00021553 6.6116e-05
-16.971 0.00037772 9.894e-05
-16.913 0.00040844 0.00010535
-16.855 0.00030766 8.534e-05
-16.797 0.00026621 7.6646e-05
-16.739 0.00029012 8.1419e-05
-16.681 0.00025604 7.477e-05
-16.623 0.00030513 8.4641e-05
-16.565 0.00040774 0.00010517
-16.507 0.00034532 9.2861e-05
-16.449 0.0002424 7.1869e-05
-16.391 0.00018051 5.8966e-05
-16.333 0.00019103 6.0993e-05
-16.275 0.00025753 7.5206e-05
-16.217 0.00030937 8.5815e-05
-16.159 0.00030875 8.5645e-05
-16.101 0.00040995 0.00010574
-16.043 0.00037381 9.8732e-05
-15.985 0.0002959 8.304e-05
-15.927 0.00024651 7.3088e-05
-15.869 0.00023313 7.0261e-05
-15.811 0.00024325 7.2122e-05
-15.753 0.00029622 8.3131e-05
-15.695 0.00037853 9.9977e-05
-15.637 0.0003373 9.1595e-05
-15.579 0.00020867 6.5251e-05
-15.521 0.00023262 7.0108e-05
-15.463 0.00027515 7.922e-05
-15.405 0.00030017 8.4238e-05
-15.347 0.00035073 9.4317e-05
-15.289 0.00024827 7.3611e-05
-15.231 0.00042326 0.00010917
-15.173 0.00038112 0.00010066
-15.114 0.0002626 7.6685e-05
-15.056 0.00037928 0.00010018
-14.998 0.00030255 8.4906e-05
-14.94 0.00037085 9.881e-05
-14.882 0.00031506 8.7393e-05
-14.824 0.0003421 9.2898e-05
-14.766 0.00038518 0.00010173
-14.708 0.00030247 8.4882e-05
-14.65 0.00031485 8.7337e-05
-14.592 0.00021207 6.6314e-05
-14.534 0.000424 0.00010936
-14.476 0.0003325 9.1228e-05
-14.418 0.00019867 6.3434e-05
-14.36 0.00040967 0.00010646
-14.302 0.00031973 8.869e-05
-14.244 0.00030459 8.5479e-05
-14.186 0.00035493 9.5445e-05
-14.128 0.00035914 9.6578e-05
-14.07 0.00033263 9.1263e-05
-14.012 0.00029447 8.3668e-05
-13.954 0.00029083 8.2635e-05
-13.896 0.00031764 8.811e-05
-13.838 0.00025594 7.5884e-05
-13.78 0.00025616 7.5951e-05
-13.722 0.00022656 6.9499e-05
-13.664 0.00029706 8.4406e-05
-13.606 0.00033737 9.2564e-05
-13.548 0.00044177 0.00011313
-13.49 0.00034654 9.4101e-05
-13.432 0.00029635 8.4204e-05
-13.374 0.00037922 0.00010104
-13.316 0.00035001 9.5044e-05
-13.258 0.00037645 0.0001003
-13.2 0.00040501 0.00010609
-13.142 0.00035287 9.5822e-05
-13.084 0.00033516 9.1957e-05
-13.026 0.00025423 7.5379e-05
-12.968 0.00029669 8.4301e-05
-12.91 0.00025854 7.6654e-05
-12.852 0.00041892 0.00010887
-12.794 0.00032374 8.9803e-05
-12.736 0.00032632 9.0519e-05
-12.678 0.00032669 9.062e-05
-12.62 0.0003119 8.7529e-05
-12.562 0.0004048 0.00010603
-12.504 0.0004207 0.00010933
-12.446 0.00041215 0.00010796
-12.388 0.00032713 9.0742e-05
-12.329 0.00031074 8.7204e-05
-12.271 0.00035568 9.6586e-05
-12.213 0.0005749 0.00013975
-12.155 0.00045017 0.00011528
-12.097 0.0004094 0.00010724
-12.039 0.00027228 7.9513e-05
-11.981 0.00028838 8.3029e-05
-11.923 0.00034429 9.4461e-05
-11.865 0.00029774 8.4597e-05
-11.807 0.00043937 0.00011333
-11.749 0.00039968 0.00010556
-11.691 0.00036695 9.8677e-05
-11.633 0.00035584 9.6629e-05
-11.575 0.00034035 9.338e-05
-11.517 0.00042924 0.00011155
-11.459 0.00023182 7.1112e-05
-11.401 0.00034273 9.4034e-05
-11.343 0.00045625 0.00011684
-11.285 0.00037297 0.0001003
-11.227 0.00040966 0.00010731
-11.169 0.00035576 9.6605e-05
-11.111 0.00041341 0.00010829
-11.053 0.00030353 8.6243e-05
-10.995 0.00041602 0.00010897
-10.937 0.00028755 8.2791e-05
-10.879 0.00045683 0.00011699
-10.821 0.00035991 9.7733e-05
-10.763 0.0003871 0.00010314
-10.705 0.00046527 0.00011834
-10.647 0.00044463 0.00011468
-10.589 0.00041961 0.00010991
-10.531 0.00040113 0.00010595
-10.473 0.00041328 0.00010825
-10.415 0.0004038 0.00010665
-10.357 0.00041638 0.00010907
-10.299 0.00040061 0.00010581
-10.241 0.00041704 0.00010924
-10.183 0.00030444 8.6502e-05
-10.125 0.00044657 0.00011518
-10.067 0.00051678 0.00012899
-10.009 0.00044004 0.0001135
-9.9506 0.000598 0.00014468
-9.8926 0.00043317 0.00011257
-9.8346 0.00032293 9.0627e-05
-9.7766 0.00034655 9.5083e-05
-9.7185 0.00044192 0.00011398
-9.6605 0.00033697 9.3473e-05
-9.6025 0.00040389 0.00010668
-9.5445 0.00044211 0.00011403
-9.4864 0.00043058 0.0001119
-9.4284 0.00042249 0.00011066
-9.3704 0.00039515 0.00010528
-9.3124 0.00044371 0.00011445
-9.2544 0.00049899 0.0001253
-9.1963 0.00043051 0.00011277
-9.1383 0.00059384 0.00014367
-9.0803 0.00045837 0.00011738
-9.0223 0.00049176 0.00012426
-8.9643 0.00035737 9.8051e-05
-8.9062 0.0004717 0.00011997
-8.8482 0.00042198 0.00011053
-8.7902 0.00046071 0.00011798
-8.7322 0.00048124 0.0001224
-8.6742 0.00052299 0.00013054
-8.6161 0.0004057 0.00010715
-8.5581 0.00038364 0.00010316
-8.5001 0.00053442 0.00013263
-8.4421 0.00057063 0.00013939
-8.384 0.00046476 0.00011902
-8.326 0.00040362 0.0001066
-8.268 0.00044952 0.00011595
-8.21 0.00043591 0.00011328
-8.152 0.00037832 0.00010174
-8.0939 0.00044719 0.00011534
-8.0359 0.0005375 0.0001334
-7.9779 0.00053418 0.00013257
-7.9199 0.00035151 9.6443e-05
-7.8619 0.00039131 0.00010426
-7.8038 0.00036927 0.00010028
-7.7458 0.00037863 0.00010182
-7.6878 0.0005636 0.00013837
-7.6298 0.00039507 0.00010526
-7.5718 0.00042772 0.00011204
-7.5137 0.00053875 0.00013371
-7.4557 0.00054925 0.00013556
-7.3977 0.00056851 0.00013958
-7.3397 0.00047238 0.00012097
-7.2816 0.00052925 0.0001321
-7.2236 0.00044482 0.00011473
-7.1656 0.00056255 0.00013885
-7.1076 0.00057583 0.00014138
-7.0496 0.00042168 0.00011045
-6.9915 0.00055177 0.00013619
-6.9335 0.00046051 0.00011878
-6.8755 0.00051834 0.00012938
-6.8175 0.00048448 0.00012322
-6.7595 0.00055112 0.00013603
-6.7014 0.0004939 0.0001248
-6.6434 0.00063789 0.00015363
-6.5854 0.00048877 0.0001235
-6.5274 0.00050024 0.0001264
-6.4694 0.0005407 0.00013345
-6.4113 0.00043549 0.00011407
-6.3533 0.0005687 0.00013963
-6.2953 0.00048272 0.00012277
-6.2373 0.00054212 0.0001338
-6.1792 0.00067611 0.00016144
-6.1212 0.00055897 0.00013724
-6.0632 0.00077724 0.00017971
-6.0052 0.00066254 0.0001582
-5.9472 0.00074021 0.00017282
-5.8891 0.00064215 0.00015398
-5.8311 0.00061196 0.00014805
-5.7731 0.00069838 0.0001642
-5.7151 0.00054694 0.00013652
-5.6571 0.00058477 0.00014215
-5.599 0.00068117 0.00016135
-5.541 0.00068267 0.00016235
-5.483 0.00071462 0.00016802
-5.425 0.00064713 0.00015452
-5.3669 0.00057566 0.00014062
-5.3089 0.00060726 0.00014761
-5.2509 0.00056349 0.00013908
-5.1929 0.00073311 0.00017059
-5.1349 0.00079808 0.00018397
-5.0768 0.00080712 0.0001855
-5.0188 0.00079857 0.00018464
-4.9608 0.00055223 0.0001363
-4.9028 0.00053707 0.00013329
-4.8448 0.000908 0.00020536
-4.7867 0.00070211 0.00016508
-4.7287 0.00060977 0.00014753
-4.6707 0.00073246 0.0001716
-4.6127 0.00078426 0.00018078
-4.5547 0.00065057 0.00015534
-4.4966 0.0008356 0.00019149
-4.4386 0.00081894 0.00018822
-4.3806 0.00066351 0.00015779
-4.3226 0.00078039 0.00018044
-4.2645 0.00086542 0.00019724
-4.2065 0.00058695 0.00014337
-4.1485 0.00077251 0.00017918
-4.0905 0.0010404 0.00023025
-4.0325 0.00076797 0.00017812
-3.9744 0.00092489 0.00020818
-3.9164 0.0009771 0.00021845
-3.8584 0.00088439 0.00020103
-3.8004 0.00098801 0.00021996
-3.7424 0.00094317 0.00021133
-3.6843 0.0008151 0.00018733
-3.6263 0.0010152 0.00022602
-3.5683 0.00097096 0.00021755
-3.5103 0.0010287 0.00022722
-3.4523 0.0010029 0.00022238
-3.3942 0.0011068 0.00024403
-3.3362 0.00095885 0.00021532
-3.2782 0.0012153 0.00026211
-3.2202 0.0010445 0.00023206
-3.1621 0.0012231 0.00026649
-3.1041 0.0010482 0.00023027
-3.0461 0.001195 0.00026077
-2.9881 0.0010569 0.00023435
-2.9301 0.00094768 0.00021098
-2.872 0.0010774 0.00023937
-2.814 0.001027 0.00022642
-2.756 0.0014053 0.00030188
-2.698 0.001247 0.00026893
-2.64 0.0012028 0.00026088
-2.5819 0.0011405 0.00024971
-2.5239 0.0012244 0.00026517
-2.4659 0.0013199 0.00028466
-2.4079 0.001511 0.00031918
-2.3499 0.0012988 0.00027832
-2.2918 0.0013193 0.00028746
-2.2338 0.0015472 0.00032261
-2.1758 0.0015947 0.00033859
-2.1178 0.0013958 0.00029605
-2.0597 0.0014931 0.00031571
-2.0017 0.0013773 0.00029788
-1.9437 0.0015258 0.00031915
-1.8857 0.00148 0.00031528
-1.8277 0.0015429 0.00032867
-1.7696 0.0020498 0.00041568
-1.7116 0.0016344 0.00034895
-1.6536 0.0017328 0.00036131
-1.5956 0.0017657 0.00036705
-1.5376 0.0017289 0.00035719
-1.4795 0.0020228 0.00042208
-1.4215 0.0018649 0.00038632
-1.3635 0.002719 0.00054784
-1.3055 0.002625 0.00052496
-1.2475 0.0029241 0.00059022
-1.1894 0.0032758 0.00065002
-1.1314 0.003812 0.00075956
-1.0734 0.0042665 0.00083811
-1.0154 0.0056128 0.001089
-0.95735 0.0063363 0.001227
-0.89933 0.0064436 0.0012472
-0.84131 0.0074698 0.0014379
-0.78328 0.0085375 0.0016405
-0.72526 0.0094313 0.0018075
-0.66724 0.010217 0.001957
-0.60922 0.010267 0.001972
-0.5512 0.010766 0.0020637
-0.49318 0.011174 0.0021327
-0.43516 0.011279 0.0021506
-0.37714 0.011747 0.0022431
-0.31912 0.011013 0.0021094
-0.26109 0.012212 0.0023432
-0.20307 0.010324 0.0019709
-0.14505 0.01107 0.0021145
-0.087032 0.009244 0.0017804
-0.029011 0.0095696 0.0018331
0.029011 0.0095117 0.0018308
0.087032 0.008538 0.0016388
0.14505 0.0064308 0.0012398
0.20307 0.0065981 0.001289
0.26109 0.0057603 0.0011225
0.31912 0.0049355 0.00096311
0.37714 0.0040619 0.00079446
0.43516 0.0031075 0.00061703
0.49318 0.003229 0.00064745
0.5512 0.0023109 0.00047568
0.60922 0.0022395 0.00045725
0.66724 0.0020763 0.00042501
0.72526 0.0020233 0.00041622
0.78328 0.0018817 0.00038779
0.84131 0.0016521 0.00034557
0.89933 0.0015461 0.00032567
0.95735 0.0014542 0.00030603
1.0154 0.0020206 0.00041642
1.0734 0.0016241 0.00034636
1.1314 0.0013892 0.00029497
1.1894 0.0014259 0.00030753
1.2475 0.0015337 0.0003193
1.3055 0.0013064 0.00028138
1.3635 0.0014574 0.00030912
1.4215 0.0013607 0.00029694
1.4795 0.0013408 0.0002838
1.5376 0.001199 0.00026043
1.5956 0.0013049 0.00028068
1.6536 0.0011054 0.00024881
1.7116 0.0012367 0.00026203
1.7696 0.0014007 0.0003025
1.8277 0.0014942 0.00031794
1.8857 0.0010349 0.00022584
1.9437 0.0011275 0.00025154
2.0017 0.0012288 0.00026538
2.0597 0.0012147 0.00026234
2.1178 0.0010787 0.00024169
2.1758 0.0011154 0.00024088
2.2338 0.0010463 0.00023605
2.2918 0.00089462 0.00020136
2.3499 0.0010302 0.00022888
2.4079 0.0010869 0.00023964
2.4659 0.00067797 0.00016189
2.5239 0.00093891 0.00021084
2.5819 0.00096248 0.00021614
2.64 0.00096242 0.00021471
2.698 0.00072995 0.00017359
2.756 0.00096909 0.00021531
2.814 0.0010996 0.00024382
2.872 0.00074076 0.00017181
2.9301 0.00064436 0.00015519
2.9881 0.00092665 0.0002101
3.0461 0.00080977 0.00018506
3.1041 0.00067814 0.00016261
3.1621 0.00086318 0.00019781
3.2202 0.00067026 0.00015817
3.2782 0.00082454 0.00019006
3.3362 0.00074569 0.00017532
3.3942 0.00084616 0.00019285
3.4523 0.00067549 0.00016001
3.5103 0.00079568 0.00018455
3.5683 0.00083995 0.00019304
3.6263 0.00080142 0.00018474
3.6843 0.00066948 0.00015921
3.7424 0.00077475 0.00017969
3.8004 0.00088413 0.0002015
3.8584 0.00073289 0.00017231
3.9164 0.00067821 0.00016129
3.9744 0.00071947 0.00016915
4.0325 0.0008072 0.00018607
4.0905 0.00069563 0.00016478
4.1485 0.00070679 0.00016679
4.2065 0.00040782 0.00010866
4.2645 0.00059419 0.00014514
4.3226 0.00061257 0.0001482
4.3806 0.00069919 0.00016562
4.4386 0.00071839 0.00016953
4.4966 0.0005189 0.0001303
4.5547 0.0006418 0.0001539
4.6127 0.00054133 0.00013512
4.6707 0.00063093 0.00015196
4.7287 0.00046773 0.00011978
4.7867 0.00067442 0.00016104
4.8448 0.00053003 0.0001323
4.9028 0.00056414 0.00013924
4.9608 0.00069468 0.0001652
5.0188 0.00056059 0.00013836
5.0768 0.00061125 0.00014858
5.1349 0.00061973 0.00014926
5.1929 0.00048673 0.00012465
5.2509 0.00045362 0.00011788
5.3089 0.00050397 0.00012735
5.3669 0.00035631 9.7761e-05
5.425 0.0004725 0.00012187
5.483 0.00048757 0.00012486
5.541 0.00045823 0.00011819
5.599 0.00045542 0.00011747
5.6571 0.00050019 0.00012809
5.7151 0.00034044 9.4433e-05
5.7731 0.0004635 0.00011955
5.8311 0.00058739 0.00014421
5.8891 0.00041934 0.00011076
5.9472 0.00044354 0.00011618
6.0052 0.00056863 0.00014035
6.0632 0.00039751 0.00010591
6.1212 0.00039203 0.00010646
6.1792 0.00055716 0.00013752
6.2373 0.00029174 8.5194e-05
6.2953 0.00041649 0.00011
6.3533 0.00044962 0.00011777
6.4113 0.00044059 0.0001145
6.4694 0.00039606 0.00010651
6.5274 0.00041387 0.00010931
6.5854 0.0005235 0.00013228
6.6434 0.00049484 0.00012586
6.7014 0.00053483 0.0001335
6.7595 0.0003784 0.00010275
6.8175 0.00048541 0.00012346
6.8755 0.0004708 0.00012143
6.9335 0.00037509 0.00010185
6.9915 0.00044796 0.00011642
7.0496 0.00038418 0.00010432
7.1076 0.00038293 0.00010398
7.1656 0.00034416 9.5465e-05
7.2236 0.00046538 0.00012004
7.2816 0.00036751 0.00010083
7.3397 0.00053027 0.00013316
7.3977 0.000415 0.00010961
7.4557 0.00046503 0.00011995
7.5137 0.00036489 0.00010011
7.5718 0.00051161 0.00012927
7.6298 0.000335 9.4011e-05
7.6878 0.00048068 0.0001231
7.7458 0.00036139 9.9154e-05
7.8038 0.00047867 0.00012258
7.8619 0.00043449 0.00011381
7.9199 0.00033182 9.3121e-05
7.9779 0.0002747 8.1448e-05
8.0359 0.00019982 6.5273e-05
8.0939 0.00035739 9.8057e-05
8.152 0.00034974 9.7014e-05
8.21 0.0003767 0.00010229
8.268 0.00031675 8.9998e-05
8.326 0.00037488 0.0001018
8.384 0.00034414 9.5459e-05
8.4421 0.00028864 8.4289e-05
8.5001 0.0003663 0.0001005
8.5581 0.00036937 0.0001003
8.6161 0.00030582 8.8052e-05
8.6742 0.00033528 9.409e-05
8.7322 0.00034503 9.5706e-05
8.7902 0.00037518 0.00010188
8.8482 0.00033012 9.2643e-05
8.9062 0.00023565 7.3686e-05
8.9643 0.00025933 7.8158e-05
9.0223 0.00038828 0.00010441
9.0803 0.00034297 9.5137e-05
9.1383 0.00030634 8.82e-05
9.1963 0.00040099 0.00010684
9.2544 0.00024318 7.4596e-05
9.3124 0.00039088 0.00010511
9.3704 0.00033281 9.3399e-05
9.4284 0.0002438 7.4789e-05
9.4864 0.00027163 8.0538e-05
9.5445 0.0003858 0.00010375
9.6025 0.00048015 0.00012296
9.6605 0.0003152 8.956e-05
9.7185 0.00030046 8.6508e-05
9.7766 0.00024698 7.5762e-05
9.8346 0.00040132 0.00010693
9.8926 0.00037371 0.00010148
9.9506 0.00025608 7.7178e-05
10.009 0.00024436 7.496e-05
10.067 0.00037558 0.00010199
10.125 0.00021415 6.8375e-05
10.183 0.00037283 0.00010124
10.241 0.00022826 7.1374e-05
10.299 0.00021561 6.8841e-05
10.357 0.000187 6.2639e-05
10.415 0.00035226 9.665e-05
10.473 0.00029976 8.6308e-05
10.531 0.00030295 8.7225e-05
10.589 0.00027269 8.0851e-05
10.647 0.00041169 0.00010874
10.705 0.00025825 7.7831e-05
10.763 0.00027246 8.0783e-05
10.821 0.00021427 6.8413e-05
10.879 0.0002537 7.6463e-05
10.937 0.00028574 8.3442e-05
10.995 0.00024174 7.4155e-05
11.053 0.00023992 7.3597e-05
11.111 0.00031183 8.8602e-05
11.169 0.00028478 8.3162e-05
11.227 0.00012844 4.9143e-05
11.285 0.0001998 6.5268e-05
11.343 0.00024051 7.3778e-05
11.401 0.00036739 9.9766e-05
11.459 0.00021481 6.8587e-05
11.517 0.0002691 7.9787e-05
11.575 0.00029744 8.5638e-05
11.633 0.00046816 0.00011989
11.691 0.00018491 6.1939e-05
11.749 0.00027117 8.04e-05
11.807 0.00029571 8.514e-05
11.865 0.00038584 0.00010376
11.923 0.00030043 8.6499e-05
11.981 0.00032425 9.0997e-05
12.039 0.00038274 0.00010292
12.097 0.000282 8.235e-05
12.155 0.00022917 7.1659e-05
12.213 0.0002262 7.073e-05
12.271 0.00023873 7.3232e-05
12.329 0.00015629 5.5519e-05
12.388 0.00036882 0.00010015
12.446 0.00023914 7.336e-05
12.504 0.00018159 6.0825e-05
12.562 0.00023733 7.2803e-05
12.62 0.00026811 7.9492e-05
12.678 0.00032193 9.0345e-05
12.736 0.00020804 6.6425e-05
12.794 0.00020855 6.6586e-05
12.852 0.00020998 6.7044e-05
12.91 0.00029097 8.3776e-05
12.968 0.00027728 8.0971e-05
13.026 0.00032069 8.9996e-05
13.084 0.00022148 6.9256e-05
13.142 0.00026325 7.8053e-05
13.2 0.00035912 9.752e-05
13.258 0.00025087 7.5607e-05
13.316 0.00022284 6.9681e-05
13.374 0.00024935 7.5149e-05
13.432 0.00035748 9.7074e-05
13.49 0.00033229 9.2173e-05
13.548 0.00023603 7.2403e-05
13.606 0.00023508 7.2112e-05
13.664 0.00023397 7.1771e-05
13.722 0.0003195 8.9663e-05
13.78 0.00027741 8.1011e-05
13.838 0.0003317 9.2009e-05
13.896 0.00018021 6.0362e-05
13.954 0.0002758 8.0539e-05
14.012 0.0002495 7.5195e-05
14.07 0.00020719 6.6153e-05
14.128 0.00015107 5.3664e-05
14.186 0.00027581 8.0544e-05
14.244 0.00016539 5.696e-05
14.302 0.00017894 5.994e-05
14.36 0.00025961 7.6972e-05
14.418 0.00024683 7.439e-05
14.476 0.00021822 6.8235e-05
14.534 0.00027369 7.9924e-05
14.592 0.00027342 7.9844e-05
14.65 0.00028805 8.2935e-05
14.708 0.0002495 7.5197e-05
14.766 0.00028904 8.322e-05
14.824 0.00018962 6.1942e-05
14.882 0.00020647 6.5923e-05
14.94 0.00023303 7.1484e-05
14.998 0.00028462 8.1948e-05
15.056 0.00022815 6.9986e-05
15.114 0.00025927 7.6872e-05
15.173 0.00027229 7.9516e-05
15.231 0.00023157 7.1037e-05
15.289 0.00018769 6.1311e-05
15.347 0.00019031 6.2167e-05
15.405 0.00027164 7.9325e-05
15.463 0.00014828 5.2673e-05
15.521 0.00033621 9.2245e-05
15.579 0.00031129 8.7359e-05
15.637 0.00027053 7.9002e-05
15.695 0.00024184 7.2887e-05
15.753 0.00025369 7.5219e-05
15.811 0.00030833 8.6527e-05
15.869 0.00024327 7.3317e-05
15.927 0.00022638 6.9446e-05
15.985 0.00032082 8.8991e-05
16.043 0.00020017 6.3913e-05
16.101 0.00022853 7.0103e-05
16.159 0.0002421 7.2967e-05
16.217 0.00017305 5.7966e-05
16.275 0.00024072 7.255e-05
16.333 0.00020011 6.3894e-05
16.391 0.00025371 7.5224e-05
16.449 0.00018423 6.018e-05
16.507 0.00023883 7.1979e-05
16.565 0.00022552 6.918e-05
16.623 0.00021097 6.597e-05
16.681 0.00022352 6.8567e-05
16.739 0.00026151 7.6368e-05
16.797 0.00021132 6.6079e-05
16.855 0.00028812 8.1864e-05
16.913 0.00019462 6.2141e-05
16.971 0.00026185 7.6466e-05
17.029 0.00015797 5.4405e-05
17.087 0.00016969 5.684e-05
17.145 0.00025893 7.5614e-05
17.203 0.00020938 6.5472e-05
17.261 0.00019675 6.2819e-05
17.319 0.00019573 6.2494e-05
17.377 0.00025823 7.5408e-05
17.435 0.00015503 5.3393e-05
17.493 0.00016993 5.6919e-05
17.551 0.00016843 5.6419e-05
17.609 0.00038427 0.00010065
17.667 0.00016821 5.6345e-05
17.725 0.00021906 6.7199e-05
17.783 0.00014159 5.0295e-05
17.841 0.0002826 8.0297e-05
17.9 0.00028135 7.9941e-05
17.958 0.0002057 6.4322e-05
18.016 0.00019086 6.0938e-05
18.074 0.00025198 7.3583e-05
18.132 0.00030648 8.5014e-05
18.19 0.00022872 6.8932e-05
18.248 0.00022883 6.8965e-05
18.306 0.00022619 6.8169e-05
18.364 0.00035589 9.4823e-05
18.422 0.00017718 5.7877e-05
18.48 0.00025226 7.3665e-05
18.538 0.00025204 7.3603e-05
18.596 0.0002121 6.5064e-05
18.654 0.00024015 7.1203e-05
18.712 0.00026519 7.6352e-05
18.77 0.00028742 8.066e-05
18.828 0.00025063 7.3189e-05
18.886 0.00016389 5.4898e-05
18.944 0.00017435 5.6955e-05
19.002 0.00016092 5.3901e-05
19.06 0.00019872 6.2137e-05
19.118 0.00017412 5.6877e-05
19.176 0.00021025 6.4496e-05
19.234 0.00013598 4.8303e-05
19.292 0.00025747 7.4132e-05
19.35 0.00019717 6.1653e-05
19.408 0.00022178 6.684e-05
19.466 0.00014559 5.0139e-05
19.524 0.0002455 7.1691e-05
19.582 0.00024552 7.1697e-05
19.64 0.00021928 6.6087e-05
19.698 0.00019416 6.0712e-05
19.756 0.00026593 7.556e-05
19.814 0.00020877 6.4042e-05
19.872 0.00021718 6.5454e-05
19.93 0.00010853 4.1523e-05
19.988 8.439e-05 3.5618e-05
20.046 0.00030072 8.2508e-05
20.104 0.00022792 6.7576e-05
20.162 0.00023821 6.9563e-05
20.22 0.00018073 5.7705e-05
20.278 0.00030065 8.2488e-05
20.336 0.00014341 4.9391e-05
20.394 0.00033176 8.8395e-05
20.452 0.00018912 5.9138e-05
20.51 0.00025265 7.2743e-05
20.568 0.00016622 5.4296e-05
20.626 0.00018677 5.8402e-05
20.685 0.00027895 7.7378e-05
20.743 0.00018741 5.8603e-05
20.801 0.00022248 6.5965e-05
20.859 0.0002086 6.2868e-05
20.917 0.00017465 5.5762e-05
20.975 0.00023114 6.7497e-05
21.033 0.00023244 6.7877e-05
21.091 0.00020627 6.2167e-05
21.149 0.00012655 4.4952e-05
21.207 0.00025402 7.2177e-05
21.265 0.00035579 9.2461e-05
21.323 0.00023841 6.8641e-05
21.381 0.00029766 8.0829e-05
21.439 0.00016053 5.2438e-05
21.497 0.00026142 7.3362e-05
21.555 0.00020345 6.1317e-05
21.613 0.00022569 6.5906e-05
21.671 0.00021453 6.3608e-05
21.729 0.00026876 7.4551e-05
21.787 0.00025824 7.2471e-05
21.845 0.00012222 4.3417e-05
21.903 0.00024431 6.9416e-05
21.961 0.00018794 5.7651e-05
22.019 0.00019648 5.9216e-05
22.077 0.00026297 7.2945e-05
22.135 0.00017509 5.4751e-05
22.193 0.00019458 5.8644e-05
22.251 0.00021518 6.2836e-05
22.309 0.0001851 5.6782e-05
22.367 0.00018481 5.6693e-05
22.425 0.00021652 6.3228e-05
22.483 0.00023526 6.6847e-05
22.541 0.00024798 6.9593e-05
22.599 0.00017277 5.4024e-05
22.657 0.00021405 6.2508e-05
22.715 0.00019035 5.7368e-05
22.773 0.00019212 5.7901e-05
22.831 0.00020322 6.0255e-05
22.889 0.00024187 6.7878e-05
22.947 0.00021902 6.3059e-05
23.005 0.00014675 4.7938e-05
23.063 0.00029233 7.7888e-05
23.121 0.00027113 7.3625e-05
23.179 0.00023735 6.6608e-05
23.237 0.00020622 6.0222e-05
23.295 0.00020529 5.995e-05
23.353 0.00024431 6.7769e-05
23.412 0.0001733 5.3161e-05
23.47 0.000162 5.0656e-05
23.528 0.00019264 5.7117e-05
23.586 0.00023117 6.4874e-05
23.644 0.00017037 5.2261e-05
23.702 0.00021031 6.0553e-05
23.76 0.00026844 7.2186e-05
23.818 0.00020726 5.9673e-05
23.876 0.0001666 5.1106e-05
23.934 0.00012734 4.2656e-05
23.992 0.00023462 6.508e-05
24.05 0.00020414 5.8775e-05
24.108 0.0002307 6.3994e-05
24.166 0.00018325 5.4332e-05
24.224 0.00023036 6.3899e-05
24.282 0.00019035 5.5586e-05
24.34 0.00017928 5.3156e-05
24.398 0.00022744 6.309e-05
24.456 0.00028346 7.4248e-05
24.514 0.00020534 5.8345e-05
24.572 0.00022239 6.1688e-05
24.63 0.00015792 4.8442e-05
24.688 0.00024981 6.7177e-05
24.746 0.0001559 4.7823e-05
24.804 0.00018051 5.2713e-05
24.862 0.00018152 5.3007e-05
24.92 0.00024391 6.5591e-05
24.978 0.00016919 5.0165e-05
25.036 0.00019423 5.5188e-05
25.094 0.00027437 7.1302e-05
25.152 0.00030815 7.7866e-05
25.21 0.0002086 5.7863e-05
25.268 0.0002608 6.8314e-05
25.326 0.000121 3.9525e-05
25.384 0.00014579 4.4723e-05
25.442 0.00022224 6.035e-05
25.5 0.0001525 4.5961e-05
25.558 0.00028473 7.2419e-05
25.616 0.00024356 6.433e-05
25.674 0.00023274 6.2011e-05
25.732 0.00020428 5.6049e-05
25.79 0.00015486 4.5915e-05
25.848 0.00026775 6.8567e-05
25.906 0.00020905 5.6767e-05
25.964 0.00023012 6.078e-05
26.022 0.00019163 5.3157e-05
26.08 0.00026818 6.8209e-05
26.138 0.00021281 5.7228e-05
26.197 0.00021066 5.665e-05
26.255 0.00018663 5.1768e-05
26.313 0.00019427 5.3302e-05
26.371 0.00016101 4.6359e-05
26.429 0.00023542 6.118e-05
26.487 0.00021829 5.7654e-05
26.545 0.00012725 3.9034e-05
26.603 0.00022117 5.7934e-05
26.661 0.00021029 5.5542e-05
26.719 0.00023221 5.9893e-05
26.777 0.00020866 5.5111e-05
26.835 0.00019886 5.2985e-05
26.893 0.00027236 6.7223e-05
26.951 0.0002297 5.8823e-05
27.009 0.00023359 5.9411e-05
27.067 0.00019643 5.188e-05
27.125 0.00013358 3.901e-05
27.183 0.00013693 3.9425e-05
27.241 0.00021368 5.4719e-05
27.299 0.00017894 4.7676e-05
27.357 0.00021953 5.5473e-05
27.415 0.00026922 6.5134e-05
27.473 0.00034738 8.0075e-05
27.531 0.00023866 5.8905e-05
27.589 0.00020556 5.2283e-05
27.647 0.00024966 6.0687e-05
27.705 0.00023368 5.7372e-05
27.763 0.00018876 4.8338e-05
27.821 0.0002072 5.1718e-05
27.879 0.00024669 5.9155e-05
27.937 0.00022133 5.4064e-05
27.995 0.00017411 4.4587e-05
28.053 0.00021667 5.2669e-05
28.111 0.00017396 4.4245e-05
28.169 0.00015964 4.1176e-05
28.227 0.00020094 4.9084e-05
28.285 0.00013912 3.6744e-05
28.343 0.00029869 6.739e-05
28.401 0.00018439 4.5271e-05
28.459 0.0002664 6.0716e-05
28.517 0.00018603 4.5007e-05
28.575 0.00024308 5.5706e-05
28.633 0.00022026 5.0928e-05
28.691 0.00021687 4.9844e-05
28.749 0.00022297 5.0554e-05
28.807 0.00019501 4.4952e-05
28.865 0.00017027 4.0033e-05
28.924 0.00019274 4.4047e-05
28.982 0.00023116 5.0965e-05
29.04 0.0002664 5.7227e-05
29.098 0.00019427 4.2993e-05
29.156 0.00020281 4.4053e-05
29.214 0.00021741 4.6113e-05
29.272 0.00021456 4.4771e-05
29.33 0.00023254 4.7503e-05
29.388 0.00022763 4.5041e-05
29.446 0.00021035 4.2044e-05
29.504 0 1
29.562 0 1
29.62 0 1
29.678 0 1
