-29.678 0 1
-29.62 0 1
-29.562 0 1
-29.504 0.00028079 5.3359e-05
-29.446 0.00026145 4.9647e-05
-29.388 0.00024993 4.8322e-05
-29.33 0.00024094 4.7011e-05
-29.272 0.00022705 4.4803e-05
-29.214 0.00027834 5.4728e-05
-29.156 0.00022609 4.539e-05
-29.098 0.0002469 4.9545e-05
-29.04 0.00021231 4.333e-05
-28.982 0.00025054 5.0634e-05
-28.924 0.0002227 4.5632e-05
-28.865 0.00025633 5.2059e-05
-28.807 0.00025251 5.1534e-05
-28.749 0.00027594 5.6141e-05
-28.691 0.00025415 5.2302e-05
-28.633 0.00025274 5.2217e-05
-28.575 0.00025485 5.2784e-05
-28.517 0.00028571 5.8666e-05
-28.459 0.00028198 5.8164e-05
-28.401 0.00026656 5.5404e-05
-28.343 0.00025863 5.4064e-05
-28.285 0.00022396 4.7752e-05
-28.227 0.0002253 4.8104e-05
-28.169 0.00023549 5.0144e-05
-28.111 0.0002401 5.1057e-05
-28.053 0.00030661 6.3616e-05
-27.995 0.00027709 5.8225e-05
-27.937 0.00025112 5.3472e-05
-27.879 0.00025238 5.3812e-05
-27.821 0.00026537 5.6359e-05
-27.763 0.00020564 4.5352e-05
-27.705 0.00026769 5.7077e-05
-27.647 0.00022925 4.9969e-05
-27.589 0.00030414 6.4124e-05
-27.531 0.00025396 5.488e-05
-27.473 0.00026441 5.6867e-05
-27.415 0.00025504 5.5203e-05
-27.357 0.00027075 5.823e-05
-27.299 0.0002725 5.8698e-05
-27.241 0.00021991 4.8816e-05
-27.183 0.00025977 5.6419e-05
-27.125 0.00024641 5.4013e-05
-27.067 0.00023635 5.2234e-05
-27.009 0.00029016 6.2406e-05
-26.951 0.00031447 6.7052e-05
-26.893 0.0002454 5.4234e-05
-26.835 0.00028143 6.1123e-05
-26.777 0.00026185 5.7512e-05
-26.719 0.00026806 5.8759e-05
-26.661 0.00032073 6.8774e-05
-26.603 0.00021959 4.9878e-05
-26.545 0.00020197 4.6593e-05
-26.487 0.00024071 5.3945e-05
-26.429 0.00023564 5.3082e-05
-26.371 0.00026926 5.9508e-05
-26.313 0.00029423 6.4251e-05
-26.255 0.00024307 5.4612e-05
-26.197 0.00019749 4.6041e-05
-26.138 0.0002667 5.9204e-05
-26.08 0.00020818 4.8189e-05
-26.022 0.0002083 4.8217e-05
-25.964 0.00024302 5.4892e-05
-25.906 0.00028735 6.3371e-05
-25.848 0.00018115 4.328e-05
-25.79 0.00026096 5.8484e-05
-25.732 0.00026862 6.0052e-05
-25.674 0.00024439 5.5511e-05
-25.616 0.00023705 5.4163e-05
-25.558 0.00030078 6.6196e-05
-25.5 0.00026603 5.9772e-05
-25.442 0.00023368 5.3731e-05
-25.384 0.00025166 5.7161e-05
-25.326 0.00026094 5.8939e-05
-25.268 0.00030364 6.7106e-05
-25.21 0.00028842 6.4322e-05
-25.152 0.00027523 6.1838e-05
-25.094 0.00027285 6.1464e-05
-25.036 0.00022384 5.2185e-05
-24.978 0.00028082 6.3093e-05
-24.92 0.00030872 6.8378e-05
-24.862 0.00028186 6.3329e-05
-24.804 0.0002627 5.9845e-05
-24.746 0.00023136 5.3938e-05
-24.688 0.00027961 6.3156e-05
-24.63 0.00026543 6.0466e-05
-24.572 0.00028745 6.4753e-05
-24.514 0.00029116 6.5587e-05
-24.456 0.00028642 6.4695e-05
-24.398 0.00027244 6.2063e-05
-24.34 0.00022225 5.2637e-05
-24.282 0.00031384 6.9992e-05
-24.224 0.00017465 4.3532e-05
-24.166 0.00027113 6.1952e-05
-24.108 0.0002694 6.1746e-05
-24.05 0.00027161 6.2254e-05
-23.992 0.00021207 5.0899e-05
-23.934 0.0002876 6.5326e-05
-23.876 0.00023902 5.6149e-05
-23.818 0.00023066 5.4629e-05
-23.76 0.00024499 5.733e-05
-23.702 0.00025663 5.9612e-05
-23.644 0.00022146 5.291e-05
-23.586 0.00027974 6.4117e-05
-23.528 0.00035063 7.7491e-05
-23.47 0.00020791 5.0391e-05
-23.412 0.00032217 7.2201e-05
-23.353 0.00022604 5.4003e-05
-23.295 0.00028768 6.5731e-05
-23.237 0.00030782 6.9527e-05
-23.179 0.00023839 5.646e-05
-23.121 0.00029823 6.7939e-05
-23.063 0.00025033 5.8806e-05
-23.005 0.0002089 5.0894e-05
-22.947 0.0002998 6.8295e-05
-22.889 0.00027583 6.385e-05
-22.831 0.00024351 5.7673e-05
-22.773 0.00021673 5.2527e-05
-22.715 0.00023941 5.6944e-05
-22.657 0.00029004 6.6691e-05
-22.599 0.0002423 5.7631e-05
-22.541 0.00028356 6.5416e-05
-22.483 0.0002108 5.1633e-05
-22.425 0.00029267 6.7294e-05
-22.367 0.00023881 5.7055e-05
-22.309 0.00032062 7.2619e-05
-22.251 0.00020237 5.0136e-05
-22.193 0.00028635 6.6284e-05
-22.135 0.00027852 6.4697e-05
-22.077 0.00027924 6.4865e-05
-22.019 0.00028813 6.6696e-05
-21.961 0.0002165 5.3028e-05
-21.903 0.00017238 4.449e-05
-21.845 0.0003279 7.4269e-05
-21.787 0.00027319 6.3928e-05
-21.729 0.00026499 6.2499e-05
-21.671 0.00019646 4.9282e-05
-21.613 0.00024657 5.8908e-05
-21.555 0.00022648 5.5176e-05
-21.497 0.00029109 6.7618e-05
-21.439 0.00024069 5.8047e-05
-21.381 0.00025503 6.0658e-05
-21.323 0.00024781 5.9479e-05
-21.265 0.00025878 6.1551e-05
-21.207 0.00027132 6.3993e-05
-21.149 0.0002412 5.8168e-05
-21.091 0.00024878 5.9711e-05
-21.033 0.00028571 6.6857e-05
-20.975 0.00020442 5.1278e-05
-20.917 0.00027734 6.515e-05
-20.859 0.00026282 6.2512e-05
-20.801 0.00028699 6.7157e-05
-20.743 0.00021564 5.3423e-05
-20.685 0.00028017 6.5815e-05
-20.626 0.00017637 4.5886e-05
-20.568 0.00021317 5.3135e-05
-20.51 0.00021253 5.2974e-05
-20.452 0.00029372 6.8475e-05
-20.394 0.00022482 5.5375e-05
-20.336 0.00027338 6.4746e-05
-20.278 0.00023808 5.8001e-05
-20.22 0.00029084 6.8058e-05
-20.162 0.00021591 5.3818e-05
-20.104 0.00028148 6.6389e-05
-20.046 0.00026415 6.3109e-05
-19.988 0.00023364 5.7226e-05
-19.93 0.00022825 5.622e-05
-19.872 0.00018813 4.8555e-05
-19.814 0.00027113 6.4489e-05
-19.756 0.00016923 4.4796e-05
-19.698 0.00024215 5.8993e-05
-19.64 0.00025748 6.2096e-05
-19.582 0.00028705 6.7703e-05
-19.524 0.00017011 4.5027e-05
-19.466 0.00022627 5.6059e-05
-19.408 0.00016624 4.4418e-05
-19.35 0.00024625 5.9992e-05
-19.292 0.00030619 7.1382e-05
-19.234 0.00027026 6.4568e-05
-19.176 0.00022492 5.6064e-05
-19.118 0.00022232 5.5415e-05
-19.06 0.00021589 5.4156e-05
-19.002 0.00029717 6.9811e-05
-18.944 0.000293 6.9106e-05
-18.886 0.00015589 4.2508e-05
-18.828 0.00021082 5.3235e-05
-18.77 0.00021282 5.374e-05
-18.712 0.00025856 6.2667e-05
-18.654 0.00027417 6.5503e-05
-18.596 0.00024878 6.0609e-05
-18.538 0.00029458 6.9478e-05
-18.48 0.00020966 5.3312e-05
-18.422 0.00027135 6.5128e-05
-18.364 0.00027631 6.6012e-05
-18.306 0.00024649 6.0374e-05
-18.248 0.0003112 7.2824e-05
-18.19 0.00025454 6.2012e-05
-18.132 0.0002845 6.7668e-05
-18.074 0.00023654 5.8602e-05
-18.016 0.00024546 6.0458e-05
-17.958 0.0002554 6.222e-05
-17.9 0.00039579 8.8925e-05
-17.841 0.000237 5.8717e-05
-17.783 0.00025786 6.2819e-05
-17.725 0.00025868 6.3019e-05
-17.667 0.00019194 4.9936e-05
-17.609 0.000368 8.3832e-05
-17.551 0.00028613 6.8359e-05
-17.493 0.00020641 5.2867e-05
-17.435 0.00023922 5.9265e-05
-17.377 0.0002973 7.041e-05
-17.319 0.00028695 6.8555e-05
-17.261 0.00022113 5.5839e-05
-17.203 0.00025764 6.2766e-05
-17.145 0.00023491 5.8554e-05
-17.087 0.00028129 6.7514e-05
-17.029 0.0002471 6.0863e-05
-16.971 0.00028663 6.8478e-05
-16.913 0.00017496 4.6746e-05
-16.855 0.00019131 5.0192e-05
-16.797 0.00026852 6.5081e-05
-16.739 0.0003444 7.9451e-05
-16.681 0.00015102 4.2132e-05
-16.623 0.00026293 6.4055e-05
-16.565 0.00023647 5.8941e-05
-16.507 0.00029589 7.0377e-05
-16.449 0.00024341 6.0303e-05
-16.391 0.00033962 7.889e-05
-16.333 0.00019789 5.1483e-05
-16.275 0.00022289 5.6282e-05
-16.217 0.00032621 7.6337e-05
-16.159 0.00022595 5.7056e-05
-16.101 0.00035179 8.1156e-05
-16.043 0.00021167 5.4215e-05
-15.985 0.00024571 6.0873e-05
-15.927 0.00019357 5.0785e-05
-15.869 0.00021961 5.584e-05
-15.811 0.00030486 7.2202e-05
-15.753 0.00024672 6.1123e-05
-15.695 0.00024239 6.0417e-05
-15.637 0.00024087 6.0038e-05
-15.579 0.00027479 6.66e-05
-15.521 0.00025432 6.2641e-05
-15.463 0.00025067 6.2103e-05
-15.405 0.00029622 7.077e-05
-15.347 0.00026062 6.3835e-05
-15.289 0.00031774 7.494e-05
-15.231 0.00023737 5.9542e-05
-15.173 0.00024367 6.0737e-05
-15.114 0.00020909 5.3963e-05
-15.056 0.0002567 6.3226e-05
-14.998 0.00027814 6.7413e-05
-14.94 0.00021813 5.5869e-05
-14.882 0.00030311 7.2095e-05
-14.824 0.00032002 7.5478e-05
-14.766 0.00024669 6.1488e-05
-14.708 0.00024458 6.0964e-05
-14.65 0.00019608 5.1445e-05
-14.592 0.00028608 6.8992e-05
-14.534 0.00027837 6.7468e-05
-14.476 0.00026715 6.5434e-05
-14.418 0.00020354 5.2955e-05
-14.36 0.00025409 6.2949e-05
-14.302 0.00030841 7.3355e-05
-14.244 0.00026637 6.5243e-05
-14.186 0.00028485 6.8695e-05
-14.128 0.00024016 6.0243e-05
-14.07 0.00028297 6.8581e-05
-14.012 0.0002951 7.0828e-05
-13.954 0.00020485 5.3293e-05
-13.896 0.00025555 6.3312e-05
-13.838 0.00028306 6.8603e-05
-13.78 0.00022149 5.673e-05
-13.722 0.00026056 6.4177e-05
-13.664 0.00024865 6.1979e-05
-13.606 0.00030662 7.3256e-05
-13.548 0.00026229 6.4605e-05
-13.49 0.00026919 6.5933e-05
-13.432 0.0002149 5.5462e-05
-13.374 0.00027339 6.6962e-05
-13.316 0.00026364 6.4935e-05
-13.258 0.00030354 7.252e-05
-13.2 0.00023628 5.9665e-05
-13.142 0.00028549 6.9194e-05
-13.084 0.00016663 4.5943e-05
-13.026 0.00022805 5.7988e-05
-12.968 0.00021654 5.5886e-05
-12.91 0.00027844 6.7834e-05
-12.852 0.00025238 6.2908e-05
-12.794 0.00022918 5.8274e-05
-12.736 0.00027153 6.6506e-05
-12.678 0.00025449 6.3434e-05
-12.62 0.00034006 7.9575e-05
-12.562 0.00031208 7.4228e-05
-12.504 0.00023918 6.0396e-05
-12.446 0.00028661 6.9464e-05
-12.388 0.00030905 7.3836e-05
-12.329 0.00030576 7.3049e-05
-12.271 0.0002738 6.7063e-05
-12.213 0.00018302 4.9385e-05
-12.155 0.0002256 5.7783e-05
-12.097 0.00035551 8.2581e-05
-12.039 0.00024757 6.2101e-05
-11.981 0.00030374 7.2901e-05
-11.923 0.00026633 6.5598e-05
-11.865 0.0002531 6.3087e-05
-11.807 0.0002869 6.9534e-05
-11.749 0.00028334 6.9027e-05
-11.691 0.00031049 7.418e-05
-11.633 0.0003016 7.2389e-05
-11.575 0.00033077 7.8015e-05
-11.517 0.00022745 5.8256e-05
-11.459 0.00024015 6.0642e-05
-11.401 0.00020467 5.3699e-05
-11.343 0.00019128 5.1108e-05
-11.285 0.00022651 5.8015e-05
-11.227 0.00023393 5.9483e-05
-11.169 0.00027415 6.7148e-05
-11.111 0.00024085 6.0817e-05
-11.053 0.00021389 5.5646e-05
-10.995 0.00027039 6.6599e-05
-10.937 0.00026889 6.6231e-05
-10.879 0.00024176 6.1047e-05
-10.821 0.00019236 5.1396e-05
-10.763 0.00031168 7.4463e-05
-10.705 0.00022682 5.8095e-05
-10.647 0.00020812 5.4603e-05
-10.589 0.00022195 5.7281e-05
-10.531 0.00027935 6.8421e-05
-10.473 0.00022792 5.8376e-05
-10.415 0.00034974 8.1841e-05
-10.357 0.00023651 6.0138e-05
-10.299 0.00025833 6.4391e-05
-10.241 0.00020673 5.4239e-05
-10.183 0.00029864 7.2023e-05
-10.125 0.00024432 6.1693e-05
-10.067 0.00028613 6.9706e-05
-10.009 0.00019196 5.1289e-05
-9.9506 0.0003439 8.0788e-05
-9.8926 0.00021612 5.6226e-05
-9.8346 0.00023735 6.0352e-05
-9.7766 0.00032062 7.626e-05
-9.7185 0.00022137 5.7133e-05
-9.6605 0.00034639 8.1372e-05
-9.6025 0.00025889 6.4529e-05
-9.5445 0.00028612 6.9704e-05
-9.4864 0.00026006 6.4821e-05
-9.4284 0.00027412 6.7519e-05
-9.3704 0.00031702 7.5739e-05
-9.3124 0.00035762 8.3373e-05
-9.2544 0.0003104 7.4501e-05
-9.1963 0.00028956 7.0544e-05
-9.1383 0.00028871 7.0336e-05
-9.0803 0.0003219 7.6564e-05
-9.0223 0.00027461 6.764e-05
-8.9643 0.0004136 9.4219e-05
-8.9062 0.00020317 5.3779e-05
-8.8482 0.00025202 6.3218e-05
-8.7902 0.00029011 7.0676e-05
-8.7322 0.00027558 6.7876e-05
-8.6742 0.00027459 6.7633e-05
-8.6161 0.00030203 7.284e-05
-8.5581 0.000296 7.174e-05
-8.5001 0.00026891 6.6621e-05
-8.4421 0.00027505 6.7747e-05
-8.384 0.00030845 7.4033e-05
-8.326 0.00032138 7.6782e-05
-8.268 0.00029235 7.1222e-05
-8.21 0.0002458 6.2068e-05
-8.152 0.00032959 7.8059e-05
-8.0939 0.000283 6.9317e-05
-8.0359 0.00026215 6.5343e-05
-7.9779 0.00020956 5.4981e-05
-7.9199 0.00023117 5.921e-05
-7.8619 0.0002913 7.0967e-05
-7.8038 0.00036717 8.5599e-05
-7.7458 0.00028626 7.0114e-05
-7.6878 0.00029641 7.1841e-05
-7.6298 0.00034112 8.0454e-05
-7.5718 0.00020541 5.4371e-05
-7.5137 0.0002054 5.437e-05
-7.4557 0.0002983 7.2297e-05
-7.3977 0.00033447 7.9213e-05
-7.3397 0.0002487 6.28e-05
-7.2816 0.00030819 7.4325e-05
-7.2236 0.00018316 4.9943e-05
-7.1656 0.00029818 7.2269e-05
-7.1076 0.00029513 7.19e-05
-7.0496 0.00028151 6.9337e-05
-6.9915 0.00023811 6.0545e-05
-6.9335 0.00027886 6.8685e-05
-6.8755 0.00027575 6.8317e-05
-6.8175 0.00026084 6.5017e-05
-6.7595 0.00025534 6.4051e-05
-6.7014 0.00031667 7.6006e-05
-6.6434 0.00029613 7.1773e-05
-6.5854 0.00025287 6.3852e-05
-6.5274 0.00032247 7.6701e-05
-6.4694 0.00026075 6.5408e-05
-6.4113 0.00035471 8.3006e-05
-6.3533 0.00037567 8.7266e-05
-6.2953 0.00022373 5.7741e-05
-6.2373 0.00028807 7.0559e-05
-6.1792 0.00023306 5.9694e-05
-6.1212 0.00030408 7.37e-05
-6.0632 0.00026879 6.6592e-05
-6.0052 0.00026286 6.5519e-05
-5.9472 0.0002367 6.0624e-05
-5.8891 0.00026964 6.6803e-05
-5.8311 0.00035457 8.2971e-05
-5.7731 0.00031323 7.554e-05
-5.7151 0.00027371 6.7417e-05
-5.6571 0.00027291 6.7614e-05
-5.599 0.00026286 6.552e-05
-5.541 0.00037862 8.7641e-05
-5.483 0.00026472 6.5984e-05
-5.425 0.00020465 5.4172e-05
-5.3669 0.00033037 7.858e-05
-5.3089 0.00023339 5.9779e-05
-5.2509 0.00033717 7.9853e-05
-5.1929 0.00019168 5.1722e-05
-5.1349 0.00024928 6.2947e-05
-5.0768 0.00030005 7.2721e-05
-5.0188 0.00038399 8.8886e-05
-4.9608 0.00033627 7.9639e-05
-4.9028 0.0003656 8.5233e-05
-4.8448 0.00029897 7.246e-05
-4.7867 0.0002452 6.2348e-05
-4.7287 0.00030197 7.3188e-05
-4.6707 0.00025582 6.417e-05
-4.6127 0.00024067 6.1197e-05
-4.5547 0.00024468 6.2216e-05
-4.4966 0.00037377 8.6824e-05
-4.4386 0.000321 7.669e-05
-4.3806 0.00032901 7.8255e-05
-4.3226 0.00028401 6.9953e-05
-4.2645 0.000273 6.7635e-05
-4.2065 0.0002962 7.1789e-05
-4.1485 0.00029563 7.2021e-05
-4.0905 0.00031773 7.626e-05
-4.0325 0.00025943 6.5077e-05
-3.9744 0.00034565 8.1524e-05
-3.9164 0.0003227 7.7098e-05
-3.8584 0.00032521 7.7696e-05
-3.8004 0.00035895 8.3996e-05
-3.7424 0.00035904 8.4017e-05
-3.6843 0.00030064 7.2865e-05
-3.6263 0.00033429 7.9511e-05
-3.5683 0.00037388 8.6848e-05
-3.5103 0.00027929 6.8792e-05
-3.4523 0.00030265 7.3352e-05
-3.3942 0.00024183 6.149e-05
-3.3362 0.00038344 8.8759e-05
-3.2782 0.00025986 6.5183e-05
-3.2202 0.00025361 6.3617e-05
-3.1621 0.00033757 7.9949e-05
-3.1041 0.00036933 8.6425e-05
-3.0461 0.00037369 8.65e-05
-2.9881 0.00028302 6.9711e-05
-2.9301 0.00025036 6.3661e-05
-2.872 0.00025729 6.4131e-05
-2.814 0.00039998 9.2271e-05
-2.756 0.00033907 7.9973e-05
-2.698 0.0004121 9.4454e-05
-2.64 0.00037465 8.7028e-05
-2.5819 0.00032875 7.8543e-05
-2.5239 0.00034624 8.1336e-05
-2.4659 0.00032461 7.791e-05
-2.4079 0.00034682 8.1799e-05
-2.3499 0.00035854 8.4225e-05
-2.2918 0.00031658 7.5298e-05
-2.2338 0.00041845 9.6863e-05
-2.1758 0.00037341 8.586e-05
-2.1178 0.00041583 9.5309e-05
-2.0597 0.00047658 0.0001068
-2.0017 0.00036138 8.3651e-05
-1.9437 0.00046519 0.00010566
-1.8857 0.00032069 7.6277e-05
-1.8277 0.00056166 0.00012137
-1.7696 0.00041829 9.7516e-05
-1.7116 0.00057656 0.00012419
-1.6536 0.00044033 9.9191e-05
-1.5956 0.00046607 0.00010499
-1.5376 0.00055827 0.00012238
-1.4795 0.00069071 0.00014546
-1.4215 0.00085588 0.00017742
-1.3635 0.00093141 0.00019098
-1.3055 0.0013204 0.00026658
-1.2475 0.0015285 0.00030122
-1.1894 0.0020247 0.00039441
-1.1314 0.0026338 0.0005073
-1.0734 0.0033253 0.00063527
-1.0154 0.0036567 0.00069815
-0.95735 0.0044946 0.00085275
-0.89933 0.004693 0.00089058
-0.84131 0.0055741 0.0010532
-0.78328 0.0063091 0.0011872
-0.72526 0.007224 0.0013587
-0.66724 0.006499 0.0012257
-0.60922 0.0078532 0.0014753
-0.5512 0.0089529 0.0016785
-0.49318 0.0088585 0.0016616
-0.43516 0.0090381 0.0016947
-0.37714 0.0090914 0.0017041
-0.31912 0.0090622 0.0016984
-0.26109 0.0091348 0.0017148
-0.20307 0.0084115 0.0015783
-0.14505 0.0070138 0.0013194
-0.087032 0.0086683 0.0016264
-0.029011 0.0069123 0.0012998
0.029011 0.007789 0.0014633
0.087032 0.00484 0.00091642
0.14505 0.0053788 0.0010165
0.20307 0.00481 0.00091283
0.26109 0.0031268 0.00059773
0.31912 0.0028843 0.00055341
0.37714 0.0027523 0.0005296
0.43516 0.0017471 0.00034304
0.49318 0.0012952 0.00025883
0.5512 0.00128 0.00025663
0.60922 0.00075562 0.00016007
0.66724 0.00056963 0.00012372
0.72526 0.00046278 0.00010206
0.78328 0.00046354 0.0001047
0.84131 0.00045639 0.00010366
0.89933 0.00030689 7.3658e-05
0.95735 0.00041509 9.6083e-05
1.0154 0.00045187 0.00010077
1.0734 0.00047333 0.00010582
1.1314 0.00040144 9.201e-05
1.1894 0.00035524 8.2231e-05
1.2475 0.0003708 8.8588e-05
1.3055 0.000379 8.7432e-05
1.3635 0.00033849 8.0167e-05
1.4215 0.00032859 7.75e-05
1.4795 0.00029988 7.3449e-05
1.5376 0.00035911 8.436e-05
1.5956 0.0003353 7.941e-05
1.6536 0.0004017 9.1509e-05
1.7116 0.00034607 8.3459e-05
1.7696 0.00034817 8.1171e-05
1.8277 0.00040732 9.307e-05
1.8857 0.00027552 6.9113e-05
1.9437 0.00035061 8.1738e-05
2.0017 0.00034292 8.1565e-05
2.0597 0.00030855 7.4782e-05
2.1178 0.00032731 7.7518e-05
2.1758 0.00039455 9.1983e-05
2.2338 0.00028057 6.8722e-05
2.2918 0.00028807 7.0954e-05
2.3499 0.00040542 9.2924e-05
2.4079 0.00032607 7.8262e-05
2.4659 0.00038989 8.9945e-05
2.5239 0.00026318 6.6018e-05
2.5819 0.00034179 8.0948e-05
2.64 0.0003459 8.1921e-05
2.698 0.00038842 8.9607e-05
2.756 0.00038032 8.8665e-05
2.814 0.00023335 5.9768e-05
2.872 0.00029499 7.2253e-05
2.9301 0.0004613 0.00010391
2.9881 0.00037925 8.7789e-05
3.0461 0.00027271 6.7974e-05
3.1041 0.00025381 6.4092e-05
3.1621 0.00027989 6.8938e-05
3.2202 0.00030199 7.3571e-05
3.2782 0.00029015 7.1066e-05
3.3362 0.00036284 8.4907e-05
3.3942 0.0003753 8.7495e-05
3.4523 0.000349 8.2314e-05
3.5103 0.00024497 6.2288e-05
3.5683 0.00030692 7.4387e-05
3.6263 0.00034921 8.2362e-05
3.6843 0.00026864 6.6961e-05
3.7424 0.00029654 7.2244e-05
3.8004 0.00028436 7.0039e-05
3.8584 0.000244 6.2041e-05
3.9164 0.00027423 6.7941e-05
3.9744 0.00033971 8.08e-05
4.0325 0.0003067 7.4334e-05
4.0905 0.00026965 6.7212e-05
4.1485 0.00032421 7.7457e-05
4.2065 0.00029919 7.2889e-05
4.2645 0.00029488 7.2225e-05
4.3226 0.00034349 8.1351e-05
4.3806 0.00025813 6.475e-05
4.4386 0.0002683 6.6876e-05
4.4966 0.00035393 8.3477e-05
4.5547 0.00023107 5.9637e-05
4.6127 0.00039254 9.0557e-05
4.6707 0.000344 8.1472e-05
4.7287 0.00028025 6.9431e-05
4.7867 0.00031036 7.4848e-05
4.8448 0.00027273 6.7569e-05
4.9028 0.00026833 6.6882e-05
4.9608 0.00030439 7.3774e-05
5.0188 0.00035977 8.4514e-05
5.0768 0.00029606 7.2125e-05
5.1349 0.00023949 6.134e-05
5.1929 0.00029796 7.259e-05
5.2509 0.00026705 6.6563e-05
5.3089 0.0003069 7.4381e-05
5.3669 0.00030698 7.4402e-05
5.425 0.00019446 5.2472e-05
5.483 0.00029165 7.1435e-05
5.541 0.00022301 5.8018e-05
5.599 0.00022518 5.8584e-05
5.6571 0.00037107 8.6509e-05
5.7151 0.00028779 7.0883e-05
5.7731 0.00026024 6.528e-05
5.8311 0.00027538 6.8224e-05
5.8891 0.000317 7.6448e-05
5.9472 0.00037203 8.6733e-05
6.0052 0.00024458 6.219e-05
6.0632 0.00026342 6.6078e-05
6.1212 0.00030953 7.5019e-05
6.1792 0.00023194 5.9861e-05
6.2373 0.00022997 5.9353e-05
6.2953 0.00028668 7.0612e-05
6.3533 0.00032961 7.8747e-05
6.4113 0.0002726 6.7947e-05
6.4694 0.00033201 7.8969e-05
6.5274 0.00020422 5.4565e-05
6.5854 0.00026231 6.5799e-05
6.6434 0.00029886 7.2809e-05
6.7014 0.00026916 6.7091e-05
6.7595 0.0002605 6.5345e-05
6.8175 0.0003045 7.4182e-05
6.8755 0.00026312 6.6003e-05
6.9335 0.00019943 5.3286e-05
6.9915 0.00019596 5.2877e-05
7.0496 0.00028686 7.0656e-05
7.1076 0.0003072 7.4456e-05
7.1656 0.00023246 5.9994e-05
7.2236 0.00034475 8.1649e-05
7.2816 0.00028728 7.0758e-05
7.3397 0.00020227 5.4043e-05
7.3977 0.0002778 6.8823e-05
7.4557 0.00030128 7.3399e-05
7.5137 0.00022555 5.868e-05
7.5718 0.00019533 5.2708e-05
7.6298 0.00025802 6.4724e-05
7.6878 0.00024827 6.3128e-05
7.7458 0.00029429 7.2082e-05
7.8038 0.00018806 5.1279e-05
7.8619 0.0002452 6.2346e-05
7.9199 0.00022403 5.8285e-05
7.9779 0.00022616 5.8839e-05
8.0359 0.00025457 6.4282e-05
8.0939 0.00022188 5.7725e-05
8.152 0.00025142 6.3486e-05
8.21 0.00027735 6.8712e-05
8.268 0.00028545 7.0309e-05
8.326 0.00025618 6.426e-05
8.384 0.00026051 6.5347e-05
8.4421 0.00022487 5.8504e-05
8.5001 0.0003256 7.779e-05
8.5581 0.00020748 5.492e-05
8.6161 0.00017877 4.9291e-05
8.6742 0.00020792 5.5036e-05
8.7322 0.00030033 7.3167e-05
8.7902 0.00027386 6.7849e-05
8.8482 0.0002693 6.7125e-05
8.9062 0.00026686 6.6517e-05
8.9643 0.00028397 6.9944e-05
9.0223 0.0002144 5.6251e-05
9.0803 0.00025371 6.4065e-05
9.1383 0.00027585 6.834e-05
9.1963 0.00026257 6.5864e-05
9.2544 0.00025813 6.475e-05
9.3124 0.000238 6.096e-05
9.3704 0.00024624 6.2611e-05
9.4284 0.00025838 6.4814e-05
9.4864 0.00016261 4.5938e-05
9.5445 0.00018461 5.0339e-05
9.6025 0.00034845 8.2184e-05
9.6605 0.00032058 7.6943e-05
9.7185 0.00020552 5.4401e-05
9.7766 0.00022926 5.9169e-05
9.8346 0.00029852 7.2726e-05
9.8926 0.00023676 6.064e-05
9.9506 0.00024336 6.1881e-05
10.009 0.00022741 5.8692e-05
10.067 0.00023872 6.1143e-05
10.125 0.00032668 7.8047e-05
10.183 0.00026406 6.582e-05
10.241 0.00028764 7.0452e-05
10.299 0.00027345 6.7746e-05
10.357 0.00026531 6.6131e-05
10.415 0.00024955 6.3014e-05
10.473 0.00030204 7.3203e-05
10.531 0.00025229 6.3708e-05
10.589 0.00020548 5.4391e-05
10.647 0.000183 4.9899e-05
10.705 0.00022879 5.9049e-05
10.763 0.00025052 6.3261e-05
10.821 0.00026395 6.5792e-05
10.879 0.0002916 7.1039e-05
10.937 0.00021317 5.5928e-05
10.995 0.0002939 7.1601e-05
11.053 0.00024978 6.3072e-05
11.111 0.00025312 6.3492e-05
11.169 0.00036782 8.575e-05
11.227 0.00027954 6.8852e-05
11.285 0.00030656 7.3933e-05
11.343 0.00020476 5.4199e-05
11.401 0.00026946 6.6758e-05
11.459 0.00019881 5.3119e-05
11.517 0.00022558 5.8221e-05
11.575 0.00021914 5.7011e-05
11.633 0.00019098 5.1533e-05
11.691 0.0002356 6.0344e-05
11.749 0.00021246 5.5742e-05
11.807 0.00023943 6.0881e-05
11.865 0.00027036 6.6982e-05
11.923 0.00024249 6.1658e-05
11.981 0.00028519 6.9852e-05
12.039 0.0003268 7.773e-05
12.097 0.00025525 6.4028e-05
12.155 0.00029342 7.1484e-05
12.213 0.00021285 5.5843e-05
12.271 0.00023899 6.0767e-05
12.329 0.00031303 7.5131e-05
12.388 0.00026158 6.5202e-05
12.446 0.00028494 6.9792e-05
12.504 0.00033079 7.8344e-05
12.562 0.00023884 6.073e-05
12.62 0.00019618 5.2417e-05
12.678 0.00021597 5.6187e-05
12.736 0.0002514 6.3061e-05
12.794 0.00026008 6.4827e-05
12.852 0.00027406 6.7502e-05
12.91 0.0002509 6.2937e-05
12.968 0.00018479 4.9865e-05
13.026 0.00023702 6.0267e-05
13.084 0.00023813 6.0549e-05
13.142 0.00025817 6.4351e-05
13.2 0.00022041 5.6886e-05
13.258 0.00020144 5.3322e-05
13.316 0.00029414 7.1289e-05
13.374 0.00020069 5.3124e-05
13.432 0.00028598 6.9671e-05
13.49 0.00028645 6.9786e-05
13.548 0.00024452 6.1744e-05
13.606 0.00024343 6.147e-05
13.664 0.00021481 5.5887e-05
13.722 0.00018552 5.006e-05
13.78 0.0002089 5.4806e-05
13.838 0.00019987 5.2904e-05
13.896 0.00021335 5.5505e-05
13.954 0.00023521 5.9808e-05
14.012 0.00023462 5.9658e-05
14.07 0.00026416 6.5445e-05
14.128 0.00025436 6.3402e-05
14.186 0.00022635 5.7973e-05
14.244 0.00022784 5.8356e-05
14.302 0.00019169 5.1216e-05
14.36 0.00023903 6.0358e-05
14.418 0.00020498 5.3779e-05
14.476 0.00031788 7.5608e-05
14.534 0.00020516 5.3825e-05
14.592 0.00028071 6.8386e-05
14.65 0.00021852 5.6398e-05
14.708 0.00024865 6.2373e-05
14.766 0.00019824 5.2474e-05
14.824 0.00024505 6.1468e-05
14.882 0.00025467 6.3479e-05
14.94 0.00018375 4.9583e-05
14.998 0.00020313 5.3294e-05
15.056 0.00020954 5.4513e-05
15.114 0.0001892 5.0551e-05
15.173 0.00013416 3.9566e-05
15.231 0.00018235 4.9205e-05
15.289 0.00022289 5.7089e-05
15.347 0.00016721 4.6102e-05
15.405 0.00019576 5.1817e-05
15.463 0.00020076 5.2671e-05
15.521 0.00018697 4.9956e-05
15.579 0.00020099 5.2732e-05
15.637 0.00025709 6.3694e-05
15.695 0.00020161 5.2896e-05
15.753 0.00013751 3.9938e-05
15.811 0.00024877 6.2008e-05
15.869 0.00016699 4.6042e-05
15.927 0.00026191 6.4511e-05
15.985 0.0001579 4.405e-05
16.043 0.00019985 5.2434e-05
16.101 0.000242 6.0705e-05
16.159 0.00022854 5.8112e-05
16.217 0.00019809 5.1971e-05
16.275 0.00024761 6.1718e-05
16.333 0.00021477 5.5428e-05
16.391 0.00028742 6.9317e-05
16.449 0.00014297 4.0933e-05
16.507 0.00017822 4.8091e-05
16.565 0.00022711 5.7748e-05
16.623 0.00021947 5.6213e-05
16.681 0.00024414 6.0853e-05
16.739 0.00015589 4.349e-05
16.797 0.00021186 5.4678e-05
16.855 0.00028225 6.8069e-05
16.913 0.00027033 6.5858e-05
16.971 0.00025633 6.3137e-05
17.029 0.00026259 6.4317e-05
17.087 0.00023636 5.9289e-05
17.145 0.00023204 5.8206e-05
17.203 0.00013417 3.8966e-05
17.261 0.00018185 4.8588e-05
17.319 0.00022068 5.6113e-05
17.377 0.0002527 6.2243e-05
17.435 0.00025973 6.3616e-05
17.493 0.00026814 6.5325e-05
17.551 0.00018711 4.9528e-05
17.609 0.00017151 4.6279e-05
17.667 0.00021337 5.465e-05
17.725 0.00023209 5.8219e-05
17.783 0.00020519 5.2956e-05
17.841 0.00023067 5.7862e-05
17.9 0.00019085 5.0073e-05
17.958 0.00021208 5.4319e-05
18.016 0.00021698 5.5171e-05
18.074 0.00024014 5.9494e-05
18.132 0.00017092 4.612e-05
18.19 0.00022931 5.7521e-05
18.248 0.00014384 4.0635e-05
18.306 0.00014912 4.1602e-05
18.364 0.0001955 5.0861e-05
18.422 0.00029404 6.9939e-05
18.48 0.00018729 4.9139e-05
18.538 0.00022005 5.5566e-05
18.596 0.00025953 6.3228e-05
18.654 0.00019388 5.044e-05
18.712 0.00018195 4.8163e-05
18.77 0.00022457 5.6331e-05
18.828 0.00023073 5.7512e-05
18.886 0.00023933 5.9292e-05
18.944 0.00021755 5.4934e-05
19.002 0.00018528 4.8612e-05
19.06 0.00019164 4.9857e-05
19.118 0.00023182 5.7782e-05
19.176 0.0002415 5.9483e-05
19.234 0.00025318 6.168e-05
19.292 0.00013996 3.9538e-05
19.35 0.00027963 6.6808e-05
19.408 0.00026647 6.4264e-05
19.466 0.00021289 5.3758e-05
19.524 0.00020746 5.2752e-05
19.582 0.00020899 5.314e-05
19.64 0.00016291 4.396e-05
19.698 0.00017461 4.6219e-05
19.756 0.00025573 6.1979e-05
19.814 0.00021964 5.5097e-05
19.872 0.0002424 5.9372e-05
19.93 0.0002541 6.1586e-05
19.988 0.0002361 5.8153e-05
20.046 0.00014963 4.1255e-05
20.104 0.00016692 4.46e-05
20.162 0.00025726 6.2043e-05
20.22 0.0003164 7.3497e-05
20.278 0.00019111 4.9324e-05
20.336 0.00019077 4.9235e-05
20.394 0.00021952 5.4716e-05
20.452 0.00025116 6.0873e-05
20.51 0.00020785 5.2485e-05
20.568 0.00020658 5.2165e-05
20.626 0.00024152 5.8839e-05
20.685 0.00015055 4.1052e-05
20.743 0.00020561 5.192e-05
20.801 0.00021705 5.4101e-05
20.859 0.00017932 4.6653e-05
20.917 0.00023362 5.722e-05
20.975 0.00020916 5.2467e-05
21.033 0.0001075 3.2233e-05
21.091 0.00020688 5.1895e-05
21.149 0.00023202 5.6829e-05
21.207 0.00022585 5.5628e-05
21.265 0.00019451 4.9457e-05
21.323 0.00020397 5.1166e-05
21.381 0.00017778 4.6251e-05
21.439 0.00019509 4.9607e-05
21.497 0.00019885 5.0211e-05
21.555 0.00028361 6.6367e-05
21.613 0.00015649 4.1813e-05
21.671 0.00019783 4.9956e-05
21.729 0.00021942 5.4044e-05
21.787 0.00021204 5.2532e-05
21.845 0.00021783 5.3652e-05
21.903 0.00020652 5.1477e-05
21.961 0.00025512 6.0681e-05
22.019 0.00019705 4.9428e-05
22.077 0.00023107 5.6005e-05
22.135 0.00020304 5.061e-05
22.193 0.00023604 5.6925e-05
22.251 0.00022297 5.432e-05
22.309 0.00021762 5.3303e-05
22.367 0.00022352 5.4454e-05
22.425 0.00021268 5.2386e-05
22.483 0.00020982 5.168e-05
22.541 0.00021095 5.196e-05
22.599 0.00019948 4.9723e-05
22.657 0.00024346 5.8165e-05
22.715 0.00025204 5.9692e-05
22.773 0.00014844 3.966e-05
22.831 0.00023099 5.5707e-05
22.889 0.00020718 5.1029e-05
22.947 0.00026806 6.2493e-05
23.005 0.00021615 5.2658e-05
23.063 0.00028593 6.5963e-05
23.121 0.00025107 5.9217e-05
23.179 0.00021197 5.1641e-05
23.237 0.00014844 3.9293e-05
23.295 0.0001491 3.9466e-05
23.353 0.00020976 5.1103e-05
23.412 0.00021406 5.188e-05
23.47 0.00016647 4.2639e-05
23.528 0.00020331 4.9798e-05
23.586 0.00022872 5.4643e-05
23.644 0.00023604 5.5902e-05
23.702 0.00019506 4.8044e-05
23.76 0.00014831 3.8911e-05
23.818 0.00024952 5.839e-05
23.876 0.00024635 5.7647e-05
23.934 0.00028717 6.5418e-05
23.992 0.00020602 4.9932e-05
24.05 0.00023049 5.4587e-05
24.108 0.00023667 5.5596e-05
24.166 0.00024718 5.7627e-05
24.224 0.00020623 4.9735e-05
24.282 0.00022609 5.3546e-05
24.34 0.00021915 5.2125e-05
24.398 0.00028743 6.5102e-05
24.456 0.00023332 5.4811e-05
24.514 0.0002318 5.4453e-05
24.572 0.00025936 5.9636e-05
24.63 0.00020075 4.8415e-05
24.688 0.0001669 4.1866e-05
24.746 0.00022749 5.344e-05
24.804 0.00026112 5.9664e-05
24.862 0.00020566 4.9135e-05
24.92 0.00027434 6.2137e-05
24.978 0.00023019 5.3666e-05
25.036 0.00025509 5.8285e-05
25.094 0.00024507 5.6349e-05
25.152 0.0002042 4.857e-05
25.21 0.00021492 5.0487e-05
25.268 0.00020459 4.8453e-05
25.326 0.00026658 6.0212e-05
25.384 0.00019523 4.6643e-05
25.442 0.00014995 3.7865e-05
25.5 0.00017348 4.2263e-05
25.558 0.00015172 3.8059e-05
25.616 0.00022372 5.1787e-05
25.674 0.00019709 4.6678e-05
25.732 0.00020298 4.7683e-05
25.79 0.00024347 5.5301e-05
25.848 0.00017613 4.2475e-05
25.906 0.00020743 4.8358e-05
25.964 0.00021347 4.9414e-05
26.022 0.00017299 4.1718e-05
26.08 0.00020027 4.6865e-05
26.138 0.00022833 5.2172e-05
26.197 0.00018065 4.2967e-05
26.255 0.00018451 4.3698e-05
26.313 0.0002243 5.125e-05
26.371 0.00018302 4.3346e-05
26.429 0.00021125 4.8573e-05
26.487 0.00018686 4.3895e-05
26.545 0.00022369 5.0808e-05
26.603 0.00019392 4.5047e-05
26.661 0.00019151 4.4486e-05
26.719 0.000178 4.1816e-05
26.777 0.0002223 5.0211e-05
26.835 0.00020747 4.7263e-05
26.893 0.00022624 5.0702e-05
26.951 0.00023885 5.302e-05
27.009 0.00015883 3.7779e-05
27.067 0.00023112 5.1423e-05
27.125 0.00023648 5.2264e-05
27.183 0.00019537 4.4377e-05
27.241 0.00019067 4.3436e-05
27.299 0.0002165 4.817e-05
27.357 0.00020238 4.547e-05
27.415 0.00020938 4.6695e-05
27.473 0.00023089 5.0712e-05
27.531 0.00017629 4.028e-05
27.589 0.0002647 5.6844e-05
27.647 0.00019292 4.3235e-05
27.705 0.00020256 4.4965e-05
27.763 0.00024978 5.3639e-05
27.821 0.00016408 3.7379e-05
27.879 0.00022028 4.7842e-05
27.937 0.00019834 4.365e-05
27.995 0.00021515 4.6648e-05
28.053 0.00025023 5.3075e-05
28.111 0.0002193 4.7238e-05
28.169 0.00022371 4.79e-05
28.227 0.00020548 4.4403e-05
28.285 0.00022652 4.8169e-05
28.343 0.0001834 3.9974e-05
28.401 0.0002437 5.1154e-05
28.459 0.00022238 4.6996e-05
28.517 0.00018459 3.9761e-05
28.575 0.00023063 4.8211e-05
28.633 0.00021853 4.5726e-05
28.691 0.00022746 4.7151e-05
28.749 0.0002068 4.3062e-05
28.807 0.00020343 4.2283e-05
28.865 0.00019292 4.021e-05
28.924 0.00023524 4.7918e-05
28.982 0.00018958 3.92e-05
29.04 0.00024206 4.8729e-05
29.098 0.00020828 4.2138e-05
29.156 0.00019181 3.8745e-05
29.214 0.00023399 4.6199e-05
29.272 0.00020638 4.064e-05
29.33 0.00021066 4.1081e-05
29.388 0.00022049 4.2074e-05
29.446 0.00019327 3.716e-05
29.504 0 1
29.562 0 1
29.62 0 1
29.678 0 1
