-29.678 0 1
-29.62 0 1
-29.562 0 1
-29.504 0.00019004 3.706e-05
-29.446 0.00018816 3.6542e-05
-29.388 0.00022286 4.4088e-05
-29.33 0.00019783 3.9941e-05
-29.272 0.00020004 4.0879e-05
-29.214 0.0002265 4.6347e-05
-29.156 0.00019459 4.0889e-05
-29.098 0.0002109 4.4317e-05
-29.04 0.00019331 4.1332e-05
-28.982 0.00018867 4.0705e-05
-28.924 0.00023067 4.8806e-05
-28.865 0.00017517 3.8633e-05
-28.807 0.00018763 4.121e-05
-28.749 0.00023616 5.0639e-05
-28.691 0.00019902 4.3986e-05
-28.633 0.00019685 4.3797e-05
-28.575 0.00019915 4.4413e-05
-28.517 0.00019551 4.3926e-05
-28.459 0.00016315 3.8036e-05
-28.401 0.00021942 4.882e-05
-28.343 0.00019096 4.3633e-05
-28.285 0.00026785 5.8381e-05
-28.227 0.00022283 5.0065e-05
-28.169 0.0001651 3.9268e-05
-28.111 0.00017339 4.0894e-05
-28.053 0.00019939 4.5999e-05
-27.995 0.00026988 5.9518e-05
-27.937 0.00020286 4.6958e-05
-27.879 0.00019914 4.6426e-05
-27.821 0.00018991 4.4791e-05
-27.763 0.00019468 4.5917e-05
-27.705 0.00018086 4.3408e-05
-27.647 0.00020932 4.8981e-05
-27.589 0.00019088 4.5604e-05
-27.531 0.00022533 5.2343e-05
-27.473 0.00023224 5.3759e-05
-27.415 0.00014472 3.7066e-05
-27.357 0.00016897 4.1862e-05
-27.299 0.00019439 4.6881e-05
-27.241 0.0001863 4.5386e-05
-27.183 0.00018369 4.4991e-05
-27.125 0.00019094 4.6516e-05
-27.067 0.00019413 4.7294e-05
-27.009 0.00022996 5.4238e-05
-26.951 0.0001636 4.1599e-05
-26.893 0.00016659 4.2359e-05
-26.835 0.00019917 4.8784e-05
-26.777 0.0001862 4.641e-05
-26.719 0.00017749 4.4818e-05
-26.661 0.000221 5.3296e-05
-26.603 0.00020303 5.0007e-05
-26.545 0.00017194 4.4038e-05
-26.487 0.00019478 4.855e-05
-26.429 0.00017508 4.4842e-05
-26.371 0.00018671 4.7147e-05
-26.313 0.00023293 5.6175e-05
-26.255 0.00022714 5.5051e-05
-26.197 0.00019022 4.8033e-05
-26.138 0.0001795 4.5974e-05
-26.08 0.00020459 5.0996e-05
-26.022 0.00017547 4.5286e-05
-25.964 0.00024083 5.8081e-05
-25.906 0.00027443 6.4726e-05
-25.848 0.00027931 6.5615e-05
-25.79 0.0001938 4.9279e-05
-25.732 0.00017833 4.6395e-05
-25.674 0.0001794 4.6674e-05
-25.616 0.00014993 4.0883e-05
-25.558 0.00021006 5.2693e-05
-25.5 0.00021936 5.4678e-05
-25.442 0.00019636 5.0293e-05
-25.384 0.00016026 4.3245e-05
-25.326 0.00019784 5.0672e-05
-25.268 0.00022457 5.5975e-05
-25.21 0.00018264 4.7917e-05
-25.152 0.00028266 6.723e-05
-25.094 0.00020202 5.1744e-05
-25.036 0.00013972 3.9471e-05
-24.978 0.00021102 5.3658e-05
-24.92 0.00015386 4.2422e-05
-24.862 0.00026983 6.5074e-05
-24.804 0.0001819 4.8149e-05
-24.746 0.00019638 5.1092e-05
-24.688 0.00020496 5.2897e-05
-24.63 0.00021094 5.4027e-05
-24.572 0.00015956 4.3992e-05
-24.514 0.00018117 4.8405e-05
-24.456 0.00018207 4.8647e-05
-24.398 0.0002019 5.2528e-05
-24.34 0.00019784 5.1906e-05
-24.282 0.00016389 4.5186e-05
-24.224 0.00018463 4.9331e-05
-24.166 0.00016522 4.5554e-05
-24.108 0.00012551 3.7634e-05
-24.05 0.00022306 5.7131e-05
-23.992 0.00023782 6.0053e-05
-23.934 0.00015349 4.3362e-05
-23.876 0.00014139 4.1065e-05
-23.818 0.0001488 4.2603e-05
-23.76 0.00019914 5.2711e-05
-23.702 0.00020641 5.4155e-05
-23.644 0.00018568 5.0104e-05
-23.586 0.00015118 4.3285e-05
-23.528 0.00017237 4.7524e-05
-23.47 0.0001365 4.0256e-05
-23.412 0.00014383 4.1772e-05
-23.353 0.00020459 5.4154e-05
-23.295 0.00019052 5.1409e-05
-23.237 0.00023265 5.9588e-05
-23.179 0.00019853 5.3044e-05
-23.121 0.00012629 3.8551e-05
-23.063 0.00015487 4.434e-05
-23.005 0.00019895 5.3157e-05
-22.947 0.00020749 5.4923e-05
-22.889 0.00017242 4.8101e-05
-22.831 0.00020924 5.5385e-05
-22.773 0.00018743 5.1107e-05
-22.715 0.00020285 5.42e-05
-22.657 0.00016669 4.7091e-05
-22.599 0.00022819 5.9368e-05
-22.541 0.00020453 5.4647e-05
-22.483 0.00021455 5.679e-05
-22.425 0.00026852 6.7357e-05
-22.367 0.00019282 5.2578e-05
-22.309 0.00014576 4.2987e-05
-22.251 0.00019427 5.2971e-05
-22.193 0.00017889 4.9907e-05
-22.135 0.00020292 5.4757e-05
-22.077 0.00022574 5.9226e-05
-22.019 0.00022729 5.9632e-05
-21.961 0.00018939 5.2217e-05
-21.903 0.00018951 5.2249e-05
-21.845 0.00019046 5.2513e-05
-21.787 0.00023029 6.0418e-05
-21.729 0.00017616 4.9765e-05
-21.671 0.00022314 5.9064e-05
-21.613 0.00011217 3.6482e-05
-21.555 0.00012805 3.985e-05
-21.497 0.00017025 4.8743e-05
-21.439 0.00021746 5.8104e-05
-21.381 0.00018545 5.1736e-05
-21.323 0.00012135 3.8569e-05
-21.265 0.00015488 4.5679e-05
-21.207 0.00013007 4.0479e-05
-21.149 0.00019421 5.3545e-05
-21.091 0.00021306 5.7493e-05
-21.033 0.00022072 5.8973e-05
-20.975 0.0001565 4.6155e-05
-20.917 0.00019712 5.4348e-05
-20.859 0.00019689 5.4284e-05
-20.801 0.0001822 5.1472e-05
-20.743 0.00023897 6.2697e-05
-20.685 0.000248 6.4521e-05
-20.626 0.0001243 3.9506e-05
-20.568 0.0002248 6.0062e-05
-20.51 0.00025084 6.5259e-05
-20.452 0.00017538 5.0213e-05
-20.394 0.00018361 5.187e-05
-20.336 0.00021101 5.7537e-05
-20.278 0.0001433 4.3742e-05
-20.22 0.00014253 4.3507e-05
-20.162 0.00017816 5.1007e-05
-20.104 0.00014433 4.4056e-05
-20.046 0.00021465 5.8529e-05
-19.988 0.00015297 4.5868e-05
-19.93 0.0002136 5.8243e-05
-19.872 0.0001291 4.1032e-05
-19.814 0.00023175 6.192e-05
-19.756 0.00015373 4.6096e-05
-19.698 0.00022305 6.0188e-05
-19.64 0.00028624 7.2783e-05
-19.582 0.00018133 5.1916e-05
-19.524 0.00018979 5.3615e-05
-19.466 0.00021676 5.9106e-05
-19.408 0.00021768 5.9357e-05
-19.35 0.00012238 3.9801e-05
-19.292 0.00018241 5.2223e-05
-19.234 0.00021801 5.9446e-05
-19.176 0.00015877 4.7607e-05
-19.118 0.00023723 6.3384e-05
-19.06 0.00019286 5.4483e-05
-19.002 0.00017549 5.0969e-05
-18.944 0.00015024 4.5861e-05
-18.886 0.00014159 4.4065e-05
-18.828 9.6687e-05 3.422e-05
-18.77 0.00023923 6.392e-05
-18.712 0.00019475 5.5016e-05
-18.654 0.00025603 6.7174e-05
-18.596 0.00020325 5.6704e-05
-18.538 0.00021297 5.8719e-05
-18.48 0.00011665 3.8911e-05
-18.422 0.00022358 6.0965e-05
-18.364 0.00015952 4.783e-05
-18.306 0.00019694 5.5636e-05
-18.248 0.00015296 4.6691e-05
-18.19 0.0001793 5.2076e-05
-18.132 0.00020603 5.7477e-05
-18.074 0.00018012 5.2314e-05
-18.016 0.0002561 6.7791e-05
-17.958 0.00026331 6.9082e-05
-17.9 0.00018943 5.4235e-05
-17.841 0.00016335 4.8981e-05
-17.783 0.00011824 3.9441e-05
-17.725 0.00016492 4.9451e-05
-17.667 0.00011761 3.9231e-05
-17.609 0.00015463 4.72e-05
-17.551 0.00014732 4.5847e-05
-17.493 0.00014637 4.5552e-05
-17.435 0.0001274 4.1436e-05
-17.377 0.00021072 5.8786e-05
-17.319 0.00015785 4.8182e-05
-17.261 0.00014693 4.5727e-05
-17.203 0.00016485 4.9429e-05
-17.145 0.00016664 4.9966e-05
-17.087 0.00016629 4.9862e-05
-17.029 0.00012903 4.1965e-05
-16.971 0.00021148 5.9e-05
-16.913 0.00023228 6.3338e-05
-16.855 0.00015041 4.681e-05
-16.797 0.0001762 5.1968e-05
-16.739 0.00019402 5.5548e-05
-16.681 7.4524e-05 2.9749e-05
-16.623 5.5686e-05 2.4967e-05
-16.565 0.00018609 5.4047e-05
-16.507 0.00018587 5.3984e-05
-16.449 0.0002051 5.7941e-05
-16.391 0.00017866 5.2691e-05
-16.333 0.00020554 5.8066e-05
-16.275 0.00017721 5.2265e-05
-16.217 0.00023401 6.3808e-05
-16.159 9.5089e-05 3.4854e-05
-16.101 0.00011227 3.8513e-05
-16.043 0.00019754 5.6556e-05
-15.985 0.00018699 5.4307e-05
-15.927 0.00014178 4.5063e-05
-15.869 0.00016951 5.0826e-05
-15.811 0.00019671 5.632e-05
-15.753 0.00023669 6.4541e-05
-15.695 0.0001331 4.3288e-05
-15.637 0.00017086 5.1232e-05
-15.579 0.00015152 4.7155e-05
-15.521 0.00013337 4.3378e-05
-15.463 0.00016234 4.9555e-05
-15.405 0.00015269 4.752e-05
-15.347 0.00017098 5.1266e-05
-15.289 0.00019208 5.5785e-05
-15.231 0.00014373 4.5683e-05
-15.173 0.00020071 5.7464e-05
-15.114 0.0001338 4.3518e-05
-15.056 0.00015251 4.7463e-05
-14.998 0.00020143 5.7669e-05
-14.94 0.00020225 5.7905e-05
-14.882 0.00014305 4.5465e-05
-14.824 0.00018315 5.4016e-05
-14.766 0.00020286 5.808e-05
-14.708 0.00014422 4.5837e-05
-14.65 0.0001055 3.734e-05
-14.592 0.00013461 4.3779e-05
-14.534 0.00020247 5.7967e-05
-14.476 0.00029872 7.7095e-05
-14.418 0.0001541 4.7958e-05
-14.36 0.00010677 3.7789e-05
-14.302 0.00018414 5.4308e-05
-14.244 0.00017341 5.1995e-05
-14.186 0.00023194 6.3948e-05
-14.128 0.00016497 5.0356e-05
-14.07 0.00018562 5.4744e-05
-14.012 0.00014596 4.639e-05
-13.954 0.00012577 4.1955e-05
-13.896 0.00019544 5.6762e-05
-13.838 0.00014666 4.6612e-05
-13.78 0.00015689 4.8826e-05
-13.722 0.00015488 4.82e-05
-13.664 0.0002352 6.4847e-05
-13.606 0.0001568 4.8798e-05
-13.548 0.00019544 5.6763e-05
-13.49 0.0001364 4.4362e-05
-13.432 0.00018792 5.5422e-05
-13.374 7.881e-05 3.146e-05
-13.316 0.00014748 4.6874e-05
-13.258 0.00024415 6.6575e-05
-13.2 0.00024659 6.7239e-05
-13.142 0.00020756 5.9425e-05
-13.084 0.00017686 5.3032e-05
-13.026 0.00020559 5.8863e-05
-12.968 0.00022615 6.3092e-05
-12.91 0.00013885 4.5158e-05
-12.852 0.00012751 4.2535e-05
-12.794 0.00017683 5.3022e-05
-12.736 0.00019803 5.7514e-05
-12.678 0.00017873 5.359e-05
-12.62 0.00013917 4.5264e-05
-12.562 0.00014801 4.7042e-05
-12.504 0.00020758 5.9431e-05
-12.446 0.00018133 5.437e-05
-12.388 0.00016887 5.1547e-05
-12.329 0.00014863 4.724e-05
-12.271 0.00014824 4.7114e-05
-12.213 0.00017038 5.2009e-05
-12.155 0.00015918 4.9539e-05
-12.097 0.00024889 6.7865e-05
-12.039 0.00016881 5.1528e-05
-11.981 0.00020108 5.84e-05
-11.923 0.0001712 5.2257e-05
-11.865 6.8949e-05 2.9025e-05
-11.807 0.00013029 4.3462e-05
-11.749 0.00021109 6.0437e-05
-11.691 0.00019927 5.7875e-05
-11.633 0.00022947 6.4017e-05
-11.575 0.00021958 6.2032e-05
-11.517 0.00021064 6.0306e-05
-11.459 0.00019002 5.6043e-05
-11.401 0.00020937 5.9943e-05
-11.343 0.00010063 3.6884e-05
-11.285 0.000201 5.8376e-05
-11.227 0.00016082 5.0049e-05
-11.169 0.00019994 5.807e-05
-11.111 0.00019114 5.6373e-05
-11.053 9.0414e-05 3.4483e-05
-10.995 0.00016097 5.0095e-05
-10.937 0.0001994 5.7911e-05
-10.879 0.00011091 3.9255e-05
-10.821 0.00025319 6.9039e-05
-10.763 0.00019201 5.663e-05
-10.705 0.00014979 4.7608e-05
-10.647 0.00019155 5.6495e-05
-10.589 0.00011155 3.9481e-05
-10.531 0.00020314 5.9e-05
-10.473 0.00017935 5.3778e-05
-10.415 0.00020358 5.9128e-05
-10.357 0.00022375 6.321e-05
-10.299 0.00029214 7.6648e-05
-10.241 0.00016218 5.0472e-05
-10.183 0.00018087 5.4233e-05
-10.125 0.00020361 5.9134e-05
-10.067 0.00017352 5.2968e-05
-10.009 0.00010055 3.6855e-05
-9.9506 0.00020233 5.8764e-05
-9.8926 0.00016236 5.0526e-05
-9.8346 0.00019456 5.7381e-05
-9.7766 0.00016213 5.0458e-05
-9.7185 0.00020078 5.8313e-05
-9.6605 0.00020596 5.9818e-05
-9.6025 0.00020341 5.9077e-05
-9.5445 0.00024367 6.7183e-05
-9.4864 0.00021425 6.1342e-05
-9.4284 0.00027641 7.3852e-05
-9.3704 0.00014372 4.6742e-05
-9.3124 0.00015179 4.8245e-05
-9.2544 0.00019159 5.6505e-05
-9.1963 0.00016569 5.1563e-05
-9.1383 0.00030508 7.9371e-05
-9.0803 0.0002137 6.1183e-05
-9.0223 0.00022612 6.3878e-05
-8.9643 0.00016623 5.1732e-05
-8.9062 0.00023285 6.496e-05
-8.8482 0.00019531 5.7604e-05
-8.7902 0.00019173 5.6548e-05
-8.7322 0.00021754 6.2281e-05
-8.6742 0.00020476 5.947e-05
-8.6161 0.00016165 5.0308e-05
-8.5581 0.00016551 5.1507e-05
-8.5001 0.0001737 5.3021e-05
-8.4421 0.00019241 5.6747e-05
-8.384 0.00014371 4.674e-05
-8.326 0.00023377 6.5218e-05
-8.268 0.00017403 5.3121e-05
-8.21 0.00021563 6.1737e-05
-8.152 0.00026551 7.1644e-05
-8.0939 0.0001419 4.615e-05
-8.0359 0.00024836 6.8476e-05
-7.9779 0.00019503 5.7521e-05
-7.9199 0.00021474 6.1481e-05
-7.8619 0.00017544 5.3553e-05
-7.8038 0.0001866 5.595e-05
-7.7458 0.00016427 5.1122e-05
-7.6878 0.00022769 6.4322e-05
-7.6298 0.00023804 6.6409e-05
-7.5718 0.00016793 5.2263e-05
-7.5137 0.00012341 4.2335e-05
-7.4557 0.0001751 5.3449e-05
-7.3977 0.00020838 6.052e-05
-7.3397 0.00017702 5.4033e-05
-7.2816 0.00015625 4.9662e-05
-7.2236 0.00021403 6.1277e-05
-7.1656 0.00018844 5.6503e-05
-7.1076 0.00021071 6.1198e-05
-7.0496 0.00023683 6.607e-05
-6.9915 0.00026841 7.2427e-05
-6.9335 0.00019872 5.8608e-05
-6.8755 0.00022426 6.3352e-05
-6.8175 0.0001246 4.2745e-05
-6.7595 0.00014463 4.704e-05
-6.7014 0.00018519 5.5527e-05
-6.6434 0.00015984 5.0802e-05
-6.5854 0.00017279 5.2742e-05
-6.5274 0.00018705 5.6085e-05
-6.4694 0.00019145 5.6464e-05
-6.4113 0.0001598 5.079e-05
-6.3533 0.00021667 6.2033e-05
-6.2953 0.00018757 5.6241e-05
-6.2373 0.00015169 4.8213e-05
-6.1792 0.00022366 6.4035e-05
-6.1212 0.00012189 4.1813e-05
-6.0632 0.00018604 5.5783e-05
-6.0052 0.00023114 6.5296e-05
-5.9472 0.00020797 6.04e-05
-5.8891 0.00020892 6.0678e-05
-5.8311 0.00017748 5.4176e-05
-5.7731 0.00021317 6.1032e-05
-5.7151 0.00019369 5.8076e-05
-5.6571 0.00024235 6.6819e-05
-5.599 0.00011323 4.0073e-05
-5.541 0.00018047 5.5087e-05
-5.483 0.00015651 4.9745e-05
-5.425 0.00018509 5.5497e-05
-5.3669 0.00017492 5.3393e-05
-5.3089 0.00023263 6.5719e-05
-5.2509 0.00021089 6.1249e-05
-5.1929 0.00024361 6.7166e-05
-5.1349 0.00018663 5.596e-05
-5.0768 0.00018481 5.5414e-05
-5.0188 0.00027611 7.4505e-05
-4.9608 0.00017655 5.3891e-05
-4.9028 0.00013333 4.4475e-05
-4.8448 0.00029516 7.8127e-05
-4.7867 0.00023556 6.5716e-05
-4.7287 0.00027793 7.426e-05
-4.6707 0.00022153 6.3426e-05
-4.6127 0.00016426 5.1119e-05
-4.5547 0.00015472 4.9176e-05
-4.4966 0.0001577 5.0122e-05
-4.4386 0.0001681 5.2313e-05
-4.3806 0.00028605 7.5716e-05
-4.3226 0.00034065 8.6618e-05
-4.2645 0.0002098 6.0934e-05
-4.2065 0.00022892 6.4668e-05
-4.1485 0.00028421 7.5936e-05
-4.0905 0.00029046 7.6885e-05
-4.0325 0.0002383 6.648e-05
-3.9744 0.00016614 5.1703e-05
-3.9164 0.00026102 7.1173e-05
-3.8584 0.00025482 7.0257e-05
-3.8004 0.00016546 5.1492e-05
-3.7424 0.00018541 5.5595e-05
-3.6843 0.00027001 7.286e-05
-3.6263 0.00027552 7.4347e-05
-3.5683 0.00018009 5.4973e-05
-3.5103 0.00034808 8.7895e-05
-3.4523 0.00026595 7.1764e-05
-3.3942 0.00027953 7.5428e-05
-3.3362 0.00021325 6.1936e-05
-3.2782 0.00015956 4.9656e-05
-3.2202 0.0002765 7.461e-05
-3.1621 0.00021608 6.2758e-05
-3.1041 0.0003092 7.98e-05
-3.0461 0.00023504 6.6398e-05
-2.9881 0.00023409 6.6129e-05
-2.9301 0.00031796 8.1438e-05
-2.872 0.00022113 6.4224e-05
-2.814 0.00025763 6.9518e-05
-2.756 0.00030022 8.0214e-05
-2.698 0.00035743 8.9659e-05
-2.64 0.00023964 6.6856e-05
-2.5819 0.00021069 6.1193e-05
-2.5239 0.00033718 8.6361e-05
-2.4659 0.00030187 7.9904e-05
-2.4079 0.00026655 7.1926e-05
-2.3499 0.00037494 9.289e-05
-2.2918 0.0003414 8.9571e-05
-2.2338 0.00024281 6.552e-05
-2.1758 0.00033147 8.6965e-05
-2.1178 0.00026006 7.0174e-05
-2.0597 0.00043102 0.00010395
-2.0017 0.00042685 0.00010575
-1.9437 0.00043563 0.00010317
-1.8857 0.00044748 0.00010846
-1.8277 0.00038582 9.7424e-05
-1.7696 0.00043985 0.00010254
-1.7116 0.00049436 0.00012044
-1.6536 0.00064359 0.0001446
-1.5956 0.00057657 0.00013174
-1.5376 0.00072108 0.00015689
-1.4795 0.0008947 0.00019574
-1.4215 0.00083791 0.00018107
-1.3635 0.0011088 0.00023226
-1.3055 0.0014845 0.00029857
-1.2475 0.0019143 0.00038483
-1.1894 0.0025241 0.00049371
-1.1314 0.0032069 0.00062665
-1.0734 0.0045173 0.00086473
-1.0154 0.0051251 0.00097554
-0.95735 0.0063001 0.001195
-0.89933 0.0070303 0.0013305
-0.84131 0.0078024 0.001472
-0.78328 0.009305 0.0017519
-0.72526 0.010706 0.0020111
-0.66724 0.011333 0.0021285
-0.60922 0.01181 0.0022211
-0.5512 0.012343 0.0023187
-0.49318 0.01371 0.0025662
-0.43516 0.01335 0.0024982
-0.37714 0.013283 0.0024891
-0.31912 0.01347 0.0025271
-0.26109 0.014341 0.002695
-0.20307 0.012844 0.0024039
-0.14505 0.013451 0.0025196
-0.087032 0.011992 0.0022552
-0.029011 0.012635 0.0023682
0.029011 0.010432 0.0019661
0.087032 0.01072 0.002013
0.14505 0.0083076 0.0015632
0.20307 0.0077471 0.001473
0.26109 0.0067404 0.0012794
0.31912 0.0056438 0.0010729
0.37714 0.0042865 0.00081805
0.43516 0.0024166 0.00047259
0.49318 0.002237 0.00044464
0.5512 0.0016531 0.00033737
0.60922 0.0010361 0.00021845
0.66724 0.00090095 0.0001921
0.72526 0.00083146 0.00017967
0.78328 0.00070859 0.00015563
0.84131 0.00056119 0.00012863
0.89933 0.00060005 0.0001363
0.95735 0.0004964 0.00011491
1.0154 0.00045392 0.00010895
1.0734 0.00039724 0.00010101
1.1314 0.00036972 9.1597e-05
1.1894 0.00040393 0.00010132
1.2475 0.00052177 0.00011851
1.3055 0.00039404 9.7623e-05
1.3635 0.00032158 8.2997e-05
1.4215 0.0002819 7.8644e-05
1.4795 0.00038831 9.3647e-05
1.5376 0.00034278 8.7159e-05
1.5956 0.00031319 8.1481e-05
1.6536 0.0003702 9.6312e-05
1.7116 0.0002809 7.1946e-05
1.7696 0.00025641 7.2435e-05
1.8277 0.00026325 7.2583e-05
1.8857 0.00028867 7.4502e-05
1.9437 0.00033287 8.8111e-05
2.0017 0.0002548 6.9478e-05
2.0597 0.00024238 6.6829e-05
2.1178 0.00022189 6.5442e-05
2.1758 0.000259 6.8556e-05
2.2338 0.00027476 7.6652e-05
2.2918 0.00021115 6.0453e-05
2.3499 0.00024209 6.7537e-05
2.4079 0.0003071 8.0571e-05
2.4659 0.0002904 7.7592e-05
2.5239 0.00016669 5.1875e-05
2.5819 0.00021366 6.2054e-05
2.64 0.00021298 6.0976e-05
2.698 0.00037444 9.5209e-05
2.756 0.00016991 5.1865e-05
2.814 0.00028004 7.6361e-05
2.872 0.0002306 6.4332e-05
2.9301 0.00025586 7.0545e-05
2.9881 0.00027163 7.4067e-05
3.0461 0.00019118 5.6383e-05
3.1041 0.00018643 5.6907e-05
3.1621 0.00014012 4.6742e-05
3.2202 0.00019139 5.6447e-05
3.2782 0.00018216 5.5604e-05
3.3362 0.00026979 7.3564e-05
3.3942 0.00020755 6.0278e-05
3.4523 0.00018456 5.5338e-05
3.5103 0.00018241 5.568e-05
3.5683 0.00023506 6.6404e-05
3.6263 0.00017828 5.4418e-05
3.6843 0.00021827 6.2492e-05
3.7424 0.00029317 7.7602e-05
3.8004 0.00030028 7.9484e-05
3.8584 0.00012769 4.3806e-05
3.9164 0.00017877 5.457e-05
3.9744 0.00024092 6.7213e-05
4.0325 0.00031605 8.2224e-05
4.0905 0.00015915 5.0584e-05
4.1485 0.00017962 5.4827e-05
4.2065 0.00017043 5.3039e-05
4.2645 0.0002208 6.3215e-05
4.3226 0.00016721 5.2039e-05
4.3806 0.00022285 6.3804e-05
4.4386 0.00013863 4.6243e-05
4.4966 0.00018012 5.4979e-05
4.5547 0.00015661 4.9776e-05
4.6127 0.00013857 4.6225e-05
4.6707 0.00026349 7.1848e-05
4.7287 0.00019564 5.77e-05
4.7867 0.00023373 6.6029e-05
4.8448 0.00012561 4.3091e-05
4.9028 0.00022081 6.3218e-05
4.9608 0.00019415 5.8216e-05
5.0188 0.00013645 4.5518e-05
5.0768 0.00021144 6.141e-05
5.1349 0.00015406 4.8965e-05
5.1929 0.00014029 4.6796e-05
5.2509 0.00020299 5.9867e-05
5.3089 0.00020925 6.0775e-05
5.3669 0.00014584 4.7434e-05
5.425 0.00021379 6.2092e-05
5.483 0.00018391 5.6138e-05
5.541 0.00021066 6.1184e-05
5.599 0.00020613 5.9867e-05
5.6571 0.000144 4.8036e-05
5.7151 0.00019745 5.8234e-05
5.7731 0.00013844 4.6182e-05
5.8311 0.00018277 5.5791e-05
5.8891 0.00019898 5.8685e-05
5.9472 0.00011858 4.1966e-05
6.0052 0.00020232 5.967e-05
6.0632 7.2362e-05 3.0462e-05
6.1212 0.00018546 5.6611e-05
6.1792 0.00021905 6.2714e-05
6.2373 0.00021381 6.2097e-05
6.2953 0.0001162 4.1126e-05
6.3533 0.00028426 7.6704e-05
6.4113 0.00019778 5.8332e-05
6.4694 0.00018221 5.5619e-05
6.5274 0.00014465 4.7046e-05
6.5854 0.00017394 5.4131e-05
6.6434 0.00015971 5.0762e-05
6.7014 0.00012719 4.3632e-05
6.7595 0.00017185 5.3481e-05
6.8175 0.00015662 4.9778e-05
6.8755 0.00017198 5.3522e-05
6.9335 0.00016886 5.2552e-05
6.9915 0.00012586 4.3178e-05
7.0496 0.00024815 6.923e-05
7.1076 0.00020404 6.0176e-05
7.1656 0.00018893 5.665e-05
7.2236 0.00013844 4.6179e-05
7.2816 0.0001287 4.4152e-05
7.3397 0.00011812 4.1804e-05
7.3977 0.00017803 5.4344e-05
7.4557 0.00015868 5.0435e-05
7.5137 0.00012921 4.4325e-05
7.5718 0.00021239 6.1685e-05
7.6298 0.00013739 4.5831e-05
7.6878 0.00010534 3.861e-05
7.7458 0.00016992 5.2879e-05
7.8038 0.00015829 5.031e-05
7.8619 0.00011548 4.087e-05
7.9199 0.00022109 6.33e-05
7.9779 0.00023323 6.5888e-05
8.0359 0.00016756 5.2146e-05
8.0939 0.00016707 5.1994e-05
8.152 0.00025233 6.9571e-05
8.21 0.000158 5.0217e-05
8.268 0.00015592 4.9555e-05
8.326 0.00014768 4.8031e-05
8.384 0.00014592 4.7459e-05
8.4421 0.00023065 6.5158e-05
8.5001 0.00011692 4.1379e-05
8.5581 0.00013514 4.508e-05
8.6161 0.00017017 5.2958e-05
8.6742 0.00018069 5.5154e-05
8.7322 0.00020959 6.0872e-05
8.7902 0.00020018 5.904e-05
8.8482 0.00014695 4.7794e-05
8.9062 0.00012773 4.382e-05
8.9643 0.00015878 5.0466e-05
9.0223 0.00013695 4.5683e-05
9.0803 0.00013491 4.5002e-05
9.1383 0.00010717 3.9283e-05
9.1963 0.000199 5.8692e-05
9.2544 9.3871e-05 3.5802e-05
9.3124 0.00011547 4.0868e-05
9.3704 0.00016934 5.2699e-05
9.4284 0.00020881 6.0644e-05
9.4864 0.00015634 4.9689e-05
9.5445 0.0001783 5.4424e-05
9.6025 0.00013757 4.5891e-05
9.6605 0.00018683 5.6021e-05
9.7185 0.00013479 4.4962e-05
9.7766 0.00016994 5.2888e-05
9.8346 0.00018926 5.6749e-05
9.8926 0.00023032 6.5064e-05
9.9506 0.00012515 4.2934e-05
10.009 0.00010485 3.843e-05
10.067 0.00021062 6.1171e-05
10.125 0.0001349 4.4999e-05
10.183 0.00016766 5.2177e-05
10.241 0.00021737 6.2234e-05
10.299 0.00012523 4.2961e-05
10.357 0.00019949 5.8835e-05
10.415 0.00017598 5.3717e-05
10.473 0.00013644 4.5512e-05
10.531 0.00013668 4.5594e-05
10.589 0.00012463 4.2754e-05
10.647 0.00024758 6.8262e-05
10.705 0.00022986 6.4934e-05
10.763 7.3177e-05 3.0805e-05
10.821 0.00011425 4.0435e-05
10.879 0.00017481 5.3361e-05
10.937 0.00016677 5.1901e-05
10.995 0.00017783 5.4282e-05
11.053 0.00018691 5.6043e-05
11.111 0.00017648 5.3871e-05
11.169 0.00014491 4.713e-05
11.227 0.0001664 5.1786e-05
11.285 0.00024936 6.8753e-05
11.343 0.00021844 6.2541e-05
11.401 0.00014436 4.6953e-05
11.459 0.0001669 5.1942e-05
11.517 0.00015616 4.9633e-05
11.575 0.00013428 4.4794e-05
11.633 0.00015615 4.963e-05
11.691 0.00019779 5.8334e-05
11.749 0.00022937 6.4796e-05
11.807 0.00015443 4.9084e-05
11.865 0.00016646 5.1805e-05
11.923 0.00017715 5.4073e-05
11.981 9.3002e-05 3.5471e-05
12.039 0.00014503 4.7171e-05
12.097 0.00011314 4.0044e-05
12.155 0.0001558 4.9519e-05
12.213 0.00015549 4.942e-05
12.271 0.00017483 5.3365e-05
12.329 0.00011281 3.9927e-05
12.388 8.2671e-05 3.3001e-05
12.446 0.00015435 4.9059e-05
12.504 0.00019372 5.7134e-05
12.562 0.000164 5.1038e-05
12.62 0.00017416 5.3161e-05
12.678 0.00016294 5.0707e-05
12.736 0.00018284 5.4822e-05
12.794 0.00014253 4.6356e-05
12.852 0.00022689 6.4097e-05
12.91 0.00011143 3.9438e-05
12.968 0.00011129 3.9388e-05
13.026 0.00021275 6.0912e-05
13.084 0.00015316 4.8681e-05
13.142 0.00014185 4.6134e-05
13.2 0.00018108 5.4297e-05
13.258 0.0001816 5.4452e-05
13.316 0.00012234 4.1968e-05
13.374 0.00015228 4.8399e-05
13.432 0.00012069 4.1404e-05
13.49 0.0001613 5.0199e-05
13.548 0.00013169 4.3929e-05
13.606 0.00022376 6.3211e-05
13.664 0.00014103 4.5869e-05
13.722 0.00014086 4.5814e-05
13.78 0.00017177 5.2432e-05
13.838 9.0905e-05 3.4671e-05
13.896 0.00020018 5.814e-05
13.954 0.00018075 5.4197e-05
14.012 0.00018189 5.4539e-05
14.07 9.0239e-05 3.4417e-05
14.128 0.00018845 5.558e-05
14.186 0.00022156 6.259e-05
14.244 0.0001709 5.2165e-05
14.302 0.00015055 4.7848e-05
14.36 0.00012917 4.3089e-05
14.418 0.00015003 4.7684e-05
14.476 0.00015994 4.9775e-05
14.534 0.00020025 5.816e-05
14.592 0.00013915 4.5256e-05
14.65 0.00013969 4.5434e-05
14.708 0.00015076 4.7918e-05
14.766 0.00019131 5.6422e-05
14.824 0.00017863 5.3563e-05
14.882 0.00015115 4.8039e-05
14.94 0.00022038 6.2257e-05
14.998 0.00022889 6.3855e-05
15.056 0.00017829 5.3458e-05
15.114 0.00019912 5.7832e-05
15.173 0.0001892 5.5799e-05
15.231 0.00021991 6.2124e-05
15.289 0.00021599 6.1017e-05
15.347 0.00011927 4.0917e-05
15.405 0.00015807 4.9192e-05
15.463 0.00021657 6.1182e-05
15.521 0.00010796 3.821e-05
15.579 0.00011768 4.0369e-05
15.637 0.00015697 4.8851e-05
15.695 0.00011798 4.0474e-05
15.753 0.00015556 4.8412e-05
15.811 0.00017632 5.2869e-05
15.869 0.00012842 4.2837e-05
15.927 7.7887e-05 3.1092e-05
15.985 8.8333e-05 3.369e-05
16.043 0.00019449 5.6487e-05
16.101 0.00015654 4.8718e-05
16.159 0.0001859 5.4827e-05
16.217 0.00014634 4.6511e-05
16.275 0.00027346 7.2384e-05
16.333 0.000185 5.456e-05
16.391 0.00012584 4.1977e-05
16.449 0.00023188 6.3932e-05
16.507 0.00020379 5.8347e-05
16.565 0.00024165 6.5892e-05
16.623 0.00015516 4.8286e-05
16.681 0.00017189 5.1541e-05
16.739 0.00015359 4.7798e-05
16.797 0.00013443 4.3723e-05
16.855 0.00015219 4.7362e-05
16.913 0.00018995 5.5169e-05
16.971 0.00011445 3.9261e-05
17.029 0.00016208 4.9473e-05
17.087 0.00014366 4.5661e-05
17.145 0.00015109 4.7021e-05
17.203 5.7187e-05 2.564e-05
17.261 0.00014361 4.5643e-05
17.319 0.00016144 4.9279e-05
17.377 0.00016962 5.086e-05
17.435 0.00015197 4.7293e-05
17.493 0.00010404 3.6821e-05
17.551 0.00014265 4.534e-05
17.609 0.00016857 5.0546e-05
17.667 6.6134e-05 2.784e-05
17.725 0.00016007 4.8859e-05
17.783 0.00012228 4.0791e-05
17.841 0.00013978 4.4426e-05
17.9 0.00018694 5.4293e-05
17.958 0.00024389 6.5811e-05
18.016 0.00017631 5.1999e-05
18.074 0.00016631 4.9867e-05
18.132 0.00018514 5.3772e-05
18.19 0.0001479 4.6029e-05
18.248 0.00010238 3.6233e-05
18.306 0.00022956 6.2595e-05
18.364 0.00017577 5.1839e-05
18.422 0.00019466 5.5731e-05
18.48 0.00014675 4.5671e-05
18.538 0.00015553 4.7474e-05
18.596 0.00017313 5.106e-05
18.654 0.00015649 4.7767e-05
18.712 0.00012867 4.1848e-05
18.77 0.00021791 6.008e-05
18.828 0.00017312 5.1058e-05
18.886 0.0002097 5.8501e-05
18.944 0.000128 4.163e-05
19.002 0.00013535 4.3018e-05
19.06 0.00012664 4.1189e-05
19.118 0.0001551 4.7345e-05
19.176 0.00015313 4.6741e-05
19.234 0.00012525 4.0737e-05
19.292 0.00024328 6.5001e-05
19.35 0.0001433 4.4596e-05
19.408 0.00027757 7.1638e-05
19.466 0.00014202 4.4197e-05
19.524 0.00016125 4.835e-05
19.582 0.00016936 4.995e-05
19.64 0.00019429 5.4887e-05
19.698 0.00013208 4.1981e-05
19.756 0.00019343 5.4645e-05
19.814 0.00016929 4.9928e-05
19.872 0.00011448 3.8189e-05
19.93 0.00021904 5.9726e-05
19.988 0.00015855 4.7539e-05
20.046 0.00017485 5.0781e-05
20.104 0.00018346 5.2525e-05
20.162 0.00014798 4.5172e-05
20.22 9.6299e-05 3.4082e-05
20.278 0.00014802 4.5181e-05
20.336 0.00017364 5.043e-05
20.394 0.00014653 4.4726e-05
20.452 0.00013087 4.1594e-05
20.51 0.00024324 6.4385e-05
20.568 0.00015533 4.6574e-05
20.626 8.5228e-05 3.1239e-05
20.685 0.00016243 4.7905e-05
20.743 0.00017041 4.9493e-05
20.801 0.00013646 4.2467e-05
20.859 0.00012686 4.0321e-05
20.917 0.00016149 4.7627e-05
20.975 0.00013579 4.226e-05
21.033 0.00012639 4.0172e-05
21.091 0.0001004 3.4444e-05
21.149 0.00019359 5.4008e-05
21.207 0.00021957 5.9248e-05
21.265 0.00011709 3.8083e-05
21.323 0.00015837 4.6706e-05
21.381 0.00019944 5.4988e-05
21.439 0.00019227 5.3641e-05
21.497 0.00018311 5.1727e-05
21.555 0.00016456 4.7793e-05
21.613 0.00016493 4.79e-05
21.671 0.00011576 3.7651e-05
21.729 0.00016353 4.7495e-05
21.787 0.00012985 4.0409e-05
21.845 0.00021914 5.8552e-05
21.903 0.00013798 4.2117e-05
21.961 0.00011238 3.6549e-05
22.019 0.00015166 4.4728e-05
22.077 0.00011976 3.8064e-05
22.135 0.00017672 4.9923e-05
22.193 0.00011925 3.7903e-05
22.251 0.00018134 5.0589e-05
22.309 0.00015805 4.5904e-05
22.367 0.00016607 4.7548e-05
22.425 9.4468e-05 3.2407e-05
22.483 0.00020993 5.6091e-05
22.541 0.00011722 3.7257e-05
22.599 0.00014931 4.4036e-05
22.657 0.00016462 4.7131e-05
22.715 0.00015503 4.5025e-05
22.773 0.00012398 3.8584e-05
22.831 6.1949e-05 2.4729e-05
22.889 0.0002004 5.4076e-05
22.947 0.00013755 4.1245e-05
23.005 0.00019849 5.3559e-05
23.063 0.0001525 4.4291e-05
23.121 0.00015088 4.3821e-05
23.179 0.00017336 4.8363e-05
23.237 0.00017238 4.8091e-05
23.295 0.00017987 4.9594e-05
23.353 0.00022308 5.8036e-05
23.412 0.00014067 4.1486e-05
23.47 0.00014845 4.3113e-05
23.528 0.00017059 4.7592e-05
23.586 0.00019826 5.2972e-05
23.644 0.00012425 3.7927e-05
23.702 0.00015977 4.5135e-05
23.76 0.00015294 4.3789e-05
23.818 0.00017375 4.7906e-05
23.876 0.00020798 5.4565e-05
23.934 0.00014293 4.1512e-05
23.992 0.00018542 5.0033e-05
24.05 0.0002477 6.2133e-05
24.108 0.00023171 5.8917e-05
24.166 0.00021006 5.465e-05
24.224 0.00011889 3.6289e-05
24.282 0.00015317 4.3272e-05
24.34 0.00016513 4.5529e-05
24.398 0.00017264 4.7076e-05
24.456 0.00012363 3.7071e-05
24.514 0.00017072 4.6551e-05
24.572 0.00015605 4.3535e-05
24.63 0.0001559 4.3494e-05
24.688 0.00020246 5.2673e-05
24.746 0.00018034 4.8186e-05
24.804 0.00021735 5.5267e-05
24.862 0.00015875 4.377e-05
24.92 0.00015772 4.3487e-05
24.978 0.0001822 4.8229e-05
25.036 0.00017465 4.6664e-05
25.094 0.000186 4.88e-05
25.152 0.00015381 4.2409e-05
25.21 0.0001716 4.5849e-05
25.268 0.00017747 4.6976e-05
25.326 0.00015795 4.3069e-05
25.384 0.00018294 4.7997e-05
25.442 0.0001681 4.4913e-05
25.5 0.0001045 3.1899e-05
25.558 0.00014139 3.9445e-05
25.616 0.00014629 4.0334e-05
25.674 0.00021175 5.3115e-05
25.732 0.00017267 4.5303e-05
25.79 0.0001067 3.1993e-05
25.848 0.00017827 4.6379e-05
25.906 0.00022884 5.605e-05
25.964 0.00019147 4.8686e-05
26.022 0.0001456 3.9702e-05
26.08 0.00018398 4.7122e-05
26.138 0.00016099 4.2615e-05
26.197 0.00015336 4.0976e-05
26.255 0.00015913 4.2121e-05
26.313 0.00015831 4.1904e-05
26.371 0.00021338 5.2557e-05
26.429 0.00021059 5.1869e-05
26.487 0.00021393 5.2398e-05
26.545 0.00015862 4.1615e-05
26.603 0.00015543 4.0779e-05
26.661 0.00016958 4.3435e-05
26.719 0.00022126 5.3361e-05
26.777 0.00014156 3.7823e-05
26.835 0.00016508 4.2282e-05
26.893 0.00012728 3.4705e-05
26.951 0.00015722 4.0577e-05
27.009 0.00014536 3.8136e-05
27.067 0.00014364 3.7685e-05
27.125 0.00017003 4.2652e-05
27.183 0.00013804 3.6218e-05
27.241 0.00017532 4.3435e-05
27.299 0.00014872 3.809e-05
27.357 0.0002106 4.9877e-05
27.415 0.00019099 4.6059e-05
27.473 0.00012688 3.3584e-05
27.531 0.00014289 3.6598e-05
27.589 0.00018402 4.438e-05
27.647 0.00014319 3.6408e-05
27.705 0.0001324 3.4171e-05
27.763 0.00015399 3.8151e-05
27.821 0.00014706 3.6657e-05
27.879 0.00015591 3.8186e-05
27.937 0.00018156 4.3e-05
27.995 0.00016236 3.9155e-05
28.053 0.00015806 3.8118e-05
28.111 0.00021309 4.8542e-05
28.169 0.00019652 4.5186e-05
28.227 0.00014737 3.5719e-05
28.285 0.00017787 4.1319e-05
28.343 0.00013985 3.3895e-05
28.401 0.00013379 3.2595e-05
28.459 0.00017166 3.96e-05
28.517 0.00018277 4.1515e-05
28.575 0.00015236 3.5521e-05
28.633 0.00020203 4.4649e-05
28.691 0.0001728 3.8823e-05
28.749 0.00015039 3.4259e-05
28.807 0.00013249 3.0669e-05
28.865 0.00018822 4.1026e-05
28.924 0.00017577 3.8455e-05
28.982 0.00016502 3.6173e-05
29.04 0.00016876 3.6527e-05
29.098 0.0001861 3.9375e-05
29.156 0.00015154 3.2494e-05
29.214 0.00015542 3.2694e-05
29.272 0.000168 3.4447e-05
29.33 0.00017175 3.4658e-05
29.388 0.00018278 3.557e-05
29.446 0.00017861 3.4985e-05
29.504 0 1
29.562 0 1
29.62 0 1
29.678 0 1
