-29.678 0 1
-29.62 0 1
-29.562 0 1
-29.504 0.00032114 6.1439e-05
-29.446 0.00030191 5.771e-05
-29.388 0.00028933 5.6218e-05
-29.33 0.00031054 6.058e-05
-29.272 0.00033437 6.5444e-05
-29.214 0.00027608 5.4957e-05
-29.156 0.00032576 6.4643e-05
-29.098 0.00034059 6.7724e-05
-29.04 0.00031791 6.3731e-05
-28.982 0.00035487 7.0866e-05
-28.924 0.00034188 6.8632e-05
-28.865 0.00029785 6.0545e-05
-28.807 0.00029864 6.0892e-05
-28.749 0.0002932 6.012e-05
-28.691 0.00034369 6.9864e-05
-28.633 0.00032205 6.5997e-05
-28.575 0.00032851 6.7361e-05
-28.517 0.00033008 6.7805e-05
-28.459 0.00036369 7.4316e-05
-28.401 0.00031078 6.4507e-05
-28.343 0.00031553 6.5542e-05
-28.285 0.00034756 7.1772e-05
-28.227 0.00030967 6.4753e-05
-28.169 0.000308 6.4579e-05
-28.111 0.00026596 5.6717e-05
-28.053 0.00031711 6.6488e-05
-27.995 0.00026485 5.6768e-05
-27.937 0.00036366 7.5481e-05
-27.879 0.00029625 6.2954e-05
-27.821 0.00025516 5.5317e-05
-27.763 0.00028979 6.2032e-05
-27.705 0.00036374 7.6059e-05
-27.647 0.00030433 6.498e-05
-27.589 0.00035222 7.4132e-05
-27.531 0.00024224 5.3534e-05
-27.473 0.00034308 7.2659e-05
-27.415 0.00040336 8.4057e-05
-27.357 0.00030725 6.6032e-05
-27.299 0.00032779 7.0076e-05
-27.241 0.00029676 6.4238e-05
-27.183 0.00031859 6.847e-05
-27.125 0.0003475 7.4017e-05
-27.067 0.00030127 6.5416e-05
-27.009 0.00032791 7.057e-05
-26.951 0.00031109 6.7442e-05
-26.893 0.00031188 6.772e-05
-26.835 0.0002913 6.4011e-05
-26.777 0.0003125 6.8072e-05
-26.719 0.00030415 6.6594e-05
-26.661 0.00032272 7.0185e-05
-26.603 0.00043032 9.066e-05
-26.545 0.00025249 5.7066e-05
-26.487 0.00032887 7.1639e-05
-26.429 0.00034133 7.4115e-05
-26.371 0.00032881 7.1745e-05
-26.313 0.00034477 7.4861e-05
-26.255 0.00031641 6.9529e-05
-26.197 0.00028771 6.4113e-05
-26.138 0.00031161 6.8731e-05
-26.08 0.00033036 7.2331e-05
-26.022 0.00035199 7.6428e-05
-25.964 0.00033373 7.3071e-05
-25.906 0.0003082 6.8388e-05
-25.848 0.000361 7.8386e-05
-25.79 0.00032058 7.0847e-05
-25.732 0.00027451 6.2202e-05
-25.674 0.00035406 7.7386e-05
-25.616 0.00029695 6.6622e-05
-25.558 0.00032634 7.212e-05
-25.5 0.00029398 6.6114e-05
-25.442 0.00037169 8.0967e-05
-25.384 0.00027478 6.2601e-05
-25.326 0.00028035 6.3694e-05
-25.268 0.00038315 8.3327e-05
-25.21 0.00026098 6.0157e-05
-25.152 0.00028163 6.4161e-05
-25.094 0.00036395 7.9827e-05
-25.036 0.00035792 7.8795e-05
-24.978 0.00032507 7.2599e-05
-24.92 0.0003107 6.9874e-05
-24.862 0.00032806 7.3266e-05
-24.804 0.00030984 6.9851e-05
-24.746 0.00029385 6.6945e-05
-24.688 0.00035443 7.8485e-05
-24.63 0.00035589 7.8808e-05
-24.572 0.00036328 8.0285e-05
-24.514 0.00037372 8.2432e-05
-24.456 0.00033617 7.5248e-05
-24.398 0.00025608 6.0029e-05
-24.34 0.00039104 8.5771e-05
-24.282 0.00029691 6.8028e-05
-24.224 0.000348 7.7719e-05
-24.166 0.00032781 7.3902e-05
-24.108 0.00029368 6.7488e-05
-24.05 0.00034842 7.7989e-05
-23.992 0.00029749 6.8363e-05
-23.934 0.00029176 6.7253e-05
-23.876 0.00027131 6.3372e-05
-23.818 0.00034535 7.7668e-05
-23.76 0.0002845 6.6001e-05
-23.702 0.00031158 7.1182e-05
-23.644 0.00031934 7.2752e-05
-23.586 0.0003056 7.0227e-05
-23.528 0.00034245 7.7203e-05
-23.47 0.00027114 6.356e-05
-23.412 0.00035652 7.9989e-05
-23.353 0.00037747 8.4114e-05
-23.295 0.00034109 7.7089e-05
-23.237 0.00041547 9.1295e-05
-23.179 0.00028364 6.6252e-05
-23.121 0.00028543 6.6671e-05
-23.063 0.00025673 6.1126e-05
-23.005 0.00035001 7.8907e-05
-22.947 0.00029188 6.7941e-05
-22.889 0.00028355 6.647e-05
-22.831 0.00030633 7.0836e-05
-22.773 0.00032309 7.4027e-05
-22.715 0.00030251 7.0179e-05
-22.657 0.00027109 6.4283e-05
-22.599 0.00028686 6.7244e-05
-22.541 0.00033088 7.5593e-05
-22.483 0.00033075 7.578e-05
-22.425 0.00035524 8.0495e-05
-22.367 0.0002685 6.3929e-05
-22.309 0.00030849 7.1567e-05
-22.251 0.0002755 6.5328e-05
-22.193 0.0004375 9.6315e-05
-22.135 0.00033619 7.7028e-05
-22.077 0.00037177 8.3813e-05
-22.019 0.00028541 6.7412e-05
-21.961 0.0003166 7.3448e-05
-21.903 0.00033334 7.6602e-05
-21.845 0.00033361 7.6665e-05
-21.787 0.00023348 5.7473e-05
-21.729 0.00030939 7.2267e-05
-21.671 0.00030795 7.1931e-05
-21.613 0.00038116 8.5931e-05
-21.555 0.00026648 6.3998e-05
-21.497 0.00032502 7.5402e-05
-21.439 0.00030612 7.1761e-05
-21.381 0.00037889 8.5634e-05
-21.323 0.0003797 8.5816e-05
-21.265 0.00033971 7.8305e-05
-21.207 0.00029675 7.0088e-05
-21.149 0.00027161 6.5231e-05
-21.091 0.00031671 7.3978e-05
-21.033 0.00026816 6.4698e-05
-20.975 0.0003054 7.1857e-05
-20.917 0.0003179 7.4255e-05
-20.859 0.00032572 7.5817e-05
-20.801 0.00027622 6.6337e-05
-20.743 0.00038762 8.7606e-05
-20.685 0.00035178 8.084e-05
-20.626 0.00035339 8.121e-05
-20.568 0.00028544 6.8253e-05
-20.51 0.00038522 8.7289e-05
-20.452 0.00034627 7.9818e-05
-20.394 0.00033562 7.7861e-05
-20.336 0.00031338 7.3734e-05
-20.278 0.000268 6.4966e-05
-20.22 0.000355 8.1579e-05
-20.162 0.00032078 7.5198e-05
-20.104 0.0002829 6.7944e-05
-20.046 0.00029021 6.9393e-05
-19.988 0.00027664 6.6744e-05
-19.93 0.00033083 7.7276e-05
-19.872 0.00035218 8.1438e-05
-19.814 0.000331 7.7316e-05
-19.756 0.0003811 8.6821e-05
-19.698 0.00027364 6.6331e-05
-19.64 0.00031985 7.5257e-05
-19.582 0.00030734 7.2878e-05
-19.524 0.0002479 6.1361e-05
-19.466 0.00040091 9.0843e-05
-19.408 0.00033146 7.7699e-05
-19.35 0.00037632 8.6222e-05
-19.292 0.00023665 5.927e-05
-19.234 0.00034312 7.9869e-05
-19.176 0.00027419 6.6793e-05
-19.118 0.00041908 9.448e-05
-19.06 0.00030592 7.284e-05
-19.002 0.00023889 5.9833e-05
-18.944 0.00025456 6.3009e-05
-18.886 0.00031473 7.463e-05
-18.828 0.00029977 7.1679e-05
-18.77 0.00036179 8.3659e-05
-18.712 0.00031115 7.4083e-05
-18.654 0.0003603 8.3315e-05
-18.596 0.00028202 6.8363e-05
-18.538 0.00030978 7.3758e-05
-18.48 0.00039988 9.1099e-05
-18.422 0.00036487 8.4372e-05
-18.364 0.0003242 7.6572e-05
-18.306 0.00031196 7.4276e-05
-18.248 0.00040786 9.2666e-05
-18.19 0.00036834 8.5174e-05
-18.132 0.00035303 8.2174e-05
-18.074 0.00019168 5.0955e-05
-18.016 0.00030447 7.3123e-05
-17.958 0.00030895 7.3873e-05
-17.9 0.00038374 8.8184e-05
-17.841 0.0003229 7.6568e-05
-17.783 0.00034639 8.12e-05
-17.725 0.00036552 8.4796e-05
-17.667 0.00031449 7.4879e-05
-17.609 0.00033293 7.8635e-05
-17.551 0.00031272 7.4775e-05
-17.493 0.00030484 7.3211e-05
-17.435 0.00029035 7.0384e-05
-17.377 0.00034836 8.1661e-05
-17.319 0.00033673 7.9533e-05
-17.261 0.00024408 6.1517e-05
-17.203 0.00023543 5.9728e-05
-17.145 0.0002737 6.7373e-05
-17.087 0.00034387 8.0907e-05
-17.029 0.00024451 6.1626e-05
-16.971 0.00035624 8.321e-05
-16.913 0.00037179 8.6251e-05
-16.855 0.00038766 8.9358e-05
-16.797 0.00040872 9.3376e-05
-16.739 0.00030857 7.4106e-05
-16.681 0.00036224 8.4612e-05
-16.623 0.0004809 0.00010716
-16.565 0.00035996 8.4079e-05
-16.507 0.00035876 8.3798e-05
-16.449 0.00039362 9.0455e-05
-16.391 0.0003498 8.2303e-05
-16.333 0.00030508 7.3605e-05
-16.275 0.00030264 7.3015e-05
-16.217 0.0004981 0.00011053
-16.159 0.00030028 7.279e-05
-16.101 0.00033474 7.9374e-05
-16.043 0.00038444 8.8897e-05
-15.985 0.00032671 7.7789e-05
-15.927 0.00037966 8.8077e-05
-15.869 0.00033004 7.8582e-05
-15.811 0.00035535 8.33e-05
-15.753 0.00033876 8.0328e-05
-15.695 0.0003899 9.0159e-05
-15.637 0.00035913 8.4187e-05
-15.579 0.00033589 7.9648e-05
-15.521 0.00030952 7.4676e-05
-15.463 0.00033289 7.926e-05
-15.405 0.00036084 8.4588e-05
-15.347 0.00038834 8.9799e-05
-15.289 0.00029023 7.1063e-05
-15.231 0.00032012 7.6882e-05
-15.173 0.00031093 7.5015e-05
-15.114 0.00038989 9.0157e-05
-15.056 0.00036932 8.6265e-05
-14.998 0.00040147 9.2541e-05
-14.94 0.0003716 8.6799e-05
-14.882 0.00031104 7.5041e-05
-14.824 0.00035756 8.4129e-05
-14.766 0.00039605 9.1581e-05
-14.708 0.00045948 0.00010359
-14.65 0.00044423 0.00010066
-14.592 0.00040072 9.237e-05
-14.534 0.00032181 7.7288e-05
-14.476 0.00039477 9.1286e-05
-14.418 0.00044386 0.00010058
-14.36 0.00040327 9.2956e-05
-14.302 0.00033864 8.0629e-05
-14.244 0.000352 8.3139e-05
-14.186 0.00032318 7.7616e-05
-14.128 0.00039154 9.0833e-05
-14.07 0.00031874 7.6899e-05
-14.012 0.00046921 0.00010552
-13.954 0.0003893 9.0315e-05
-13.896 0.00039055 9.0604e-05
-13.838 0.00037798 8.8288e-05
-13.78 0.0002884 7.0992e-05
-13.722 0.00036038 8.4794e-05
-13.664 0.00050034 0.00011174
-13.606 0.00035041 8.3092e-05
-13.548 0.00037162 8.7115e-05
-13.49 0.00042106 9.6473e-05
-13.432 0.00040286 9.3156e-05
-13.374 0.00031392 7.6097e-05
-13.316 0.00037411 8.7698e-05
-13.258 0.00038596 8.9841e-05
-13.2 0.00038123 8.9047e-05
-13.142 0.00045081 0.00010242
-13.084 0.0003954 9.1729e-05
-13.026 0.00040955 9.4404e-05
-12.968 0.00038597 8.9843e-05
-12.91 0.00037521 8.7955e-05
-12.852 0.000397 9.2099e-05
-12.794 0.00038067 8.8917e-05
-12.736 0.00034617 8.2422e-05
-12.678 0.00028719 7.1086e-05
-12.62 0.00037468 8.7831e-05
-12.562 0.00029859 7.3109e-05
-12.504 0.00043519 9.9422e-05
-12.446 0.00037863 8.8758e-05
-12.388 0.00039026 9.0841e-05
-12.329 0.00034504 8.2154e-05
-12.271 0.00049616 0.00011106
-12.213 0.00035591 8.4396e-05
-12.155 0.00039955 9.2691e-05
-12.097 0.00047149 0.00010629
-12.039 0.00039114 9.1045e-05
-11.981 0.00038097 8.9307e-05
-11.923 0.00037159 8.7431e-05
-11.865 0.00038322 8.9514e-05
-11.807 0.00040774 9.4285e-05
-11.749 0.00036468 8.6134e-05
-11.691 0.00043086 9.8718e-05
-11.633 0.00041561 9.5802e-05
-11.575 0.00036219 8.5546e-05
-11.517 0.00040219 9.3303e-05
-11.459 0.00043066 9.8672e-05
-11.401 0.00045326 0.00010298
-11.343 0.00040186 9.3228e-05
-11.285 0.00038249 8.9663e-05
-11.227 0.00040427 9.3786e-05
-11.169 0.00043868 0.00010022
-11.111 0.00041027 9.487e-05
-11.053 0.00042136 9.7125e-05
-10.995 0.00044898 0.00010228
-10.937 0.00051399 0.00011454
-10.879 0.0005195 0.00011576
-10.821 0.00041286 9.5469e-05
-10.763 0.0003689 8.713e-05
-10.705 0.00041785 9.6318e-05
-10.647 0.00039661 9.232e-05
-10.589 0.00040013 9.3138e-05
-10.531 0.00042037 9.6899e-05
-10.473 0.00046977 0.00010617
-10.415 0.00041432 9.5805e-05
-10.357 0.00045324 0.00010326
-10.299 0.00042086 9.7012e-05
-10.241 0.00046705 0.00010583
-10.183 0.00052746 0.00011729
-10.125 0.00044286 0.00010147
-10.067 0.00048476 0.00010929
-10.009 0.00044087 0.00010072
-9.9506 0.00046161 0.00010488
-9.8926 0.00050925 0.00011399
-9.8346 0.00044096 0.00010103
-9.7766 0.00043557 9.9799e-05
-9.7185 0.00039307 9.1813e-05
-9.6605 0.00054979 0.00012175
-9.6025 0.00043062 9.8956e-05
-9.5445 0.00054392 0.00012045
-9.4864 0.00037929 8.9242e-05
-9.4284 0.00065061 0.00014083
-9.3704 0.00043924 0.00010064
-9.3124 0.0005553 0.00012272
-9.2544 0.00035356 8.4183e-05
-9.1963 0.00043938 0.00010097
-9.1383 0.00042339 9.7594e-05
-9.0803 0.00051045 0.00011426
-9.0223 0.00042756 9.8557e-05
-8.9643 0.00048369 0.00010932
-8.9062 0.00046855 0.00010617
-8.8482 0.00058763 0.00012889
-8.7902 0.00046988 0.00010647
-8.7322 0.00054687 0.00012135
-8.6742 0.0004282 9.8703e-05
-8.6161 0.00057575 0.00012651
-8.5581 0.0005538 0.00012264
-8.5001 0.00059337 0.00013015
-8.4421 0.00041794 9.6643e-05
-8.384 0.00047688 0.00010778
-8.326 0.00052646 0.00011732
-8.268 0.00056308 0.00012444
-8.21 0.00057326 0.0001262
-8.152 0.00052562 0.00011713
-8.0939 0.00045893 0.00010455
-8.0359 0.00066366 0.00014344
-7.9779 0.00059849 0.00013104
-7.9199 0.00058392 0.00012831
-7.8619 0.00051276 0.00011478
-7.8038 0.00043842 0.00010075
-7.7458 0.00066849 0.00014428
-7.6878 0.00061417 0.00013401
-7.6298 0.00051649 0.00011561
-7.5718 0.00048207 0.00010924
-7.5137 0.00054983 0.000122
-7.4557 0.00056973 0.00012566
-7.3977 0.00061182 0.00013372
-7.3397 0.00051315 0.00011513
-7.2816 0.00063816 0.00013879
-7.2236 0.0004525 0.00010338
-7.1656 0.00064242 0.00013949
-7.1076 0.00052467 0.00011744
-7.0496 0.00043903 0.00010089
-6.9915 0.00050406 0.00011309
-6.9335 0.00056116 0.00012426
-6.8755 0.00057485 0.00012679
-6.8175 0.00075003 0.00015975
-6.7595 0.00053097 0.00011832
-6.7014 0.00059409 0.00013031
-6.6434 0.00049841 0.00011236
-6.5854 0.00050917 0.00011424
-6.5274 0.00058203 0.00012813
-6.4694 0.00070736 0.00015161
-6.4113 0.00049294 0.00011141
-6.3533 0.00063212 0.0001377
-6.2953 0.00062617 0.0001364
-6.2373 0.00048205 0.00010895
-6.1792 0.00050274 0.00011334
-6.1212 0.00052205 0.00011659
-6.0632 0.00066619 0.00014399
-6.0052 0.00061604 0.00013465
-5.9472 0.00066965 0.00014474
-5.8891 0.0006336 0.00013802
-5.8311 0.00061877 0.00013501
-5.7731 0.00056299 0.00012442
-5.7151 0.00069351 0.00014946
-5.6571 0.00061267 0.00013368
-5.599 0.00057079 0.0001259
-5.541 0.00065942 0.00014296
-5.483 0.00067996 0.00014675
-5.425 0.00064135 0.00013926
-5.3669 0.00066497 0.00014373
-5.3089 0.00064855 0.00014082
-5.2509 0.00059248 0.00013019
-5.1929 0.00078498 0.00016625
-5.1349 0.00064583 0.00014023
-5.0768 0.00066644 0.00014404
-5.0188 0.00070686 0.00015191
-4.9608 0.00073054 0.00015618
-4.9028 0.00072468 0.00015493
-4.8448 0.00086371 0.00018143
-4.7867 0.00086025 0.00018054
-4.7287 0.00067795 0.00014632
-4.6707 0.00078445 0.0001665
-4.6127 0.00074013 0.00015784
-4.5547 0.00065566 0.00014214
-4.4966 0.00074441 0.00015895
-4.4386 0.00062892 0.00013723
-4.3806 0.00074472 0.00015862
-4.3226 0.00077592 0.00016488
-4.2645 0.0007108 0.00015255
-4.2065 0.00075338 0.00016047
-4.1485 0.00070405 0.00015131
-4.0905 0.00084432 0.0001777
-4.0325 0.0007652 0.00016279
-3.9744 0.00083289 0.00017547
-3.9164 0.00089926 0.00018804
-3.8584 0.0006698 0.00014499
-3.8004 0.00079329 0.00016801
-3.7424 0.00068153 0.00014688
-3.6843 0.00081164 0.00017153
-3.6263 0.00075119 0.00016039
-3.5683 0.00080694 0.0001709
-3.5103 0.00097604 0.00020228
-3.4523 0.00082106 0.00017315
-3.3942 0.00076343 0.00016281
-3.3362 0.00087723 0.0001841
-3.2782 0.00087494 0.00018311
-3.2202 0.00090037 0.00018844
-3.1621 0.00081448 0.00017249
-3.1041 0.00096943 0.00020091
-3.0461 0.0010393 0.00021447
-2.9881 0.00095596 0.00019905
-2.9301 0.00088059 0.0001843
-2.872 0.0010619 0.00021899
-2.814 0.00093968 0.00019534
-2.756 0.0010432 0.00021557
-2.698 0.0010393 0.00021432
-2.64 0.00088579 0.00018555
-2.5819 0.0010276 0.00021249
-2.5239 0.00072653 0.00015532
-2.4659 0.0011254 0.00023118
-2.4079 0.00093843 0.00019524
-2.3499 0.001038 0.00021392
-2.2918 0.0010112 0.00020988
-2.2338 0.0012224 0.00024813
-2.1758 0.0012381 0.00025218
-2.1178 0.0010503 0.00021616
-2.0597 0.0010194 0.00021081
-2.0017 0.0011754 0.00024059
-1.9437 0.0010467 0.00021528
-1.8857 0.0011765 0.00024028
-1.8277 0.0012552 0.00025541
-1.7696 0.00115 0.00023411
-1.7116 0.0011558 0.00023758
-1.6536 0.0013209 0.00026703
-1.5956 0.0013159 0.00026638
-1.5376 0.0012804 0.00025885
-1.4795 0.001358 0.00027514
-1.4215 0.0016419 0.00032739
-1.3635 0.0015207 0.00030465
-1.3055 0.0018133 0.00035889
-1.2475 0.0020863 0.00041126
-1.1894 0.0023476 0.00045877
-1.1314 0.0028508 0.00055525
-1.0734 0.0030866 0.00059754
-1.0154 0.0038626 0.00074215
-0.95735 0.004424 0.00084784
-0.89933 0.0052158 0.0009963
-0.84131 0.0057158 0.0010886
-0.78328 0.0067066 0.0012739
-0.72526 0.0074047 0.0014052
-0.66724 0.0078906 0.001497
-0.60922 0.0081604 0.0015482
-0.5512 0.0090502 0.0017139
-0.49318 0.0091744 0.001735
-0.43516 0.0094908 0.0017936
-0.37714 0.0094337 0.0017842
-0.31912 0.0089566 0.0016956
-0.26109 0.0095694 0.0018139
-0.20307 0.0090334 0.0017082
-0.14505 0.0087404 0.0016543
-0.087032 0.0088188 0.0016709
-0.029011 0.011285 0.00211
0.029011 0.0082101 0.001557
0.087032 0.0064401 0.0012241
0.14505 0.0062712 0.0011918
0.20307 0.0052056 0.00099776
0.26109 0.0043187 0.00082825
0.31912 0.0039026 0.00074987
0.37714 0.0033276 0.00064113
0.43516 0.0027612 0.00053581
0.49318 0.002276 0.00044709
0.5512 0.0022537 0.00044357
0.60922 0.00168 0.00033518
0.66724 0.0013481 0.00027208
0.72526 0.0013817 0.00027788
0.78328 0.0014881 0.00029812
0.84131 0.0012952 0.00026266
0.89933 0.001249 0.00025364
0.95735 0.0011305 0.000231
1.0154 0.0010316 0.00021273
1.0734 0.0013334 0.00027117
1.1314 0.0012311 0.0002499
1.1894 0.0014136 0.00028529
1.2475 0.0011258 0.00022991
1.3055 0.0010915 0.00022422
1.3635 0.00096944 0.00020122
1.4215 0.0011703 0.00024027
1.4795 0.0010765 0.00022046
1.5376 0.0010329 0.0002133
1.5956 0.0010772 0.00022142
1.6536 0.0011814 0.00024238
1.7116 0.0010215 0.00020983
1.7696 0.00079985 0.00016997
1.8277 0.0011332 0.0002325
1.8857 0.00090203 0.00018797
1.9437 0.00087091 0.00018367
2.0017 0.00078857 0.00016719
2.0597 0.00092446 0.00019265
2.1178 0.001053 0.00021792
2.1758 0.00093119 0.00019328
2.2338 0.00079582 0.00016971
2.2918 0.00090605 0.00018913
2.3499 0.00095381 0.00019844
2.4079 0.00085164 0.00017961
2.4659 0.00087582 0.00018398
2.5239 0.00087776 0.00018421
2.5819 0.00075971 0.00016201
2.64 0.0008203 0.00017317
2.698 0.00081782 0.00017359
2.756 0.00085323 0.00017923
2.814 0.00081923 0.00017369
2.872 0.00091447 0.00019072
2.9301 0.00088918 0.00018661
2.9881 0.00076308 0.00016273
3.0461 0.00080385 0.00017006
3.1041 0.00079857 0.0001697
3.1621 0.00084458 0.0001783
3.2202 0.00073017 0.0001559
3.2782 0.00073236 0.00015718
3.3362 0.00073527 0.0001576
3.3942 0.00069689 0.00014998
3.4523 0.00075954 0.00016159
3.5103 0.00075135 0.00016063
3.5683 0.00071869 0.00015446
3.6263 0.0006079 0.00013334
3.6843 0.00075482 0.00016097
3.7424 0.00064336 0.00013992
3.8004 0.00064075 0.00013981
3.8584 0.00074774 0.00015986
3.9164 0.00058007 0.00012795
3.9744 0.00062371 0.00013632
4.0325 0.00068022 0.00014702
4.0905 0.00066839 0.0001449
4.1485 0.00073383 0.00015708
4.2065 0.00068467 0.00014798
4.2645 0.00057004 0.00012623
4.3226 0.00060959 0.00013347
4.3806 0.00066392 0.00014393
4.4386 0.00070242 0.00015138
4.4966 0.00065608 0.00014246
4.5547 0.00053062 0.00011851
4.6127 0.00057897 0.00012795
4.6707 0.00068932 0.00014877
4.7287 0.00069877 0.00015038
4.7867 0.00052136 0.00011697
4.8448 0.00057818 0.00012753
4.9028 0.00062257 0.00013607
4.9608 0.00048302 0.00010974
5.0188 0.00067712 0.00014635
5.0768 0.00057287 0.0001266
5.1349 0.00057624 0.0001271
5.1929 0.0006534 0.0001421
5.2509 0.00058602 0.00012926
5.3089 0.00059919 0.00013167
5.3669 0.00045097 0.00010332
5.425 0.00055676 0.0001238
5.483 0.00057432 0.00012718
5.541 0.00044515 0.0001023
5.599 0.00053953 0.00012023
5.6571 0.00056287 0.00012516
5.7151 0.00059565 0.00013089
5.7731 0.00040901 9.5536e-05
5.8311 0.0005173 0.00011634
5.8891 0.00051481 0.00011578
5.9472 0.00051657 0.00011617
6.0052 0.00048844 0.00011068
6.0632 0.00039933 9.3609e-05
6.1212 0.00062841 0.00013759
6.1792 0.00051013 0.00011473
6.2373 0.00065901 0.00014309
6.2953 0.00051831 0.00011629
6.3533 0.00065457 0.00014259
6.4113 0.00032609 7.9437e-05
6.4694 0.00047605 0.00010845
6.5274 0.00046172 0.00010548
6.5854 0.00050674 0.00011453
6.6434 0.00051668 0.0001162
6.7014 0.00043035 9.9513e-05
6.7595 0.00046498 0.00010623
6.8175 0.00043483 0.00010055
6.8755 0.00049497 0.00011216
6.9335 0.00051372 0.00011553
6.9915 0.00051863 0.00011636
7.0496 0.0004487 0.00010343
7.1076 0.00047599 0.00010844
7.1656 0.00047066 0.00010722
7.2236 0.00042726 9.912e-05
7.2816 0.00046291 0.00010606
7.3397 0.00055558 0.00012354
7.3977 0.00055067 0.00012245
7.4557 0.00031488 7.751e-05
7.5137 0.00033213 8.0908e-05
7.5718 0.00045926 0.00010523
7.6298 0.00048872 0.00011074
7.6878 0.00050575 0.00011402
7.7458 0.0004122 9.6281e-05
7.8038 0.00038459 9.0835e-05
7.8619 0.00039843 9.34e-05
7.9199 0.00037558 8.906e-05
7.9779 0.00039561 9.3082e-05
8.0359 0.00052498 0.00011751
8.0939 0.00042019 9.7479e-05
8.152 0.00043034 9.951e-05
8.21 0.00047395 0.00010797
8.268 0.0003906 9.1904e-05
8.326 0.00042939 9.929e-05
8.384 0.00034204 8.2521e-05
8.4421 0.00044749 0.00010283
8.5001 0.00037635 8.9242e-05
8.5581 0.00045852 0.00010475
8.6161 0.00045626 0.00010454
8.6742 0.00042553 9.8719e-05
8.7322 0.00046263 0.00010569
8.7902 0.00043585 0.00010047
8.8482 0.00043256 0.00010002
8.9062 0.00040959 9.5672e-05
8.9643 0.00044713 0.00010275
9.0223 0.00036788 8.7592e-05
9.0803 0.00037384 8.8646e-05
9.1383 0.00044286 0.00010208
9.1963 0.00040756 9.5198e-05
9.2544 0.00040936 9.5287e-05
9.3124 0.00047151 0.00010742
9.3704 0.00035999 8.6078e-05
9.4284 0.00042761 9.8879e-05
9.4864 0.00038719 9.1101e-05
9.5445 0.00031924 7.8166e-05
9.6025 0.00045017 0.00010345
9.6605 0.00042927 9.9264e-05
9.7185 0.00042357 9.7945e-05
9.7766 0.00035064 8.4211e-05
9.8346 0.00045598 0.00010447
9.8926 0.00036595 8.7133e-05
9.9506 0.00038841 9.1387e-05
10.009 0.00030963 7.6217e-05
10.067 0.00039016 9.1799e-05
10.125 0.00047403 0.0001077
10.183 0.00042622 9.8558e-05
10.241 0.00029253 7.2827e-05
10.299 0.00025417 6.5396e-05
10.357 0.0002544 6.5458e-05
10.415 0.00037863 8.9429e-05
10.473 0.00026966 6.8413e-05
10.531 0.00030937 7.6152e-05
10.589 0.00030696 7.556e-05
10.647 0.00041727 9.6803e-05
10.705 0.00031497 7.7121e-05
10.763 0.00035633 8.5201e-05
10.821 0.00038462 9.0496e-05
10.879 0.00033621 8.1114e-05
10.937 0.0003074 7.5667e-05
10.995 0.00041231 9.5975e-05
11.053 0.00033886 8.1755e-05
11.111 0.00039758 9.2866e-05
11.169 0.00040046 9.354e-05
11.227 0.00043378 9.999e-05
11.285 0.00034628 8.3165e-05
11.343 0.00036851 8.7383e-05
11.401 0.00032169 7.8366e-05
11.459 0.00034711 8.3362e-05
11.517 0.00033826 8.161e-05
11.575 0.00023486 6.1371e-05
11.633 0.0003698 8.7689e-05
11.691 0.00036132 8.6029e-05
11.749 0.00035314 8.4441e-05
11.807 0.0002654 6.7333e-05
11.865 0.00029836 7.3851e-05
11.923 0.00038033 8.9829e-05
11.981 0.00033706 8.1321e-05
12.039 0.00034456 8.2751e-05
12.097 0.0002894 7.2048e-05
12.155 0.00033745 8.1414e-05
12.213 0.00032181 7.8394e-05
12.271 0.00037288 8.8071e-05
12.329 0.00023412 6.1178e-05
12.388 0.00029183 7.2651e-05
12.446 0.000404 9.4041e-05
12.504 0.00032506 7.8796e-05
12.562 0.0003729 8.8075e-05
12.62 0.00042192 9.7563e-05
12.678 0.00031686 7.7188e-05
12.736 0.00028536 7.1043e-05
12.794 0.00031019 7.5951e-05
12.852 0.00035561 8.4671e-05
12.91 0.00029151 7.2156e-05
12.968 0.00034713 8.3002e-05
13.026 0.00030756 7.5306e-05
13.084 0.00030188 7.4309e-05
13.142 0.00026947 6.7918e-05
13.2 0.00037575 8.8409e-05
13.258 0.00035475 8.4466e-05
13.316 0.00033946 8.1526e-05
13.374 0.00026993 6.8033e-05
13.432 0.00043624 9.9951e-05
13.49 0.00029897 7.3593e-05
13.548 0.00027718 6.9422e-05
13.606 0.00034549 8.2611e-05
13.664 0.00028354 7.0589e-05
13.722 0.00034587 8.2701e-05
13.78 0.00026846 6.7661e-05
13.838 0.00030681 7.5122e-05
13.896 0.00017396 4.8719e-05
13.954 0.00029802 7.336e-05
14.012 0.00026036 6.6053e-05
14.07 0.00035146 8.3683e-05
14.128 0.00024991 6.3838e-05
14.186 0.00035863 8.5041e-05
14.244 0.00029683 7.3065e-05
14.302 0.0002123 5.6437e-05
14.36 0.00030232 7.4023e-05
14.418 0.00031225 7.6066e-05
14.476 0.00027349 6.8498e-05
14.534 0.0003504 8.343e-05
14.592 0.00030302 7.4194e-05
14.65 0.00032305 7.7941e-05
14.708 0.00024414 6.2818e-05
14.766 0.00025267 6.4546e-05
14.824 0.0003086 7.5176e-05
14.882 0.00023588 6.1153e-05
14.94 0.00034035 8.1382e-05
14.998 0.00034573 8.2317e-05
15.056 0.00034678 8.2569e-05
15.114 0.00025563 6.4853e-05
15.173 0.000369 8.6821e-05
15.231 0.00022612 5.9089e-05
15.289 0.00035139 8.3322e-05
15.347 0.00025516 6.4734e-05
15.405 0.00036076 8.5207e-05
15.463 0.00034967 8.2916e-05
15.521 0.0003263 7.8365e-05
15.579 0.00026197 6.6027e-05
15.637 0.00028981 7.1338e-05
15.695 0.00028215 6.9839e-05
15.753 0.00021403 5.6399e-05
15.811 0.00029675 7.2659e-05
15.869 0.00034283 8.1628e-05
15.927 0.0002219 5.7987e-05
15.985 0.00027992 6.9288e-05
16.043 0.00037812 8.832e-05
16.101 0.00032506 7.8067e-05
16.159 0.00025172 6.3861e-05
16.217 0.0003537 8.3541e-05
16.275 0.00024362 6.2233e-05
16.333 0.00032615 7.8329e-05
16.391 0.00033805 8.0488e-05
16.449 0.00025687 6.4741e-05
16.507 0.00030145 7.3434e-05
16.565 0.0002866 7.0549e-05
16.623 0.00030868 7.4826e-05
16.681 0.00025333 6.385e-05
16.739 0.00032693 7.8172e-05
16.797 0.00027886 6.9025e-05
16.855 0.00021624 5.6506e-05
16.913 0.00022346 5.7932e-05
16.971 0.00031064 7.4945e-05
17.029 0.00036877 8.6136e-05
17.087 0.00029701 7.2353e-05
17.145 0.00031517 7.5693e-05
17.203 0.00027468 6.799e-05
17.261 0.00029636 7.2194e-05
17.319 0.00031551 7.5775e-05
17.377 0.00037196 8.6582e-05
17.435 0.00025086 6.3225e-05
17.493 0.00030943 7.4654e-05
17.551 0.00023602 6.0292e-05
17.609 0.00027015 6.6869e-05
17.667 0.00023568 6.0203e-05
17.725 0.00016378 4.5866e-05
17.783 0.00027645 6.8049e-05
17.841 0.00028948 7.0519e-05
17.9 0.00033176 7.8668e-05
17.958 0.00029853 7.2365e-05
18.016 0.0002956 7.1655e-05
18.074 0.00027369 6.7369e-05
18.132 0.00026828 6.6406e-05
18.19 0.00029946 7.2247e-05
18.248 0.00020338 5.3592e-05
18.306 0.00031252 7.4726e-05
18.364 0.00024439 6.1597e-05
18.422 0.00019648 5.2231e-05
18.48 0.00039793 9.1172e-05
18.538 0.00026358 6.5241e-05
18.596 0.00029853 7.2025e-05
18.654 0.00033385 7.8851e-05
18.712 0.00025826 6.4295e-05
18.77 0.00025561 6.3635e-05
18.828 0.00035273 8.239e-05
18.886 0.00038911 8.9418e-05
18.944 0.00029635 7.1499e-05
19.002 0.00027372 6.702e-05
19.06 0.00026818 6.6013e-05
19.118 0.00026257 6.4992e-05
19.176 0.00032801 7.7472e-05
19.234 0.00018338 4.9202e-05
19.292 0.00027271 6.6774e-05
19.35 0.00025233 6.2818e-05
19.408 0.00034759 8.1189e-05
19.466 0.00024281 6.0815e-05
19.524 0.00036434 8.4249e-05
19.582 0.00029779 7.1519e-05
19.64 0.00026895 6.5853e-05
19.698 0.00021397 5.5054e-05
19.756 0.00037451 8.6062e-05
19.814 0.00024986 6.2204e-05
19.872 0.00032737 7.7026e-05
19.93 0.0002728 6.6454e-05
19.988 0.00016667 4.5629e-05
20.046 0.00029927 7.1559e-05
20.104 0.0002923 7.0199e-05
20.162 0.00026379 6.4589e-05
20.22 0.00027862 6.7539e-05
20.278 0.00033682 7.8674e-05
20.336 0.00027602 6.6908e-05
20.394 0.00025666 6.3179e-05
20.452 0.0002556 6.2918e-05
20.51 0.00029589 7.075e-05
20.568 0.00026076 6.3846e-05
20.626 0.00027912 6.7341e-05
20.685 0.00026483 6.4514e-05
20.743 0.00028507 6.8463e-05
20.801 0.00018685 4.9235e-05
20.859 0.00029554 7.0367e-05
20.917 0.00026398 6.4307e-05
20.975 0.00030163 7.1524e-05
21.033 0.00032689 7.6356e-05
21.091 0.00025983 6.3295e-05
21.149 0.00026095 6.3568e-05
21.207 0.00026055 6.3471e-05
21.265 0.00029075 6.9228e-05
21.323 0.00038958 8.8049e-05
21.381 0.00024695 6.0787e-05
21.439 0.00031754 7.4438e-05
21.497 0.00032692 7.6097e-05
21.555 0.00024186 5.9534e-05
21.613 0.00028133 6.7269e-05
21.671 0.00027537 6.6133e-05
21.729 0.00029148 6.9116e-05
21.787 0.00020842 5.2876e-05
21.845 0.00020357 5.2003e-05
21.903 0.00030809 7.2223e-05
21.961 0.00028585 6.7782e-05
22.019 0.00037468 8.4681e-05
22.077 0.0003268 7.5568e-05
22.135 0.00024872 6.059e-05
22.193 0.00023549 5.7966e-05
22.251 0.00025022 6.0655e-05
22.309 0.0002402 5.8812e-05
22.367 0.00025129 6.0915e-05
22.425 0.00030506 7.1256e-05
22.483 0.00032051 7.4114e-05
22.541 0.00024955 6.0494e-05
22.599 0.00024471 5.9612e-05
22.657 0.00025986 6.2408e-05
22.715 0.00023558 5.7682e-05
22.773 0.00025915 6.2239e-05
22.831 0.00031881 7.372e-05
22.889 0.00033289 7.6271e-05
22.947 0.00025996 6.2158e-05
23.005 0.00027796 6.5651e-05
23.063 0.00026129 6.2476e-05
23.121 0.00022998 5.631e-05
23.179 0.00031997 7.353e-05
23.237 0.00030126 6.989e-05
23.295 0.00026705 6.3324e-05
23.353 0.0001629 4.2924e-05
23.412 0.00031367 7.2083e-05
23.47 0.00027473 6.4641e-05
23.528 0.00033634 7.6416e-05
23.586 0.00022804 5.555e-05
23.644 0.00024819 5.9345e-05
23.702 0.00023049 5.5872e-05
23.76 0.0002255 5.4933e-05
23.818 0.00026185 6.1847e-05
23.876 0.00022158 5.3977e-05
23.934 0.00031379 7.1687e-05
23.992 0.00034511 7.7612e-05
24.05 0.00020379 5.0443e-05
24.108 0.00035007 7.836e-05
24.166 0.00027597 6.4238e-05
24.224 0.00029659 6.8157e-05
24.282 0.00028961 6.6756e-05
24.34 0.00018771 4.7014e-05
24.398 0.00028271 6.5372e-05
24.456 0.00027044 6.2952e-05
24.514 0.000212 5.1645e-05
24.572 0.00018977 4.7243e-05
24.63 0.00026236 6.1282e-05
24.688 0.0003228 7.2774e-05
24.746 0.00027999 6.454e-05
24.804 0.0002664 6.1803e-05
24.862 0.00027952 6.4235e-05
24.92 0.00021899 5.2594e-05
24.978 0.00025142 5.8726e-05
25.036 0.0002789 6.3902e-05
25.094 0.0002973 6.7366e-05
25.152 0.00032033 7.1702e-05
25.21 0.00023127 5.4623e-05
25.268 0.00023513 5.5323e-05
25.326 0.00023444 5.5161e-05
25.384 0.00026086 6.013e-05
25.442 0.00025142 5.8327e-05
25.5 0.00028047 6.3721e-05
25.558 0.00033107 7.3312e-05
25.616 0.00025858 5.9423e-05
25.674 0.0002985 6.697e-05
25.732 0.000244 5.6422e-05
25.79 0.00024288 5.6162e-05
25.848 0.0002695 6.1231e-05
25.906 0.00029023 6.5116e-05
25.964 0.00028657 6.4294e-05
26.022 0.00029083 6.51e-05
26.08 0.0002495 5.7166e-05
26.138 0.00026153 5.942e-05
26.197 0.00027119 6.1139e-05
26.255 0.00031147 6.8834e-05
26.313 0.00026948 6.0753e-05
26.371 0.00023392 5.3921e-05
26.429 0.00021015 4.9264e-05
26.487 0.00028384 6.325e-05
26.545 0.0002448 5.5769e-05
26.603 0.00024542 5.5759e-05
26.661 0.00028491 6.309e-05
26.719 0.00023864 5.4217e-05
26.777 0.00025266 5.6821e-05
26.835 0.00021587 4.976e-05
26.893 0.00023583 5.3437e-05
26.951 0.00025324 5.6685e-05
27.009 0.00023531 5.3182e-05
27.067 0.00030385 6.6081e-05
27.125 0.00026817 5.9149e-05
27.183 0.00028948 6.3058e-05
27.241 0.0002624 5.7878e-05
27.299 0.00033789 7.197e-05
27.357 0.00030235 6.5161e-05
27.415 0.00026915 5.8827e-05
27.473 0.00025397 5.5912e-05
27.531 0.00026345 5.7583e-05
27.589 0.00028375 6.1329e-05
27.647 0.00022066 4.928e-05
27.705 0.00023671 5.2212e-05
27.763 0.00025288 5.5086e-05
27.821 0.00022942 5.0505e-05
27.879 0.00027021 5.8071e-05
27.937 0.00031067 6.5585e-05
27.995 0.00027412 5.8531e-05
28.053 0.00026539 5.6736e-05
28.111 0.00024385 5.2628e-05
28.169 0.00021034 4.6135e-05
28.227 0.00025033 5.3585e-05
28.285 0.00030121 6.2984e-05
28.343 0.00024042 5.1399e-05
28.401 0.00024613 5.2363e-05
28.459 0.00023855 5.0752e-05
28.517 0.00026745 5.6024e-05
28.575 0.00027506 5.7274e-05
28.633 0.00026325 5.4814e-05
28.691 0.00024211 5.0581e-05
28.749 0.00028986 5.9296e-05
28.807 0.00027726 5.6752e-05
28.865 0.00024403 5.0394e-05
28.924 0.0002635 5.3873e-05
28.982 0.00024006 4.9253e-05
29.04 0.00025134 5.1092e-05
29.098 0.00027186 5.4615e-05
29.156 0.00025321 5.0777e-05
29.214 0.00025031 4.9812e-05
29.272 0.00027434 5.3846e-05
29.33 0.0002721 5.3043e-05
29.388 0.00026251 5.0365e-05
29.446 0.0002643 5.0845e-05
29.504 0 1
29.562 0 1
29.62 0 1
29.678 0 1
