-29.678 0 1
-29.62 0 1
-29.562 0 1
-29.504 0.00016694 3.3023e-05
-29.446 0.00015877 3.1336e-05
-29.388 0.0001436 2.9453e-05
-29.33 0.00017425 3.5683e-05
-29.272 0.00016336 3.4092e-05
-29.214 0.00014773 3.1605e-05
-29.156 0.00015808 3.3987e-05
-29.098 0.00020502 4.3222e-05
-29.04 0.00017092 3.7047e-05
-28.982 0.00014595 3.2518e-05
-28.924 0.00018 3.9191e-05
-28.865 0.00015137 3.3943e-05
-28.807 0.00014368 3.2685e-05
-28.749 0.00013849 3.1947e-05
-28.691 0.00016121 3.6579e-05
-28.633 0.00019458 4.3179e-05
-28.575 0.00015486 3.5722e-05
-28.517 0.00018751 4.214e-05
-28.459 0.00016191 3.7462e-05
-28.401 0.00012608 3.0668e-05
-28.343 0.00015417 3.6273e-05
-28.285 0.00012463 3.0781e-05
-28.227 0.00017503 4.0625e-05
-28.169 0.00020562 4.6657e-05
-28.111 0.00016008 3.7947e-05
-28.053 0.00019122 4.4111e-05
-27.995 0.00020188 4.63e-05
-27.937 0.00018953 4.3991e-05
-27.879 0.00015768 3.8001e-05
-27.821 0.00017212 4.096e-05
-27.763 0.00017209 4.1119e-05
-27.705 0.00014756 3.6444e-05
-27.647 0.00013534 3.4219e-05
-27.589 0.00019539 4.597e-05
-27.531 0.00015643 3.8635e-05
-27.473 0.00014468 3.6353e-05
-27.415 0.00017104 4.1604e-05
-27.357 0.00021376 4.9942e-05
-27.299 0.00015044 3.7801e-05
-27.241 0.00014663 3.7074e-05
-27.183 0.00019543 4.6698e-05
-27.125 0.00017275 4.2441e-05
-27.067 0.00017091 4.2211e-05
-27.009 0.0001282 3.3879e-05
-26.951 0.00017905 4.3988e-05
-26.893 0.00015038 3.8533e-05
-26.835 0.00016186 4.0923e-05
-26.777 0.00013994 3.6675e-05
-26.719 0.00016896 4.2452e-05
-26.661 0.00017592 4.3938e-05
-26.603 0.00013517 3.6036e-05
-26.545 0.00017425 4.3782e-05
-26.487 0.00022024 5.2847e-05
-26.429 0.00011864 3.2926e-05
-26.371 9.4571e-05 2.8052e-05
-26.313 0.00018025 4.529e-05
-26.255 0.00013997 3.7316e-05
-26.197 0.00014575 3.8517e-05
-26.138 0.00013717 3.6906e-05
-26.08 0.00011264 3.202e-05
-26.022 0.00014844 3.9228e-05
-25.964 0.00024295 5.7816e-05
-25.906 0.00014754 3.9332e-05
-25.848 0.00015306 4.0449e-05
-25.79 0.00020718 5.117e-05
-25.732 8.0211e-05 2.562e-05
-25.674 0.00016765 4.3594e-05
-25.616 0.0001735 4.4776e-05
-25.558 0.00013056 3.6235e-05
-25.5 0.0001598 4.2231e-05
-25.442 0.0001439 3.9096e-05
-25.384 0.00019407 4.9067e-05
-25.326 0.00015024 4.0422e-05
-25.268 0.00019072 4.8538e-05
-25.21 0.00018183 4.6926e-05
-25.152 0.00013083 3.6734e-05
-25.094 0.0001766 4.592e-05
-25.036 0.00016079 4.2866e-05
-24.978 0.00017847 4.6407e-05
-24.92 0.00022588 5.5788e-05
-24.862 0.00017992 4.6785e-05
-24.804 0.00024144 5.9015e-05
-24.746 0.00013609 3.821e-05
-24.688 0.00011818 3.4528e-05
-24.63 0.00013634 3.8279e-05
-24.572 0.00010197 3.1293e-05
-24.514 0.0002181 5.4801e-05
-24.456 0.00018876 4.9081e-05
-24.398 0.00015241 4.1838e-05
-24.34 0.00016002 4.3476e-05
-24.282 0.00012344 3.6063e-05
-24.224 0.00018485 4.8445e-05
-24.166 0.00017973 4.7498e-05
-24.108 0.00018167 4.8009e-05
-24.05 0.00015788 4.3341e-05
-23.992 0.0001268 3.7045e-05
-23.934 0.00018868 4.9451e-05
-23.876 0.00018427 4.8696e-05
-23.818 0.00010864 3.334e-05
-23.76 0.00013503 3.8895e-05
-23.702 0.00013481 3.8832e-05
-23.644 0.00013574 3.9101e-05
-23.586 0.00020802 5.3687e-05
-23.528 0.00015553 4.3165e-05
-23.47 0.00016944 4.6035e-05
-23.412 0.0001757 4.7272e-05
-23.353 0.00014479 4.1159e-05
-23.295 0.00017736 4.7721e-05
-23.237 0.00015103 4.2405e-05
-23.179 0.00011871 3.5794e-05
-23.121 0.00017336 4.7102e-05
-23.063 0.00017903 4.817e-05
-23.005 0.00015864 4.4026e-05
-22.947 0.00011336 3.4789e-05
-22.889 0.00014182 4.085e-05
-22.831 0.00012136 3.659e-05
-22.773 0.00021427 5.5299e-05
-22.715 0.00017067 4.685e-05
-22.657 0.00013717 4.0076e-05
-22.599 0.00014329 4.1276e-05
-22.541 0.00016332 4.5325e-05
-22.483 0.00017941 4.8744e-05
-22.425 0.00015231 4.3296e-05
-22.367 0.00015937 4.4746e-05
-22.309 0.00013852 4.047e-05
-22.251 0.00020351 5.3783e-05
-22.193 0.00010538 3.3661e-05
-22.135 0.00017549 4.8173e-05
-22.077 0.00016152 4.5351e-05
-22.019 0.00010611 3.3894e-05
-21.961 0.00014981 4.3153e-05
-21.903 0.00022025 5.727e-05
-21.845 0.00016444 4.6169e-05
-21.787 0.00015713 4.4666e-05
-21.729 0.00020954 5.5375e-05
-21.671 0.00023729 6.0804e-05
-21.613 0.00013679 4.0576e-05
-21.555 0.00015182 4.3733e-05
-21.497 0.00020475 5.4584e-05
-21.439 0.00017587 4.8808e-05
-21.381 0.00018809 5.1102e-05
-21.323 0.00017598 4.8838e-05
-21.265 0.00013983 4.1477e-05
-21.207 0.00012474 3.828e-05
-21.149 0.00018268 5.0148e-05
-21.091 0.00011792 3.6889e-05
-21.033 0.00011867 3.7123e-05
-20.975 0.00018571 5.0979e-05
-20.917 0.00025168 6.405e-05
-20.859 0.00011163 3.5655e-05
-20.801 0.00018686 5.1295e-05
-20.743 0.00011192 3.5749e-05
-20.685 0.00013437 4.0516e-05
-20.626 0.00013521 4.0768e-05
-20.568 0.00019643 5.337e-05
-20.51 0.00015772 4.5431e-05
-20.452 0.0002035 5.4754e-05
-20.394 0.00013572 4.0922e-05
-20.336 0.000168 4.7758e-05
-20.278 0.00016 4.6087e-05
-20.22 0.0001212 3.7915e-05
-20.162 0.00018316 5.0832e-05
-20.104 0.00017635 4.9514e-05
-20.046 0.00018484 5.1299e-05
-19.988 0.00012274 3.8396e-05
-19.93 0.00013053 4.0058e-05
-19.872 0.00017856 5.0135e-05
-19.814 0.00017765 4.9879e-05
-19.756 0.00020828 5.6039e-05
-19.698 0.00016302 4.6958e-05
-19.64 0.00012549 3.9256e-05
-19.582 0.00017974 5.0466e-05
-19.524 0.00017037 4.8431e-05
-19.466 0.00017218 4.8946e-05
-19.408 0.00013339 4.0935e-05
-19.35 0.00012587 3.9375e-05
-19.292 0.00010964 3.5829e-05
-19.234 0.00014938 4.4311e-05
-19.176 0.00017502 4.9754e-05
-19.118 0.00022108 5.8937e-05
-19.06 0.00020385 5.5384e-05
-19.002 0.00019033 5.2822e-05
-18.944 0.0001752 4.9804e-05
-18.886 0.00013559 4.1611e-05
-18.828 0.00016608 4.7841e-05
-18.77 0.00013572 4.165e-05
-18.712 0.0001841 5.1689e-05
-18.654 0.00011918 3.8066e-05
-18.596 0.00015113 4.4829e-05
-18.538 0.00011258 3.6789e-05
-18.48 0.00010476 3.5102e-05
-18.422 0.00023399 6.1837e-05
-18.364 0.00017576 4.9965e-05
-18.306 9.6553e-05 3.3264e-05
-18.248 9.742e-05 3.3562e-05
-18.19 0.00020392 5.5978e-05
-18.132 0.00015381 4.5625e-05
-18.074 0.00017085 4.9213e-05
-18.016 0.00016495 4.819e-05
-17.958 0.00015532 4.6073e-05
-17.9 0.00012237 3.9088e-05
-17.841 0.0001638 4.7854e-05
-17.783 0.00019724 5.4739e-05
-17.725 0.00018865 5.2969e-05
-17.667 0.00016354 4.7779e-05
-17.609 0.00016581 4.8443e-05
-17.551 0.00020741 5.6937e-05
-17.493 0.00021327 5.7945e-05
-17.435 0.0001244 3.9734e-05
-17.377 0.00018978 5.3285e-05
-17.319 0.00016608 4.8521e-05
-17.261 0.00017627 5.0775e-05
-17.203 0.00011542 3.7717e-05
-17.145 0.0001501 4.5258e-05
-17.087 0.00018446 5.2436e-05
-17.029 0.00018415 5.2347e-05
-16.971 0.00018236 5.1839e-05
-16.913 0.00025114 6.5821e-05
-16.855 0.00013508 4.2256e-05
-16.797 0.00013393 4.1895e-05
-16.739 0.00019181 5.3856e-05
-16.681 0.00013451 4.2078e-05
-16.623 0.00010089 3.4756e-05
-16.565 0.00011814 3.8605e-05
-16.507 0.00018559 5.2757e-05
-16.449 0.00022673 6.1003e-05
-16.391 0.00015359 4.6309e-05
-16.333 0.0001178 3.8494e-05
-16.275 0.00015976 4.739e-05
-16.217 0.00016916 4.9422e-05
-16.159 0.00014478 4.4432e-05
-16.101 0.00015186 4.5788e-05
-16.043 0.00014434 4.4296e-05
-15.985 0.00017765 5.1174e-05
-15.927 0.00012041 3.9346e-05
-15.869 0.00021347 5.8599e-05
-15.811 0.00018591 5.2848e-05
-15.753 0.00012815 4.0931e-05
-15.695 0.00017934 5.1659e-05
-15.637 7.6737e-05 2.9368e-05
-15.579 6.839e-05 2.7387e-05
-15.521 0.00016297 4.8342e-05
-15.463 0.00012892 4.1178e-05
-15.405 0.00015553 4.6896e-05
-15.347 0.00015461 4.6617e-05
-15.289 0.00012109 3.957e-05
-15.231 0.0002353 6.331e-05
-15.173 0.00015532 4.6832e-05
-15.114 0.00018056 5.2011e-05
-15.056 0.00014704 4.5126e-05
-14.998 0.00012229 3.9963e-05
-14.94 0.00015612 4.7072e-05
-14.882 0.00022422 6.092e-05
-14.824 0.00017391 5.0809e-05
-14.766 0.00017507 5.1148e-05
-14.708 0.00016444 4.8777e-05
-14.65 0.00012906 4.1223e-05
-14.592 0.00017394 5.0817e-05
-14.534 0.00014826 4.55e-05
-14.476 0.00020105 5.6449e-05
-14.418 0.00012052 3.9383e-05
-14.36 0.00018312 5.275e-05
-14.302 7.9037e-05 3.0248e-05
-14.244 0.00012174 3.9783e-05
-14.186 0.00016606 4.9257e-05
-14.128 0.00020161 5.6608e-05
-14.07 0.00017682 5.1659e-05
-14.012 0.00021959 6.0278e-05
-13.954 0.00017525 5.1199e-05
-13.896 0.0001492 4.5788e-05
-13.838 0.00017703 5.172e-05
-13.78 0.0001325 4.2323e-05
-13.722 0.00016681 4.948e-05
-13.664 0.00023975 6.4508e-05
-13.606 0.00015997 4.8233e-05
-13.548 0.00018452 5.3153e-05
-13.49 0.00021156 5.8713e-05
-13.432 0.00019545 5.5561e-05
-13.374 0.00018689 5.3834e-05
-13.316 0.00015089 4.6305e-05
-13.258 0.00015878 4.7876e-05
-13.2 0.00017781 5.1949e-05
-13.142 0.00019635 5.5816e-05
-13.084 0.00015886 4.79e-05
-13.026 0.00019497 5.5424e-05
-12.968 0.00011492 3.8508e-05
-12.91 0.00017908 5.2318e-05
-12.852 0.00015014 4.6076e-05
-12.794 0.00015127 4.6423e-05
-12.736 0.00023323 6.3368e-05
-12.678 0.00021493 5.965e-05
-12.62 0.00016955 5.0292e-05
-12.562 0.00018673 5.3789e-05
-12.504 0.00018655 5.3738e-05
-12.446 0.00016252 4.9002e-05
-12.388 0.0001787 5.2209e-05
-12.329 0.000134 4.2801e-05
-12.271 0.0001438 4.4983e-05
-12.213 0.00012668 4.1398e-05
-12.155 0.00017829 5.2087e-05
-12.097 0.00017089 5.069e-05
-12.039 0.00020609 5.7866e-05
-11.981 0.00015365 4.7154e-05
-11.923 0.00012655 4.1353e-05
-11.865 9.8562e-05 3.5023e-05
-11.807 0.00017268 5.1222e-05
-11.749 0.00021684 6.0181e-05
-11.691 0.0002319 6.3005e-05
-11.633 0.00018864 5.4338e-05
-11.575 0.00017136 5.0829e-05
-11.517 0.00015392 4.7236e-05
-11.459 0.00011673 3.9114e-05
-11.401 0.00011772 3.9446e-05
-11.343 9.9286e-05 3.528e-05
-11.285 0.00020025 5.6925e-05
-11.227 0.0001813 5.2969e-05
-11.169 0.00013537 4.3239e-05
-11.111 8.1847e-05 3.1324e-05
-11.053 0.00019142 5.5139e-05
-10.995 0.0001183 3.9639e-05
-10.937 0.00018005 5.2603e-05
-10.879 0.00019909 5.6595e-05
-10.821 0.00011908 3.9902e-05
-10.763 0.00017299 5.1315e-05
-10.705 0.00023512 6.3881e-05
-10.647 0.00010919 3.7616e-05
-10.589 0.00014695 4.5968e-05
-10.531 0.00021937 6.0882e-05
-10.473 0.00026143 6.9088e-05
-10.415 0.00017433 5.171e-05
-10.357 0.00013745 4.3904e-05
-10.299 0.00013574 4.3357e-05
-10.241 0.00021137 5.9347e-05
-10.183 0.00015439 4.738e-05
-10.125 0.00011977 4.0134e-05
-10.067 0.00018372 5.3674e-05
-10.009 0.00018166 5.3074e-05
-9.9506 0.00019186 5.5265e-05
-9.8926 0.00016419 4.9506e-05
-9.8346 0.00014734 4.6092e-05
-9.7766 0.00025574 6.8177e-05
-9.7185 0.0001272 4.1566e-05
-9.6605 0.00026057 6.9464e-05
-9.6025 0.0001741 5.1643e-05
-9.5445 0.00019181 5.5252e-05
-9.4864 0.00017442 5.1738e-05
-9.4284 0.00022163 6.1509e-05
-9.3704 0.00024905 6.7009e-05
-9.3124 0.00016393 4.9429e-05
-9.2544 0.00012801 4.183e-05
-9.1963 0.00018765 5.4825e-05
-9.1383 0.00021917 6.0825e-05
-9.0803 0.00024918 6.7045e-05
-9.0223 0.00016608 5.0076e-05
-8.9643 0.00013118 4.2867e-05
-8.9062 0.00013653 4.3609e-05
-8.8482 0.00014808 4.6322e-05
-8.7902 0.00014692 4.596e-05
-8.7322 0.00019629 5.6542e-05
-8.6742 0.00014804 4.6309e-05
-8.6161 0.00013711 4.3794e-05
-8.5581 0.00019603 5.6467e-05
-8.5001 0.00018407 5.3777e-05
-8.4421 0.00021946 6.0905e-05
-8.384 0.00014801 4.6302e-05
-8.326 0.00020211 5.7454e-05
-8.268 0.00020367 5.7897e-05
-8.21 0.00018649 5.4486e-05
-8.152 0.00021084 5.9199e-05
-8.0939 0.00024801 6.673e-05
-8.0359 0.00022272 6.1813e-05
-7.9779 0.00016681 5.0295e-05
-7.9199 0.00017615 5.2251e-05
-7.8619 0.00015659 4.8056e-05
-7.8038 0.00014966 4.6817e-05
-7.7458 0.0002034 5.7821e-05
-7.6878 0.0002412 6.5533e-05
-7.6298 0.00021447 6.0219e-05
-7.5718 0.00021652 6.0794e-05
-7.5137 0.00018599 5.434e-05
-7.4557 0.00018483 5.4e-05
-7.3977 0.00016942 5.1083e-05
-7.3397 0.00025438 6.8443e-05
-7.2816 0.00024388 6.6261e-05
-7.2236 0.00024788 6.6695e-05
-7.1656 0.00029451 7.658e-05
-7.1076 0.00022747 6.3129e-05
-7.0496 0.00023119 6.3465e-05
-6.9915 0.00017746 5.2641e-05
-6.9335 0.00030038 7.7523e-05
-6.8755 0.00014853 4.6464e-05
-6.8175 0.00029117 7.5712e-05
-6.7595 0.00017729 5.2588e-05
-6.7014 0.00021276 5.9739e-05
-6.6434 0.00022116 6.2096e-05
-6.5854 0.00017473 5.183e-05
-6.5274 0.00024598 6.6831e-05
-6.4694 0.00021055 5.9117e-05
-6.4113 0.00020237 5.8294e-05
-6.3533 0.00018605 5.4355e-05
-6.2953 0.00019735 5.6848e-05
-6.2373 0.00021881 6.0725e-05
-6.1792 0.00019345 5.6519e-05
-6.1212 0.00034847 8.6538e-05
-6.0632 0.00024485 6.6525e-05
-6.0052 0.00022797 6.327e-05
-5.9472 0.00027051 7.1488e-05
-5.8891 0.00023563 6.4681e-05
-5.8311 0.00017865 5.2992e-05
-5.7731 0.00013752 4.3926e-05
-5.7151 0.00030149 7.8395e-05
-5.6571 0.00023698 6.4386e-05
-5.599 0.00019571 5.6374e-05
-5.541 0.00028853 7.562e-05
-5.483 0.00015054 4.7092e-05
-5.425 0.00014784 4.6248e-05
-5.3669 0.00024182 6.5701e-05
-5.3089 0.00020871 5.9332e-05
-5.2509 0.00029447 7.657e-05
-5.1929 0.00019177 5.5241e-05
-5.1349 0.00031018 7.948e-05
-5.0768 0.00021395 6.0071e-05
-5.0188 0.00027957 7.3882e-05
-4.9608 0.00026245 6.9966e-05
-4.9028 0.00021266 5.9708e-05
-4.8448 0.00019953 5.7475e-05
-4.7867 0.00028629 7.4444e-05
-4.7287 0.00027058 7.1505e-05
-4.6707 0.00029476 7.6646e-05
-4.6127 0.00024006 6.5223e-05
-4.5547 0.00033526 8.424e-05
-4.4966 0.00030268 7.8115e-05
-4.4386 0.00027457 7.2561e-05
-4.3806 0.00033349 8.3794e-05
-4.3226 0.00025188 6.7769e-05
-4.2645 0.00030333 7.8283e-05
-4.2065 0.00029084 7.5626e-05
-4.1485 0.00031754 8.0812e-05
-4.0905 0.00031819 8.0979e-05
-4.0325 0.00026255 6.9994e-05
-3.9744 0.00026228 6.9921e-05
-3.9164 0.00024589 6.6807e-05
-3.8584 0.00023026 6.3905e-05
-3.8004 0.0003461 8.6443e-05
-3.7424 0.00025063 6.7434e-05
-3.6843 0.00033655 8.4562e-05
-3.6263 0.00040301 9.8027e-05
-3.5683 0.00029802 7.7494e-05
-3.5103 0.00034947 8.6787e-05
-3.4523 0.00040644 9.7954e-05
-3.3942 0.00039547 9.6665e-05
-3.3362 0.0003351 8.4725e-05
-3.2782 0.00032426 8.1475e-05
-3.2202 0.00021172 6.0185e-05
-3.1621 0.00039227 9.637e-05
-3.1041 0.00039719 9.5724e-05
-3.0461 0.00030953 7.9884e-05
-2.9881 0.00036672 9.1071e-05
-2.9301 0.00047229 0.00010998
-2.872 0.00042931 0.00010394
-2.814 0.0004466 0.00010508
-2.756 0.00041503 0.00010145
-2.698 0.00035043 8.7025e-05
-2.64 0.00054395 0.00012475
-2.5819 0.00049566 0.0001158
-2.5239 0.0005032 0.00011717
-2.4659 0.00047758 0.00011278
-2.4079 0.0005674 0.00012907
-2.3499 0.00050104 0.00011593
-2.2918 0.00043532 0.0001064
-2.2338 0.00072825 0.00015763
-2.1758 0.0006004 0.0001377
-2.1178 0.00056803 0.00012857
-2.0597 0.0006863 0.00015172
-2.0017 0.0007102 0.0001589
-1.9437 0.00067509 0.00014793
-1.8857 0.00056908 0.00013051
-1.8277 0.00066496 0.00014979
-1.7696 0.00089106 0.00018735
-1.7116 0.0010492 0.00022501
-1.6536 0.0009333 0.00019876
-1.5956 0.0010874 0.00022766
-1.5376 0.0011743 0.00024223
-1.4795 0.0013678 0.00028481
-1.4215 0.0016371 0.00033177
-1.3635 0.0018459 0.00037153
-1.3055 0.0022732 0.00044857
-1.2475 0.0029276 0.0005777
-1.1894 0.0032802 0.00063986
-1.1314 0.0040061 0.00078214
-1.0734 0.0051468 0.00099224
-1.0154 0.0063833 0.0012231
-0.95735 0.0073301 0.0014026
-0.89933 0.0083042 0.001586
-0.84131 0.0088302 0.0016835
-0.78328 0.0099377 0.001893
-0.72526 0.01128 0.0021451
-0.66724 0.012477 0.0023712
-0.60922 0.012974 0.0024682
-0.5512 0.013421 0.0025512
-0.49318 0.013799 0.0026169
-0.43516 0.014467 0.0027415
-0.37714 0.014772 0.0028018
-0.31912 0.014649 0.0027814
-0.26109 0.01351 0.002573
-0.20307 0.012919 0.0024502
-0.14505 0.013142 0.0024945
-0.087032 0.012136 0.0023111
-0.029011 0.011521 0.0021897
0.029011 0.010826 0.0020648
0.087032 0.010147 0.0019312
0.14505 0.0076839 0.0014659
0.20307 0.0075524 0.001453
0.26109 0.0057182 0.001102
0.31912 0.0049684 0.00095819
0.37714 0.0039075 0.00075573
0.43516 0.0026929 0.00052832
0.49318 0.0021602 0.00043318
0.5512 0.0020122 0.00040626
0.60922 0.0013758 0.0002828
0.66724 0.0012969 0.00026672
0.72526 0.0012065 0.0002505
0.78328 0.0012592 0.00025928
0.84131 0.0010848 0.00022711
0.89933 0.00075501 0.0001649
0.95735 0.00078342 0.00016865
1.0154 0.00079351 0.00017277
1.0734 0.0006665 0.00015162
1.1314 0.00066129 0.00014619
1.1894 0.00060766 0.00013936
1.2475 0.00058814 0.00013026
1.3055 0.00048223 0.00011346
1.3635 0.00060954 0.0001373
1.4215 0.00053184 0.00012607
1.4795 0.0004778 0.00010989
1.5376 0.000515 0.00011916
1.5956 0.00047572 0.00011153
1.6536 0.00046008 0.00011246
1.7116 0.00049631 0.00011233
1.7696 0.00044375 0.00010794
1.8277 0.00038523 9.5142e-05
1.8857 0.00045493 0.00010559
1.9437 0.00039725 9.9219e-05
2.0017 0.00056939 0.0001292
2.0597 0.00038916 9.4216e-05
2.1178 0.00035977 9.156e-05
2.1758 0.0004516 0.00010482
2.2338 0.00034622 8.9353e-05
2.2918 0.00036312 8.9209e-05
2.3499 0.00035243 8.8025e-05
2.4079 0.00038275 9.4033e-05
2.4659 0.00032979 8.393e-05
2.5239 0.00033671 8.4602e-05
2.5819 0.00042244 0.00010181
2.64 0.00032884 8.2625e-05
2.698 0.00027645 7.4382e-05
2.756 0.0003354 8.3771e-05
2.814 0.00030407 7.9693e-05
2.872 0.00033431 8.35e-05
2.9301 0.00025054 6.807e-05
2.9881 0.0002551 6.9309e-05
3.0461 0.00032625 8.1974e-05
3.1041 0.00025696 6.9815e-05
3.1621 0.00023314 6.4703e-05
3.2202 0.00018102 5.2887e-05
3.2782 0.00032919 8.3778e-05
3.3362 0.00022473 6.31e-05
3.3942 0.00023496 6.4499e-05
3.4523 0.0001753 5.1997e-05
3.5103 0.00028115 7.43e-05
3.5683 0.00027039 7.2082e-05
3.6263 0.00018936 5.5323e-05
3.6843 0.00029043 7.552e-05
3.7424 0.00024694 6.7092e-05
3.8004 0.00019542 5.7094e-05
3.8584 0.0002204 6.1883e-05
3.9164 0.00020928 5.9494e-05
3.9744 0.00018969 5.5419e-05
4.0325 0.00020844 5.9253e-05
4.0905 0.00020083 5.7848e-05
4.1485 0.00023933 6.5698e-05
4.2065 0.00027978 7.3938e-05
4.2645 0.00019015 5.5553e-05
4.3226 0.0002256 6.2609e-05
4.3806 0.0002215 6.2191e-05
4.4386 0.0002122 6.0322e-05
4.4966 0.00020982 5.9646e-05
4.5547 0.00014023 4.479e-05
4.6127 0.00024243 6.6549e-05
4.6707 0.00018997 5.5502e-05
4.7287 0.00018631 5.4433e-05
4.7867 0.00025036 6.8021e-05
4.8448 0.00022574 6.2648e-05
4.9028 0.00018949 5.536e-05
4.9608 0.00018468 5.4781e-05
5.0188 0.0001228 4.1149e-05
5.0768 0.00018034 5.3492e-05
5.1349 0.00012919 4.2216e-05
5.1929 0.00023246 6.4514e-05
5.2509 0.00014459 4.6185e-05
5.3089 0.00017957 5.3266e-05
5.3669 0.00016893 5.0935e-05
5.425 0.00023167 6.4297e-05
5.483 0.00018539 5.4992e-05
5.541 0.00012354 4.1397e-05
5.599 0.0001671 5.0384e-05
5.6571 0.00014981 4.7849e-05
5.7151 0.00018752 5.4785e-05
5.7731 0.00012427 4.1642e-05
5.8311 0.00017482 5.2712e-05
5.8891 0.00020875 5.9342e-05
5.9472 0.00014637 4.6752e-05
6.0052 0.00020121 5.796e-05
6.0632 0.0001773 5.2593e-05
6.1212 0.00021758 6.185e-05
6.1792 0.00015992 4.9076e-05
6.2373 0.00013474 4.4031e-05
6.2953 0.00013232 4.3239e-05
6.3533 0.00021708 6.171e-05
6.4113 0.00017766 5.2698e-05
6.4694 0.00021374 6.0759e-05
6.5274 0.00016836 5.0764e-05
6.5854 0.00017771 5.3581e-05
6.6434 0.00020113 5.7935e-05
6.7014 0.00013296 4.3448e-05
6.7595 0.00014529 4.6406e-05
6.8175 0.00014231 4.5454e-05
6.8755 0.00019283 5.6336e-05
6.9335 0.00016309 5.0049e-05
6.9915 0.00013249 4.3296e-05
7.0496 0.0001948 5.6913e-05
7.1076 0.00011666 4.0192e-05
7.1656 0.00016992 5.1233e-05
7.2236 0.00018163 5.3876e-05
7.2816 0.00019349 5.6531e-05
7.3397 0.00017348 5.2308e-05
7.3977 0.00023619 6.4836e-05
7.4557 0.00011438 3.9404e-05
7.5137 0.00010625 3.7756e-05
7.5718 0.00012445 4.1699e-05
7.6298 0.00015274 4.7779e-05
7.6878 0.00016133 4.951e-05
7.7458 0.00015323 4.7935e-05
7.8038 0.00023683 6.5013e-05
7.8619 0.00017151 5.1713e-05
7.9199 0.00010454 3.7146e-05
7.9779 0.00012437 4.1673e-05
8.0359 0.00017053 5.1417e-05
8.0939 0.0001416 4.5228e-05
8.152 0.00011453 3.9456e-05
8.21 7.5868e-05 3.0381e-05
8.268 0.0001404 4.4845e-05
8.326 0.00015153 4.7402e-05
8.384 0.00016066 4.9305e-05
8.4421 0.00014217 4.5412e-05
8.5001 0.00014432 4.6097e-05
8.5581 0.00018811 5.4959e-05
8.6161 0.00019097 5.5794e-05
8.6742 0.0001538 4.8112e-05
8.7322 0.00015127 4.7319e-05
8.7902 0.00014298 4.5669e-05
8.8482 0.00010383 3.6893e-05
8.9062 0.00026124 7.029e-05
8.9643 0.00011467 3.9507e-05
9.0223 0.00012324 4.1297e-05
9.0803 0.00019865 5.722e-05
9.1383 0.00014568 4.6533e-05
9.1963 0.00012314 4.1262e-05
9.2544 0.00020752 5.8992e-05
9.3124 0.00014211 4.5392e-05
9.3704 0.00013355 4.364e-05
9.4284 0.0001601 4.9132e-05
9.4864 0.00013177 4.306e-05
9.5445 9.5141e-05 3.5003e-05
9.6025 0.00014342 4.581e-05
9.6605 9.4107e-05 3.4623e-05
9.7185 0.00013185 4.3085e-05
9.7766 0.00011454 3.946e-05
9.8346 0.00015049 4.7077e-05
9.8926 0.00023548 6.4641e-05
9.9506 0.00016793 5.0632e-05
10.009 0.00016143 4.954e-05
10.067 0.00014308 4.5701e-05
10.125 0.00014008 4.4742e-05
10.183 0.00019817 5.7082e-05
10.241 8.4569e-05 3.2366e-05
10.299 6.6521e-05 2.8082e-05
10.357 0.0001714 5.1679e-05
10.415 0.00015955 4.8963e-05
10.473 0.00017915 5.314e-05
10.531 0.00013255 4.3315e-05
10.589 0.00021715 6.0971e-05
10.647 0.00023243 6.3804e-05
10.705 0.00016032 4.9199e-05
10.763 0.00016097 4.94e-05
10.821 0.00017816 5.2847e-05
10.879 0.00017612 5.2241e-05
10.937 0.00015025 4.7002e-05
10.995 0.0001234 4.135e-05
11.053 0.0001871 5.4663e-05
11.111 0.0001125 3.8758e-05
11.169 0.00012182 4.082e-05
11.227 0.00015971 4.9014e-05
11.285 0.00012205 4.0895e-05
11.343 0.00017676 5.2432e-05
11.401 0.00014021 4.4784e-05
11.459 0.00019707 5.6766e-05
11.517 0.00014105 4.5052e-05
11.575 0.0001489 4.6579e-05
11.633 0.00015792 4.8462e-05
11.691 0.00013135 4.2922e-05
11.749 0.00018773 5.4848e-05
11.807 8.3685e-05 3.2027e-05
11.865 0.00012202 4.0887e-05
11.923 0.00016895 5.0942e-05
11.981 0.00010297 3.659e-05
12.039 0.00018623 5.4409e-05
12.097 0.00015871 4.8706e-05
12.155 0.00013228 4.3225e-05
12.213 0.0001219 4.0848e-05
12.271 0.00012984 4.243e-05
12.329 0.0001386 4.427e-05
12.388 0.00013107 4.283e-05
12.446 0.00011136 3.8364e-05
12.504 0.00014825 4.6374e-05
12.562 0.00017459 5.1788e-05
12.62 0.00015793 4.8466e-05
12.678 0.00012876 4.2075e-05
12.736 0.00017472 5.1826e-05
12.794 0.00010147 3.6058e-05
12.852 8.2734e-05 3.1663e-05
12.91 0.00011861 3.9742e-05
12.968 0.00013751 4.3922e-05
13.026 0.00010916 3.7608e-05
13.084 0.00016561 4.9935e-05
13.142 0.00017363 5.1502e-05
13.2 0.00014579 4.5607e-05
13.258 0.00014578 4.5602e-05
13.316 9.2175e-05 3.3912e-05
13.374 0.00017433 5.1711e-05
13.432 0.0001558 4.7814e-05
13.49 0.00011805 3.9557e-05
13.548 0.00012778 4.1755e-05
13.606 0.00011957 4.0065e-05
13.664 0.00013592 4.3415e-05
13.722 0.00019168 5.5214e-05
13.78 0.00010964 3.7772e-05
13.838 0.00015554 4.7734e-05
13.896 9.9694e-05 3.5425e-05
13.954 0.00014509 4.5388e-05
14.012 0.00010023 3.5616e-05
14.07 6.3423e-05 2.6774e-05
14.128 0.00012637 4.1294e-05
14.186 8.1845e-05 3.1323e-05
14.244 0.00013655 4.3614e-05
14.302 0.0001083 3.7312e-05
14.36 0.00010802 3.7215e-05
14.418 0.00011788 3.9499e-05
14.476 0.00010861 3.7419e-05
14.534 0.00015379 4.7195e-05
14.592 0.00014467 4.5256e-05
14.65 0.00018906 5.4459e-05
14.708 0.00010914 3.76e-05
14.766 0.00013589 4.3406e-05
14.824 0.00016057 4.8413e-05
14.882 0.00014419 4.5106e-05
14.94 0.00011707 3.9228e-05
14.998 9.8979e-05 3.5171e-05
15.056 0.00018882 5.439e-05
15.114 0.00012601 4.1178e-05
15.173 9.932e-05 3.5292e-05
15.231 0.00017082 5.0671e-05
15.289 0.00018645 5.3706e-05
15.347 0.00016137 4.8656e-05
15.405 0.00012526 4.0932e-05
15.463 0.00014154 4.4277e-05
15.521 7.9716e-05 3.0508e-05
15.579 0.00012477 4.0773e-05
15.637 0.00019685 5.5957e-05
15.695 0.00011498 3.8528e-05
15.753 0.0001058 3.6448e-05
15.811 0.0001237 4.0422e-05
15.869 0.00015167 4.6544e-05
15.927 7.9258e-05 3.0333e-05
15.985 0.00010581 3.6453e-05
16.043 8.7953e-05 3.2359e-05
16.101 0.00017727 5.1792e-05
16.159 0.00013184 4.211e-05
16.217 0.00018452 5.3152e-05
16.275 0.00016729 4.9622e-05
16.333 0.00018484 5.3244e-05
16.391 0.00013929 4.3573e-05
16.449 9.579e-05 3.4038e-05
16.507 0.00010503 3.6185e-05
16.565 0.00013111 4.1879e-05
16.623 0.00010513 3.6218e-05
16.681 0.00021522 5.908e-05
16.739 0.00010385 3.5777e-05
16.797 0.00013169 4.2064e-05
16.855 0.0001117 3.7429e-05
16.913 0.00015438 4.6546e-05
16.971 0.00015532 4.6831e-05
17.029 0.00013817 4.3222e-05
17.087 0.0001122 3.7596e-05
17.145 0.00014487 4.4458e-05
17.203 9.4195e-05 3.3471e-05
17.261 0.00018244 5.2553e-05
17.319 0.00011126 3.7282e-05
17.377 0.00014524 4.4572e-05
17.435 0.00012795 4.0868e-05
17.493 0.0001288 4.114e-05
17.551 0.00012795 4.0868e-05
17.609 0.0001096 3.6725e-05
17.667 0.00016258 4.8224e-05
17.725 8.5008e-05 3.1275e-05
17.783 0.00011043 3.7004e-05
17.841 0.00014304 4.3897e-05
17.9 0.00013407 4.1939e-05
17.958 0.00019462 5.4643e-05
18.016 0.00014285 4.384e-05
18.074 8.3351e-05 3.0665e-05
18.132 0.00016725 4.8864e-05
18.19 0.00010828 3.6282e-05
18.248 0.00012586 4.02e-05
18.306 0.00012446 3.9755e-05
18.364 0.00012452 3.9772e-05
18.422 0.00015908 4.7187e-05
18.48 0.00015802 4.6874e-05
18.538 0.00014833 4.4723e-05
18.596 0.00014 4.2966e-05
18.654 0.00015799 4.6863e-05
18.712 0.0001413 4.3363e-05
18.77 0.00017214 4.9585e-05
18.828 0.00018094 5.1437e-05
18.886 0.00012354 3.9458e-05
18.944 0.00013091 4.0952e-05
19.002 0.00014604 4.4032e-05
19.06 8.1838e-05 3.0109e-05
19.118 0.00011497 3.7571e-05
19.176 0.00014619 4.4079e-05
19.234 0.00020301 5.5727e-05
19.292 9.7867e-05 3.3716e-05
19.35 0.00012145 3.8793e-05
19.408 0.0001132 3.6992e-05
19.466 0.00015248 4.5229e-05
19.524 0.00015288 4.5349e-05
19.582 0.00015434 4.5783e-05
19.64 0.00019149 5.3143e-05
19.698 0.00017577 4.9965e-05
19.756 0.00017566 4.9934e-05
19.814 0.00016042 4.6869e-05
19.872 7.9147e-05 2.9119e-05
19.93 0.00015026 4.4572e-05
19.988 0.00010335 3.4631e-05
20.046 0.00013451 4.128e-05
20.104 8.6783e-05 3.0837e-05
20.162 0.00014965 4.439e-05
20.22 0.00011823 3.7764e-05
20.278 0.00011083 3.6217e-05
20.336 8.6146e-05 3.0611e-05
20.394 0.00015574 4.55e-05
20.452 0.00013356 4.0987e-05
20.51 0.00013347 4.0961e-05
20.568 0.00018697 5.1888e-05
20.626 9.2439e-05 3.1846e-05
20.685 0.00013119 4.0259e-05
20.743 0.00013832 4.1705e-05
20.801 0.00011608 3.7078e-05
20.859 0.00019145 5.2555e-05
20.917 0.00012278 3.8409e-05
20.975 9.935e-05 3.329e-05
21.033 0.00013712 4.1344e-05
21.091 8.3015e-05 2.9498e-05
21.149 0.00014508 4.3036e-05
21.207 0.00012924 3.9661e-05
21.265 0.000166 4.7189e-05
21.323 8.2601e-05 2.9351e-05
21.381 0.00013638 4.112e-05
21.439 0.00017351 4.8717e-05
21.497 0.0001649 4.6878e-05
21.555 0.00012624 3.8743e-05
21.613 0.0001193 3.732e-05
21.671 0.00015682 4.5173e-05
21.729 0.00011851 3.7072e-05
21.787 0.00013246 3.9939e-05
21.845 0.00013903 4.124e-05
21.903 8.8327e-05 3.043e-05
21.961 0.00014609 4.2682e-05
22.019 9.3906e-05 3.1466e-05
22.077 0.00012205 3.7457e-05
22.135 0.00011519 3.6032e-05
22.193 0.00014353 4.1933e-05
22.251 0.00012121 3.7197e-05
22.309 9.3057e-05 3.1182e-05
22.367 0.00014298 4.1773e-05
22.425 0.00014255 4.1648e-05
22.483 0.00014138 4.1306e-05
22.541 0.00019121 5.1447e-05
22.599 0.0001774 4.8697e-05
22.657 0.00011324 3.5423e-05
22.715 0.0001252 3.7749e-05
22.773 0.00011237 3.5151e-05
22.831 0.0001263 3.8082e-05
22.889 0.00015974 4.485e-05
22.947 0.00014417 4.1527e-05
23.005 0.00017175 4.7147e-05
23.063 0.00013764 4.0212e-05
23.121 0.00012305 3.7102e-05
23.179 0.00010189 3.2544e-05
23.237 0.00010805 3.38e-05
23.295 0.0001017 3.2483e-05
23.353 0.00011457 3.5161e-05
23.412 0.00013334 3.8955e-05
23.47 0.00013315 3.89e-05
23.528 0.00017337 4.7104e-05
23.586 9.3167e-05 3.0445e-05
23.644 0.00011806 3.5597e-05
23.702 0.00015112 4.2431e-05
23.76 0.00013115 3.8315e-05
23.818 0.00013066 3.8173e-05
23.876 0.00012252 3.6343e-05
23.934 0.0001359 3.9148e-05
23.992 0.00012885 3.7643e-05
24.05 0.00017886 4.7681e-05
24.108 0.00015869 4.3563e-05
24.166 0.00010748 3.2983e-05
24.224 0.00012593 3.679e-05
24.282 0.00011292 3.4047e-05
24.34 0.00016091 4.3718e-05
24.398 0.00012469 3.643e-05
24.456 0.00014971 4.1549e-05
24.514 9.9057e-05 3.0987e-05
24.572 0.00014709 4.0823e-05
24.63 0.00011044 3.33e-05
24.688 8.5438e-05 2.7919e-05
24.746 0.00012682 3.6532e-05
24.804 0.00016182 4.3539e-05
24.862 0.00014344 3.9809e-05
24.92 0.00014805 4.0641e-05
24.978 0.00012354 3.5586e-05
25.036 0.0001925 4.9326e-05
25.094 0.00016308 4.3474e-05
25.152 0.00016862 4.456e-05
25.21 0.00014342 3.9369e-05
25.268 0.00013623 3.7807e-05
25.326 0.00015926 4.2457e-05
25.384 0.00011926 3.4352e-05
25.442 8.4333e-05 2.6937e-05
25.5 0.00011115 3.2473e-05
25.558 0.00011619 3.3469e-05
25.616 0.00014306 3.8869e-05
25.674 0.00010936 3.1951e-05
25.732 0.0001999 4.9928e-05
25.79 0.00015549 4.109e-05
25.848 8.5438e-05 2.6727e-05
25.906 0.00011106 3.1991e-05
25.964 9.4186e-05 2.8398e-05
26.022 0.00013689 3.7191e-05
26.08 8.8929e-05 2.7291e-05
26.138 0.00011406 3.2425e-05
26.197 0.00013858 3.7286e-05
26.255 0.00012382 3.4363e-05
26.313 0.00012821 3.5194e-05
26.371 0.00015693 4.0807e-05
26.429 0.0001397 3.7244e-05
26.487 0.00011914 3.3066e-05
26.545 0.00016269 4.1688e-05
26.603 0.00012144 3.3335e-05
26.661 0.00013389 3.5694e-05
26.719 0.00015179 3.9174e-05
26.777 0.00010809 3.0349e-05
26.835 7.9569e-05 2.4419e-05
26.893 0.00011033 3.0619e-05
26.951 0.00010494 2.9463e-05
27.009 0.00012657 3.3743e-05
27.067 0.0001384 3.5987e-05
27.125 0.00010965 3.0099e-05
27.183 7.7468e-05 2.3358e-05
27.241 0.00011118 3.0206e-05
27.299 0.0001005 2.7891e-05
27.357 0.00012412 3.2529e-05
27.415 0.00014399 3.6407e-05
27.473 0.00013907 3.5391e-05
27.531 0.00013685 3.4828e-05
27.589 0.00011481 3.034e-05
27.647 0.00018052 4.3133e-05
27.705 0.00015414 3.7868e-05
27.763 0.00010917 2.8849e-05
27.821 0.00012529 3.1886e-05
27.879 0.00010825 2.8371e-05
27.937 0.00013532 3.3605e-05
27.995 0.00016042 3.8331e-05
28.053 0.00013261 3.2752e-05
28.111 0.00014152 3.4423e-05
28.169 0.00012798 3.1607e-05
28.227 0.00014204 3.4233e-05
28.285 0.0001449 3.4623e-05
28.343 0.00011717 2.9097e-05
28.401 0.00010548 2.667e-05
28.459 0.00011402 2.8159e-05
28.517 0.00016509 3.7862e-05
28.575 0.00012105 2.9174e-05
28.633 0.00015827 3.61e-05
28.691 0.00014078 3.2476e-05
28.749 0.00012126 2.843e-05
28.807 0.00011029 2.6144e-05
28.865 0.00013631 3.1007e-05
28.924 0.0001652 3.6323e-05
28.982 0.0001444 3.2109e-05
29.04 0.00011624 2.6442e-05
29.098 0.00013367 2.9441e-05
29.156 0.0001257 2.7543e-05
29.214 0.00013755 2.9326e-05
29.272 0.00014739 3.0668e-05
29.33 0.00013809 2.8468e-05
29.388 0.00013644 2.7155e-05
29.446 0.0001575 3.1285e-05
29.504 0 1
29.562 0 1
29.62 0 1
29.678 0 1
