-29.678 0 1
-29.62 0 1
-29.562 0 1
-29.504 0.00019748 3.9806e-05
-29.446 0.00019829 3.9687e-05
-29.388 0.00023302 4.7933e-05
-29.33 0.00020909 4.4231e-05
-29.272 0.00019889 4.3138e-05
-29.214 0.00017501 3.9415e-05
-29.156 0.00022383 4.9416e-05
-29.098 0.00017133 3.9983e-05
-29.04 0.00021445 4.8674e-05
-28.982 0.00024535 5.4989e-05
-28.924 0.00020093 4.6888e-05
-28.865 0.00022082 5.1012e-05
-28.807 0.00027584 6.1824e-05
-28.749 0.00022056 5.1847e-05
-28.691 0.00019738 4.7805e-05
-28.633 0.00025253 5.8727e-05
-28.575 0.00023023 5.4768e-05
-28.517 0.00019521 4.8279e-05
-28.459 0.00024506 5.8296e-05
-28.401 0.00019046 4.7966e-05
-28.343 0.00020093 5.0285e-05
-28.285 0.00027049 6.4082e-05
-28.227 0.00019305 4.9276e-05
-28.169 0.00019698 5.028e-05
-28.111 0.00027674 6.5832e-05
-28.053 0.00021519 5.4192e-05
-27.995 0.00015091 4.1745e-05
-27.937 0.00013369 3.8393e-05
-27.879 0.00019505 5.0932e-05
-27.821 0.00020429 5.2922e-05
-27.763 0.00017631 4.7738e-05
-27.705 0.00021991 5.654e-05
-27.647 0.00018189 4.925e-05
-27.589 0.00025436 6.3654e-05
-27.531 0.00016665 4.664e-05
-27.473 0.00016726 4.6812e-05
-27.415 0.00021338 5.6185e-05
-27.357 0.00020763 5.5154e-05
-27.299 0.00020486 5.4928e-05
-27.241 0.00018876 5.1641e-05
-27.183 0.00017709 4.9561e-05
-27.125 0.00025137 6.4628e-05
-27.067 0.00015865 4.6215e-05
-27.009 0.00019168 5.3021e-05
-26.951 0.00027464 6.9621e-05
-26.893 0.00015623 4.6208e-05
-26.835 0.00022616 6.0638e-05
-26.777 0.00020984 5.7411e-05
-26.719 0.00017954 5.1559e-05
-26.661 0.00025778 6.731e-05
-26.603 0.00017527 5.1054e-05
-26.545 0.00021893 5.9897e-05
-26.487 0.00020314 5.6852e-05
-26.429 0.00022287 6.0975e-05
-26.371 0.00021589 5.9718e-05
-26.313 0.00016308 4.9033e-05
-26.255 0.00025322 6.7266e-05
-26.197 0.00020981 5.8721e-05
-26.138 0.00016565 4.9806e-05
-26.08 0.00015696 4.8038e-05
-26.022 0.0002493 6.6841e-05
-25.964 0.00020613 5.8413e-05
-25.906 0.00020888 5.9191e-05
-25.848 0.00020082 5.767e-05
-25.79 0.00019106 5.5655e-05
-25.732 0.0001938 5.6452e-05
-25.674 0.00020488 5.8837e-05
-25.616 0.00021588 6.1177e-05
-25.558 0.00018658 5.5186e-05
-25.5 0.00018916 5.5949e-05
-25.442 0.00022007 6.2364e-05
-25.384 0.00015041 4.7923e-05
-25.326 0.00024205 6.6954e-05
-25.268 0.00019236 5.6894e-05
-25.21 0.00020513 5.9751e-05
-25.152 0.00025689 7.0282e-05
-25.094 0.00018517 5.5677e-05
-25.036 0.0002277 6.4526e-05
-24.978 0.00018816 5.6574e-05
-24.92 0.00014684 4.7871e-05
-24.862 0.00025017 6.9201e-05
-24.804 0.00028937 7.7584e-05
-24.746 0.00017128 5.3441e-05
-24.688 0.000183 5.601e-05
-24.63 0.00020536 6.0738e-05
-24.572 0.00023891 6.7704e-05
-24.514 0.00025327 7.0883e-05
-24.456 0.00016492 5.2545e-05
-24.398 0.00026388 7.2992e-05
-24.34 0.00017775 5.546e-05
-24.282 0.00021297 6.2989e-05
-24.224 0.00021224 6.2776e-05
-24.166 0.00026849 7.4268e-05
-24.108 0.0001703 5.426e-05
-24.05 0.00020519 6.1695e-05
-23.992 0.00025033 7.0939e-05
-23.934 0.00033333 8.7771e-05
-23.876 0.00017324 5.5197e-05
-23.818 0.0001742 5.5504e-05
-23.76 0.0001499 5.0114e-05
-23.702 0.00020929 6.2927e-05
-23.644 0.00028067 7.7639e-05
-23.586 0.00024838 7.1327e-05
-23.528 0.00019948 6.1054e-05
-23.47 0.00021153 6.3602e-05
-23.412 0.0001771 5.6427e-05
-23.353 0.00026088 7.3929e-05
-23.295 0.00022525 6.6623e-05
-23.237 0.00023925 6.9692e-05
-23.179 0.00013158 4.666e-05
-23.121 0.00016853 5.4941e-05
-23.063 0.00022971 6.7941e-05
-23.005 0.00017967 5.7245e-05
-22.947 0.00024145 7.033e-05
-22.889 0.00025657 7.3679e-05
-22.831 0.00020766 6.3555e-05
-22.773 0.00012175 4.4709e-05
-22.715 0.00023325 6.8988e-05
-22.657 0.00017279 5.633e-05
-22.599 0.00023453 6.9368e-05
-22.541 0.00030923 8.4602e-05
-22.483 0.00028715 8.0366e-05
-22.425 0.00016274 5.4409e-05
-22.367 0.00021469 6.5708e-05
-22.309 0.00018929 6.0312e-05
-22.251 0.00020303 6.3346e-05
-22.193 0.00017849 5.8188e-05
-22.135 0.00013952 4.9477e-05
-22.077 0.00024047 7.1125e-05
-22.019 0.00020272 6.3249e-05
-21.961 0.00021965 6.7228e-05
-21.903 0.00014099 4.9999e-05
-21.845 0.00011633 4.4445e-05
-21.787 0.00028516 8.0807e-05
-21.729 0.00019537 6.2247e-05
-21.671 0.00015573 5.3537e-05
-21.613 0.00028433 8.0572e-05
-21.555 0.0002497 7.3853e-05
-21.497 0.00021103 6.5842e-05
-21.439 0.00021189 6.611e-05
-21.381 0.00022392 6.8534e-05
-21.323 0.00018559 6.0503e-05
-21.265 0.00013409 4.9241e-05
-21.207 0.00033018 9.0333e-05
-21.149 0.00023775 7.1485e-05
-21.091 0.00022623 6.9241e-05
-21.033 0.00022786 6.9738e-05
-20.975 0.00020077 6.3968e-05
-20.917 0.00024131 7.2557e-05
-20.859 0.00024387 7.3325e-05
-20.801 0.00021599 6.7391e-05
-20.743 0.00021518 6.7138e-05
-20.685 0.00017598 5.8835e-05
-20.626 0.0001352 4.9649e-05
-20.568 0.00015006 5.3216e-05
-20.51 0.00015002 5.3202e-05
-20.452 0.00017608 5.8867e-05
-20.394 0.00017659 5.9037e-05
-20.336 0.00017837 5.9635e-05
-20.278 0.0002475 7.4418e-05
-20.22 0.00020578 6.5566e-05
-20.162 0.00022161 6.9145e-05
-20.104 0.0002213 6.9048e-05
-20.046 0.00015311 5.4298e-05
-19.988 0.00023595 7.2215e-05
-19.93 0.00018147 6.0669e-05
-19.872 0.00016973 5.8349e-05
-19.814 0.0001402 5.1485e-05
-19.756 0.00020964 6.6794e-05
-19.698 0.00023726 7.2617e-05
-19.64 0.00011345 4.5361e-05
-19.582 0.00019663 6.4103e-05
-19.524 0.00025411 7.6404e-05
-19.466 0.00019862 6.4751e-05
-19.408 0.00032576 9.117e-05
-19.35 0.00027216 8.0496e-05
-19.292 0.00015637 5.5452e-05
-19.234 0.00020002 6.5209e-05
-19.176 0.0001876 6.2719e-05
-19.118 0.0001724 5.9268e-05
-19.06 0.00017165 5.901e-05
-19.002 0.00014347 5.2683e-05
-18.944 0.00024339 7.4493e-05
-18.886 0.00017182 5.9069e-05
-18.828 0.00015724 5.576e-05
-18.77 0.00023346 7.2841e-05
-18.712 0.00018754 6.2699e-05
-18.654 0.00025921 7.7936e-05
-18.596 0.00018723 6.2594e-05
-18.538 0.00018832 6.2959e-05
-18.48 0.00013152 5.0248e-05
-18.422 0.00018962 6.3396e-05
-18.364 0.00018828 6.2946e-05
-18.306 0.00014642 5.3769e-05
-18.248 0.0002791 8.255e-05
-18.19 0.00027885 8.2476e-05
-18.132 0.00016079 5.7019e-05
-18.074 0.00014693 5.3957e-05
-18.016 0.0001927 6.4425e-05
-17.958 5.8739e-05 3.135e-05
-17.9 0.00017668 6.0737e-05
-17.841 0.00019255 6.4373e-05
-17.783 0.00029899 8.7094e-05
-17.725 0.00016367 5.8042e-05
-17.667 0.00020591 6.7128e-05
-17.609 0.00027018 8.1236e-05
-17.551 0.00026899 8.0879e-05
-17.493 0.00025452 7.7899e-05
-17.435 0.00026847 8.0722e-05
-17.377 0.00026942 8.1008e-05
-17.319 0.00021128 6.8877e-05
-17.261 0.00021064 6.867e-05
-17.203 0.00019497 6.5184e-05
-17.145 0.00024329 7.5909e-05
-17.087 0.00027094 8.1464e-05
-17.029 0.00019627 6.5619e-05
-16.971 0.00034485 9.6515e-05
-16.913 0.0001216 4.8616e-05
-16.855 0.00013739 5.2489e-05
-16.797 0.00018115 6.2276e-05
-16.739 0.00016524 5.8597e-05
-16.681 0.00018294 6.2891e-05
-16.623 0.00021196 6.9101e-05
-16.565 0.00030347 8.8398e-05
-16.507 0.00022846 7.279e-05
-16.449 0.00021269 6.9339e-05
-16.391 0.00026103 7.989e-05
-16.333 0.00024265 7.571e-05
-16.275 0.00019934 6.6646e-05
-16.217 0.0001535 5.6369e-05
-16.159 0.0003064 8.9251e-05
-16.101 0.00025935 7.9377e-05
-16.043 0.00029165 8.6262e-05
-15.985 0.00015321 5.626e-05
-15.927 0.00023175 7.384e-05
-15.869 0.00016965 6.0164e-05
-15.811 0.00039639 0.00010733
-15.753 0.00019938 6.6659e-05
-15.695 0.00020207 6.7556e-05
-15.637 0.00020084 6.7145e-05
-15.579 0.00021744 7.0885e-05
-15.521 0.00021545 7.0239e-05
-15.463 0.00026525 8.1182e-05
-15.405 0.00015542 5.7071e-05
-15.347 0.00024751 7.7225e-05
-15.289 0.00028009 8.4216e-05
-15.231 0.00015751 5.7842e-05
-15.173 0.00031301 9.1176e-05
-15.114 0.00026581 8.1353e-05
-15.056 0.00014017 5.3553e-05
-14.998 0.00018798 6.4622e-05
-14.94 0.00025236 7.8737e-05
-14.882 0.00018759 6.449e-05
-14.824 0.0002037 6.81e-05
-14.766 0.00020562 6.8743e-05
-14.708 0.00023491 7.4845e-05
-14.65 0.00023434 7.4664e-05
-14.592 0.00014206 5.4272e-05
-14.534 0.00017357 6.1551e-05
-14.476 0.0002059 6.8837e-05
-14.418 0.00031545 9.1888e-05
-14.36 0.00015737 5.779e-05
-14.302 0.0002221 7.2407e-05
-14.244 0.00029964 8.8625e-05
-14.186 0.00025047 7.8148e-05
-14.128 0.0003168 9.2281e-05
-14.07 0.00023767 7.5725e-05
-14.012 0.00020721 6.9276e-05
-13.954 0.00023614 7.5238e-05
-13.896 0.00011033 4.6508e-05
-13.838 0.00019249 6.6175e-05
-13.78 0.00020872 6.978e-05
-13.722 0.00033328 9.5709e-05
-13.664 0.00011256 4.745e-05
-13.606 0.00014463 5.5257e-05
-13.548 0.00025507 7.9585e-05
-13.49 0.00023808 7.5856e-05
-13.432 0.00016041 5.8907e-05
-13.374 0.00024193 7.7082e-05
-13.316 0.00017634 6.2535e-05
-13.258 0.00019213 6.6049e-05
-13.2 0.00027331 8.3649e-05
-13.142 9.6972e-05 4.3531e-05
-13.084 0.00025544 7.97e-05
-13.026 0.00012747 5.0966e-05
-12.968 0.00017666 6.2648e-05
-12.91 0.00024306 7.7443e-05
-12.852 0.00030575 9.0434e-05
-12.794 0.0001767 6.2663e-05
-12.736 0.00022668 7.39e-05
-12.678 0.00021073 7.0452e-05
-12.62 0.00038757 0.00010721
-12.562 0.00019282 6.6288e-05
-12.504 0.00024241 7.7237e-05
-12.446 0.00017996 6.3819e-05
-12.388 0.00017855 6.3318e-05
-12.329 0.00016089 5.9081e-05
-12.271 0.00021178 7.0804e-05
-12.213 0.00042381 0.00011475
-12.155 0.00012996 5.1959e-05
-12.097 0.00016251 5.9677e-05
-12.039 0.00017833 6.3242e-05
-11.981 0.00029435 8.8505e-05
-11.923 0.00029519 8.8757e-05
-11.865 0.00014505 5.5415e-05
-11.807 0.00027796 8.5073e-05
-11.749 0.00019695 6.7706e-05
-11.691 0.00024277 7.7349e-05
-11.633 0.00027707 8.48e-05
-11.575 0.00024318 7.7481e-05
-11.517 0.00024733 7.8804e-05
-11.459 0.00027606 8.449e-05
-11.401 0.00019591 6.7348e-05
-11.343 0.00026343 8.2192e-05
-11.285 0.00031255 9.2443e-05
-11.227 0.00027644 8.4609e-05
-11.169 0.00019553 6.7219e-05
-11.111 0.00014769 5.6425e-05
-11.053 0.00021359 7.1407e-05
-10.995 0.00023119 7.537e-05
-10.937 0.0002772 8.4841e-05
-10.879 0.00016485 6.0537e-05
-10.821 0.00026375 8.2293e-05
-10.763 0.00026341 8.2187e-05
-10.705 0.00019555 6.7226e-05
-10.647 0.00029784 8.9553e-05
-10.589 0.00021653 7.2392e-05
-10.531 0.00044474 0.00011924
-10.473 0.00024608 7.8404e-05
-10.415 0.00021556 7.2067e-05
-10.357 0.00026445 8.2512e-05
-10.299 0.00029611 8.9033e-05
-10.241 0.00034764 9.9833e-05
-10.183 0.00028015 8.5742e-05
-10.125 0.00033237 9.6817e-05
-10.067 0.00019959 6.8614e-05
-10.009 0.00036026 0.00010209
-9.9506 0.00028154 8.6168e-05
-9.8926 0.00023296 7.5945e-05
-9.8346 0.00030096 9.0492e-05
-9.7766 0.0002146 7.1746e-05
-9.7185 0.00021379 7.1476e-05
-9.6605 0.00023408 7.6312e-05
-9.6025 0.00024878 7.9265e-05
-9.5445 0.00023034 7.5091e-05
-9.4864 0.00026465 8.2572e-05
-9.4284 0.00026833 8.3721e-05
-9.3704 0.00023528 7.6702e-05
-9.3124 0.00036327 0.00010294
-9.2544 0.00023108 7.5334e-05
-9.1963 0.00018798 6.6661e-05
-9.1383 0.0002138 7.1477e-05
-9.0803 0.00024811 7.9053e-05
-9.0223 0.00028444 8.7056e-05
-8.9643 0.00023832 7.7693e-05
-8.9062 0.00021478 7.1805e-05
-8.8482 0.00015075 5.7595e-05
-8.7902 0.000266 8.2995e-05
-8.7322 0.00023598 7.6929e-05
-8.6742 0.00040398 0.00011175
-8.6161 0.00024989 7.962e-05
-8.5581 0.00030457 9.1575e-05
-8.5001 0.00026796 8.3607e-05
-8.4421 0.00028176 8.6235e-05
-8.384 0.00028511 8.7263e-05
-8.326 0.00034806 9.9952e-05
-8.268 0.00026766 8.3511e-05
-8.21 0.00031816 9.4103e-05
-8.152 0.00043383 0.00011746
-8.0939 0.00033283 9.6951e-05
-8.0359 0.00021897 7.3209e-05
-7.9779 0.0003348 9.7525e-05
-7.9199 0.00050231 0.00013116
-7.8619 0.00016643 6.1115e-05
-7.8038 0.00023679 7.7193e-05
-7.7458 0.0002672 8.3368e-05
-7.6878 0.00035236 0.00010119
-7.6298 0.00021843 7.3027e-05
-7.5718 0.00032259 9.5413e-05
-7.5137 0.00028701 8.7844e-05
-7.4557 0.00035219 0.00010114
-7.3977 0.00030465 9.1601e-05
-7.3397 0.00035797 0.0001028
-7.2816 0.00047695 0.0001267
-7.2236 0.00016553 6.0787e-05
-7.1656 0.00036072 0.00010359
-7.1076 0.00022286 7.4508e-05
-7.0496 0.00041847 0.00011449
-6.9915 0.00026957 8.4107e-05
-6.9335 0.00030847 9.2751e-05
-6.8755 0.00025024 7.9731e-05
-6.8175 0.00033938 9.8857e-05
-6.7595 0.00018511 6.5645e-05
-6.7014 0.00020165 6.9324e-05
-6.6434 0.00022444 7.5035e-05
-6.5854 0.00038249 0.00010705
-6.5274 0.00025531 8.1344e-05
-6.4694 0.00023114 7.5352e-05
-6.4113 0.00034573 0.00010071
-6.3533 0.00028783 8.8092e-05
-6.2953 0.00037195 0.0001054
-6.2373 0.00034762 9.9827e-05
-6.1792 0.00035006 0.00010197
-6.1212 0.00036611 0.00010375
-6.0632 0.00042071 0.0001151
-6.0052 0.00032588 9.6387e-05
-5.9472 0.00033903 9.8755e-05
-5.8891 0.00016993 6.2403e-05
-5.8311 0.00028811 8.8179e-05
-5.7731 0.00033266 9.6902e-05
-5.7151 0.00031686 9.5272e-05
-5.6571 0.00036477 0.00010337
-5.599 0.00035488 0.00010191
-5.541 0.00041513 0.00011483
-5.483 0.00035742 0.00010264
-5.425 0.00033506 9.7599e-05
-5.3669 0.00021736 7.2669e-05
-5.3089 0.00032714 9.6759e-05
-5.2509 0.0002925 8.9523e-05
-5.1929 0.00032944 9.5963e-05
-5.1349 0.00040731 0.00011267
-5.0768 0.00028666 8.7736e-05
-5.0188 0.00034581 0.00010073
-4.9608 0.00037096 0.00010512
-4.9028 0.00037028 0.00010493
-4.8448 0.00041192 0.00011394
-4.7867 0.00035117 0.00010085
-4.7287 0.00040529 0.00011211
-4.6707 0.00032496 9.6113e-05
-4.6127 0.00028351 8.6773e-05
-4.5547 0.00033684 9.8118e-05
-4.4966 0.00044607 0.00012078
-4.4386 0.00027375 8.5413e-05
-4.3806 0.00050434 0.00013169
-4.3226 0.00030414 9.1448e-05
-4.2645 0.00039505 0.00011056
-4.2065 0.00037505 0.00010628
-4.1485 0.00044293 0.00011993
-4.0905 0.00044129 0.00011948
-4.0325 0.00030484 9.1659e-05
-3.9744 0.00038972 0.00010907
-3.9164 0.00041068 0.0001136
-3.8584 0.00048342 0.00012842
-3.8004 0.00035297 0.00010136
-3.7424 0.00045262 0.00012136
-3.6843 0.00035761 0.0001027
-3.6263 0.00029361 8.9861e-05
-3.5683 0.00027612 8.6152e-05
-3.5103 0.00054628 0.00013944
-3.4523 0.00033175 9.6635e-05
-3.3942 0.00054478 0.00014113
-3.3362 0.00057092 0.00014573
-3.2782 0.00048784 0.00012738
-3.2202 0.00047301 0.00012682
-3.1621 0.00063945 0.00016003
-3.1041 0.00055115 0.00013972
-3.0461 0.00079056 0.00018886
-2.9881 0.00062929 0.00015748
-2.9301 0.00048366 0.00012629
-2.872 0.0004879 0.00013081
-2.814 0.00063594 0.00015641
-2.756 0.00032742 9.8448e-05
-2.698 0.00060065 0.00015031
-2.64 0.00048868 0.00012868
-2.5819 0.00063612 0.00015823
-2.5239 0.00047471 0.0001261
-2.4659 0.00070643 0.00017282
-2.4079 0.00045404 0.00012174
-2.3499 0.00069109 0.00016738
-2.2918 0.00068976 0.00017261
-2.2338 0.00074003 0.00017396
-2.1758 0.00065162 0.0001641
-2.1178 0.0008069 0.00018898
-2.0597 0.00051998 0.0001347
-2.0017 0.00073526 0.00018084
-1.9437 0.00056973 0.00014172
-1.8857 0.00053408 0.00013946
-1.8277 0.00076092 0.0001852
-1.7696 0.00077083 0.00017807
-1.7116 0.00076246 0.00018857
-1.6536 0.00072732 0.00017532
-1.5956 0.00085107 0.00019861
-1.5376 0.00088453 0.00020188
-1.4795 0.001075 0.00024834
-1.4215 0.001068 0.00024054
-1.3635 0.0010506 0.00023782
-1.3055 0.001386 0.00029561
-1.2475 0.0015413 0.00033484
-1.1894 0.0020624 0.00042568
-1.1314 0.00233 0.0004858
-1.0734 0.0029946 0.00060241
-1.0154 0.0036185 0.00071658
-0.95735 0.0046615 0.00091402
-0.89933 0.0049533 0.00096861
-0.84131 0.0061096 0.0011822
-0.78328 0.0060867 0.0011802
-0.72526 0.0072317 0.0013931
-0.66724 0.0078299 0.0015071
-0.60922 0.0084143 0.0016228
-0.5512 0.0083534 0.0016089
-0.49318 0.0085403 0.0016347
-0.43516 0.0094774 0.0018078
-0.37714 0.0088177 0.0016899
-0.31912 0.010012 0.0019178
-0.26109 0.0097025 0.0018703
-0.20307 0.0090299 0.0017238
-0.14505 0.0097394 0.0018604
-0.087032 0.0087265 0.0016818
-0.029011 0.0086357 0.0016548
0.029011 0.0079389 0.0015348
0.087032 0.0076891 0.0014773
0.14505 0.0061959 0.0011948
0.20307 0.0063585 0.0012464
0.26109 0.005362 0.0010493
0.31912 0.0045933 0.0009005
0.37714 0.0034263 0.00067709
0.43516 0.0028407 0.00056995
0.49318 0.0021973 0.00045813
0.5512 0.0017761 0.00038026
0.60922 0.0015728 0.00033629
0.66724 0.0013263 0.00028814
0.72526 0.0012556 0.00027613
0.78328 0.0010479 0.00023486
0.84131 0.00080029 0.00018885
0.89933 0.00087037 0.00020241
0.95735 0.00071766 0.00017072
1.0154 0.00065781 0.00016269
1.0734 0.00082886 0.00020075
1.1314 0.00064877 0.00015872
1.1894 0.00062961 0.00016071
1.2475 0.00072172 0.00016965
1.3055 0.00065687 0.00016246
1.3635 0.00080882 0.00019086
1.4215 0.00064014 0.00016458
1.4795 0.00068429 0.00016348
1.5376 0.00064589 0.00015974
1.5956 0.00052936 0.00013713
1.6536 0.00050631 0.00013852
1.7116 0.00065139 0.00015496
1.7696 0.00054968 0.00014474
1.8277 0.00049822 0.00013235
1.8857 0.00066945 0.00016064
1.9437 0.00070053 0.00017531
2.0017 0.00068176 0.00016594
2.0597 0.00055889 0.00014168
2.1178 0.00038344 0.00011169
2.1758 0.00054336 0.00013598
2.2338 0.00068137 0.00017159
2.2918 0.00047531 0.00012515
2.3499 0.00044924 0.00012164
2.4079 0.00037967 0.00010759
2.4659 0.00045633 0.00012356
2.5239 0.00040658 0.00011247
2.5819 0.00053835 0.00013946
2.64 0.0004983 0.00013012
2.698 0.00044388 0.00012278
2.756 0.0004226 0.00011442
2.814 0.00032737 9.8432e-05
2.872 0.00053908 0.0001376
2.9301 0.00059294 0.00015031
2.9881 0.00046276 0.0001253
3.0461 0.00037592 0.00010521
3.1041 0.0004307 0.00011914
3.1621 0.00060257 0.00015275
3.2202 0.00048868 0.0001276
3.2782 0.00066629 0.00016478
3.3362 0.00047952 0.00012857
3.3942 0.00052061 0.00013487
3.4523 0.00018434 6.5372e-05
3.5103 0.00042113 0.00011649
3.5683 0.00049135 0.00013052
3.6263 0.00028972 8.8671e-05
3.6843 0.00039014 0.00010919
3.7424 0.00017085 6.274e-05
3.8004 0.00029831 9.1301e-05
3.8584 0.00019201 6.809e-05
3.9164 0.00037804 0.00010713
3.9744 0.00030844 9.2739e-05
4.0325 0.00030897 9.29e-05
4.0905 0.00024161 7.8767e-05
4.1485 0.00041225 0.00011403
4.2065 0.00020814 7.1552e-05
4.2645 0.00037968 0.00010759
4.3226 0.00032233 9.5335e-05
4.3806 0.00032958 9.7482e-05
4.4386 0.00031426 9.4491e-05
4.4966 0.00039479 0.00011049
4.5547 0.00020381 7.0065e-05
4.6127 0.00036588 0.00010507
4.6707 0.00029029 8.8847e-05
4.7287 0.00037133 0.00010523
4.7867 0.00024443 7.9685e-05
4.8448 0.00032412 9.5865e-05
4.9028 0.00020671 7.1062e-05
4.9608 0.00026402 8.412e-05
5.0188 0.00025676 8.1808e-05
5.0768 0.00029463 9.0173e-05
5.1349 0.00033545 9.7714e-05
5.1929 0.00017564 6.4499e-05
5.2509 0.00031366 9.4309e-05
5.3089 0.00049727 0.00013094
5.3669 0.00022064 7.3767e-05
5.425 0.00043959 0.00012027
5.483 0.00026392 8.4089e-05
5.541 0.00023873 7.7828e-05
5.599 0.0003559 0.00010221
5.6571 0.00034295 0.00010143
5.7151 0.00027027 8.4327e-05
5.7731 0.00034497 0.00010049
5.8311 0.00012241 5.1603e-05
5.8891 0.00024108 7.8592e-05
5.9472 0.00024649 8.0356e-05
6.0052 0.00026044 8.2982e-05
6.0632 0.00028741 8.7964e-05
6.1212 0.00014364 5.7431e-05
6.1792 0.00022117 7.3941e-05
6.2373 0.00022582 7.5496e-05
6.2953 0.00034205 9.9637e-05
6.3533 0.00017847 6.5539e-05
6.4113 0.00025388 8.0889e-05
6.4694 0.00031443 9.4541e-05
6.5274 0.00025492 8.1223e-05
6.5854 0.00024936 8.1293e-05
6.6434 0.00034663 0.00010097
6.7014 0.00027542 8.5932e-05
6.7595 0.00029463 9.0176e-05
6.8175 0.00034003 9.9047e-05
6.8755 0.00036792 0.00010566
6.9335 0.00024052 7.8409e-05
6.9915 0.00029254 8.9535e-05
7.0496 0.00021115 7.2589e-05
7.1076 0.00026308 8.3822e-05
7.1656 0.00035861 0.00010298
7.2236 0.00034638 0.0001009
7.2816 0.00042014 0.00011622
7.3397 0.00035082 0.00010219
7.3977 0.00010225 4.59e-05
7.4557 0.00024228 7.8984e-05
7.5137 0.00036501 0.00010482
7.5718 0.00015666 5.9853e-05
7.6298 0.00022548 7.5384e-05
7.6878 0.00015611 5.9643e-05
7.7458 0.00018936 6.7152e-05
7.8038 0.00019001 6.7382e-05
7.8619 0.00022421 7.496e-05
7.9199 0.00036079 0.00010361
7.9779 0.00025826 8.2286e-05
8.0359 0.00016997 6.2415e-05
8.0939 0.00034048 9.9178e-05
8.152 0.00015618 5.9669e-05
8.21 0.00024155 7.8747e-05
8.268 0.00015431 5.8953e-05
8.326 0.00018887 6.6979e-05
8.384 0.00023906 7.7933e-05
8.4421 0.00032654 9.6581e-05
8.5001 0.00020938 7.198e-05
8.5581 0.00020301 6.9791e-05
8.6161 0.00024279 7.9151e-05
8.6742 0.00017359 6.3746e-05
8.7322 0.0002568 8.1819e-05
8.7902 0.00013747 5.4962e-05
8.8482 0.00035894 0.00010308
8.9062 0.00012277 5.1755e-05
8.9643 0.00015441 5.8992e-05
9.0223 0.0002055 7.0648e-05
9.0803 0.00023825 7.767e-05
9.1383 0.00022583 7.55e-05
9.1963 0.00015349 5.864e-05
9.2544 0.00032365 9.5728e-05
9.3124 0.00020688 7.112e-05
9.3704 0.00024124 7.8646e-05
9.4284 6.8313e-05 3.646e-05
9.4864 0.00011917 5.0238e-05
9.5445 0.00028927 8.8535e-05
9.6025 0.00022525 7.5306e-05
9.6605 0.00013649 5.4572e-05
9.7185 0.00023853 7.7763e-05
9.7766 0.00025951 8.2684e-05
9.8346 0.00018775 6.6581e-05
9.8926 0.00025675 8.1803e-05
9.9506 0.00022024 7.3632e-05
10.009 0.00018829 6.6773e-05
10.067 0.00013762 5.5021e-05
10.125 0.00017001 6.2432e-05
10.183 0.00023907 7.7937e-05
10.241 0.00025483 8.1193e-05
10.299 0.00015405 5.8856e-05
10.357 0.00020556 7.0667e-05
10.415 0.0001678 6.1618e-05
10.473 0.00016999 6.2423e-05
10.531 0.00029205 8.9385e-05
10.589 0.00022219 7.4282e-05
10.647 0.00020287 6.9741e-05
10.705 0.00015376 5.8746e-05
10.763 0.000222 7.4219e-05
10.821 0.0001531 5.849e-05
10.879 0.00026855 8.3791e-05
10.937 0.00017013 6.2477e-05
10.995 0.0001524 5.8225e-05
11.053 0.00020167 6.9331e-05
11.111 0.00013503 5.3988e-05
11.169 0.00022043 7.3696e-05
11.227 0.00018694 6.6295e-05
11.285 0.00016995 6.241e-05
11.343 0.00016847 6.1867e-05
11.401 0.00015145 5.7859e-05
11.459 0.00020465 7.0353e-05
11.517 0.00011806 4.977e-05
11.575 0.00018554 6.5796e-05
11.633 0.00020273 6.9694e-05
11.691 0.00032183 9.5189e-05
11.749 0.00015296 5.8439e-05
11.807 0.00018446 6.5413e-05
11.865 0.00020421 7.0203e-05
11.923 0.00017036 6.2561e-05
11.981 0.0001511 5.7726e-05
12.039 0.00025321 8.0678e-05
12.097 0.0001847 6.5499e-05
12.155 0.00022173 7.413e-05
12.213 0.00011785 4.9679e-05
12.271 0.00020067 6.8988e-05
12.329 0.00018612 6.6002e-05
12.388 0.00032096 9.493e-05
12.446 0.00021778 7.2808e-05
12.504 0.00024951 7.9498e-05
12.562 0.00016625 6.105e-05
12.62 0.00018484 6.555e-05
12.678 0.00018335 6.5021e-05
12.736 0.00031381 9.2816e-05
12.794 0.00016556 6.0798e-05
12.852 0.00015003 5.7319e-05
12.91 0.0002475 7.8858e-05
12.968 0.00031368 9.2779e-05
13.026 0.00021585 7.2164e-05
13.084 0.00014836 5.6681e-05
13.142 0.00021449 7.1711e-05
13.2 0.00019738 6.7856e-05
13.258 0.00023236 7.5749e-05
13.316 0.00016586 6.0906e-05
13.374 0.00011547 4.8678e-05
13.432 9.8239e-05 4.41e-05
13.49 0.0001319 5.2736e-05
13.548 0.00011574 4.8789e-05
13.606 0.00013174 5.267e-05
13.664 0.0001475 5.6353e-05
13.722 0.00013234 5.2911e-05
13.78 8.2589e-05 4.0024e-05
13.838 9.875e-05 4.4329e-05
13.896 0.00013206 5.2799e-05
13.954 0.00011495 4.8458e-05
14.012 0.00029711 8.9334e-05
14.07 8.2244e-05 3.9856e-05
14.128 0.00027803 8.5093e-05
14.186 0.0001478 5.6468e-05
14.244 0.00011489 4.8432e-05
14.302 0.00016392 6.0194e-05
14.36 0.00017898 6.3472e-05
14.418 8.1648e-05 3.9568e-05
14.476 0.00016241 5.9642e-05
14.534 0.00026074 8.1352e-05
14.592 0.0002442 7.7805e-05
14.65 0.00021235 7.0993e-05
14.708 9.904e-05 4.446e-05
14.766 0.0001803 6.3938e-05
14.824 0.00032259 9.3966e-05
14.882 6.5567e-05 3.4994e-05
14.94 0.00017956 6.3677e-05
14.998 0.00012912 5.1624e-05
15.056 0.00025571 7.9782e-05
15.114 8.125e-05 3.9375e-05
15.173 0.00021077 7.0465e-05
15.231 0.00019466 6.6919e-05
15.289 0.00014369 5.4895e-05
15.347 0.00021044 7.0357e-05
15.405 0.00017791 6.3093e-05
15.463 0.00014447 5.5196e-05
15.521 0.00020819 6.9604e-05
15.579 0.00017729 6.2872e-05
15.637 0.0002094 7.0009e-05
15.695 0.00019199 6.6004e-05
15.753 0.00025441 7.9378e-05
15.811 0.00020753 6.9382e-05
15.869 0.00020922 6.9948e-05
15.927 0.00020616 6.8923e-05
15.985 0.00019102 6.5669e-05
16.043 0.00020659 6.9069e-05
16.101 0.00012807 5.1203e-05
16.159 0.00020822 6.9614e-05
16.217 0.00015852 5.8212e-05
16.275 0.00022296 7.2686e-05
16.333 0.00019064 6.5539e-05
16.391 0.00015902 5.8394e-05
16.449 0.00017238 6.1129e-05
16.507 0.0002212 7.2113e-05
16.565 0.00023696 7.5501e-05
16.623 0.00014132 5.3992e-05
16.681 0.00020355 6.8052e-05
16.739 0.00015571 5.718e-05
16.797 9.4369e-05 4.2363e-05
16.855 0.00017155 6.0837e-05
16.913 0.00013906 5.3128e-05
16.971 0.00018709 6.4319e-05
17.029 0.00010974 4.626e-05
17.087 0.00027979 8.4127e-05
17.145 0.00010792 4.5494e-05
17.203 0.00024934 7.7796e-05
17.261 0.00017182 6.0931e-05
17.319 0.00010877 4.5853e-05
17.377 0.00015375 5.6461e-05
17.435 0.00026154 8.0048e-05
17.493 0.00020235 6.7652e-05
17.551 0.00015429 5.6659e-05
17.609 0.00015253 5.6013e-05
17.667 0.00018491 6.3567e-05
17.725 0.00018414 6.3304e-05
17.783 9.1968e-05 4.1285e-05
17.841 0.00018356 6.3105e-05
17.9 0.00021321 6.9507e-05
17.958 0.00013779 5.2642e-05
18.016 0.00019698 6.5854e-05
18.074 0.00015003 5.5094e-05
18.132 0.0002129 6.9406e-05
18.19 0.00031776 9.1252e-05
18.248 0.00015139 5.5592e-05
18.306 0.00017957 6.1732e-05
18.364 0.00027245 8.1918e-05
18.422 0.00018085 6.2173e-05
18.48 0.00012016 4.8041e-05
18.538 0.00010505 4.4285e-05
18.596 5.943e-05 3.1719e-05
18.654 0.00018062 6.2093e-05
18.712 7.5189e-05 3.6438e-05
18.77 0.00020834 6.792e-05
18.828 0.00013431 5.1311e-05
18.886 0.0002252 7.1751e-05
18.944 0.00025212 7.7165e-05
19.002 0.00017688 6.0809e-05
19.06 0.00011832 4.7306e-05
19.118 0.00016291 5.7774e-05
19.176 0.00014728 5.4084e-05
19.234 0.00013249 5.0616e-05
19.292 0.00013141 5.0203e-05
19.35 0.00010272 4.3303e-05
19.408 0.0002641 7.9409e-05
19.466 0.00014447 5.3054e-05
19.524 0.00020464 6.6715e-05
19.582 0.00021928 6.9866e-05
19.64 0.00014507 5.3272e-05
19.698 0.00015896 5.6371e-05
19.756 0.00020152 6.5698e-05
19.814 0.00019012 6.356e-05
19.872 0.00018678 6.2446e-05
19.93 0.00018668 6.2411e-05
19.988 0.00021535 6.8613e-05
20.046 0.00018622 6.2257e-05
20.104 0.0001857 6.2085e-05
20.162 0.00015602 5.5328e-05
20.22 0.00015783 5.597e-05
20.278 0.0002005 6.5362e-05
20.336 0.00021348 6.8017e-05
20.394 0.00022576 7.0438e-05
20.452 0.00021114 6.7273e-05
20.51 0.00022923 7.1523e-05
20.568 8.483e-05 3.8081e-05
20.626 0.00022241 6.9395e-05
20.685 0.00016609 5.7099e-05
20.743 0.00018133 6.0624e-05
20.801 0.0001255 4.7947e-05
20.859 0.00027601 8.0398e-05
20.917 0.00034663 9.4833e-05
20.975 0.00017891 5.9815e-05
21.033 0.00015224 5.3987e-05
21.091 0.00019105 6.2284e-05
21.149 0.0001233 4.7105e-05
21.207 0.00023375 7.1542e-05
21.265 0.00013667 5.0189e-05
21.323 0.00021631 6.749e-05
21.381 0.00021813 6.806e-05
21.439 0.00019116 6.232e-05
21.497 0.00020303 6.4687e-05
21.555 0.00014806 5.2505e-05
21.613 0.00014782 5.2419e-05
21.671 9.4123e-05 3.9678e-05
21.729 0.0001867 6.0864e-05
21.787 0.00016045 5.5158e-05
21.845 0.00026463 7.7085e-05
21.903 0.00018514 6.0356e-05
21.961 0.00015798 5.4309e-05
22.019 0.00010399 4.1577e-05
22.077 0.00014353 5.09e-05
22.135 0.00020851 6.5057e-05
22.193 0.00014161 5.0217e-05
22.251 0.00015374 5.2854e-05
22.309 0.00025933 7.554e-05
22.367 0.00023303 7.0066e-05
22.425 0.00019338 6.1614e-05
22.483 0.00021649 6.6259e-05
22.541 0.00019259 6.1364e-05
22.599 0.00014145 5.016e-05
22.657 7.6471e-05 3.4328e-05
22.715 0.00016371 5.4732e-05
22.773 0.00015252 5.2433e-05
22.831 0.00016558 5.5359e-05
22.889 0.00021289 6.5159e-05
22.947 0.00014904 5.1236e-05
23.005 0.00024966 7.2722e-05
23.063 8.7028e-05 3.6687e-05
23.121 0.00011176 4.2699e-05
23.179 0.00017204 5.6087e-05
23.237 0.00020874 6.3888e-05
23.295 0.00022002 6.6155e-05
23.353 0.0002182 6.5608e-05
23.412 0.00021851 6.5701e-05
23.47 0.00015674 5.2403e-05
23.528 9.6592e-05 3.8619e-05
23.586 0.00016756 5.4627e-05
23.644 0.00020288 6.2094e-05
23.702 0.00020275 6.2053e-05
23.76 0.00013023 4.6184e-05
23.818 0.00016454 5.3641e-05
23.876 0.00018673 5.826e-05
23.934 0.00018664 5.8234e-05
23.992 0.0001397 4.8024e-05
24.05 0.00023152 6.744e-05
24.108 0.00017171 5.4709e-05
24.166 0.00021822 6.4543e-05
24.224 0.0002286 6.6589e-05
24.282 0.00022667 6.6028e-05
24.34 0.00020226 6.0814e-05
24.398 0.00023699 6.8059e-05
24.456 0.00016878 5.3775e-05
24.514 0.00018896 5.7832e-05
24.572 0.00014345 4.7959e-05
24.63 0.00022124 6.4445e-05
24.688 0.00011018 4.046e-05
24.746 0.00013105 4.5051e-05
24.804 0.00025795 7.1354e-05
24.862 0.00016212 5.1653e-05
24.92 0.00023667 6.7067e-05
24.978 0.00015907 5.0681e-05
25.036 0.00018925 5.6901e-05
25.094 0.00017918 5.4839e-05
25.152 0.00016776 5.2341e-05
25.21 0.00013456 4.4985e-05
25.268 0.00013458 4.4994e-05
25.326 0.0001338 4.4731e-05
25.384 0.0001634 5.0983e-05
25.442 0.00017304 5.2962e-05
25.5 0.00015134 4.8218e-05
25.558 0.00022937 6.4194e-05
25.616 0.00025004 6.8407e-05
25.674 0.00016827 5.1501e-05
25.732 0.00021408 6.0666e-05
25.79 0.00018441 5.4544e-05
25.848 0.00019324 5.6289e-05
25.906 0.0001915 5.5781e-05
25.964 0.00017954 5.3103e-05
26.022 0.0001141 3.9226e-05
26.08 0.00024422 6.6124e-05
26.138 0.00010325 3.6614e-05
26.197 0.00023228 6.3549e-05
26.255 0.00022224 6.1476e-05
26.313 0.00020359 5.7692e-05
26.371 0.00016435 4.9416e-05
26.429 9.0435e-05 3.3209e-05
26.487 0.00020616 5.7699e-05
26.545 0.00011588 3.874e-05
26.603 0.00016681 4.9338e-05
26.661 0.00019861 5.5586e-05
26.719 0.00018147 5.2113e-05
26.777 0.0001628 4.8151e-05
26.835 0.0002199 5.9539e-05
26.893 0.00013306 4.1517e-05
26.951 0.00019064 5.3356e-05
27.009 6.5452e-05 2.6168e-05
27.067 8.066e-05 2.962e-05
27.125 0.00015112 4.4698e-05
27.183 0.00020965 5.6212e-05
27.241 0.00019277 5.2739e-05
27.299 0.00014459 4.2767e-05
27.357 0.00021661 5.7037e-05
27.415 0.00015657 4.4963e-05
27.473 0.00014036 4.1513e-05
27.531 0.00014575 4.2454e-05
27.589 0.00021599 5.64e-05
27.647 0.00018405 4.9832e-05
27.705 0.00015305 4.3372e-05
27.763 0.00012261 3.6865e-05
27.821 0.00018672 4.96e-05
27.879 0.00017626 4.726e-05
27.937 0.00019928 5.1624e-05
27.995 0.00015707 4.2973e-05
28.053 0.00017202 4.5694e-05
28.111 0.00012795 3.6744e-05
28.169 0.00018417 4.7709e-05
28.227 0.00014591 3.9919e-05
28.285 0.00011997 3.4451e-05
28.343 0.0001445 3.9125e-05
28.401 0.00019214 4.8387e-05
28.459 0.00020092 4.9691e-05
28.517 0.00011849 3.3162e-05
28.575 0.00012477 3.4136e-05
28.633 0.00016215 4.1104e-05
28.691 0.00015405 3.9052e-05
28.749 0.000197 4.6863e-05
28.807 0.00019076 4.5378e-05
28.865 0.00017438 4.2035e-05
28.924 0.00016728 4.0323e-05
28.982 0.00014681 3.5916e-05
29.04 0.00019655 4.4989e-05
29.098 0.0001743 4.0139e-05
29.156 0.00016676 3.806e-05
29.214 0.0002036 4.4232e-05
29.272 0.00019004 4.0743e-05
29.33 0.00015007 3.245e-05
29.388 0.00018071 3.6441e-05
29.446 0.00015217 3.1386e-05
29.504 0 1
29.562 0 1
29.62 0 1
29.678 0 1
