-29.678 0 1
-29.62 0 1
-29.562 0 1
-29.504 0.0002803 5.4002e-05
-29.446 0.0003079 5.9018e-05
-29.388 0.00027507 5.3849e-05
-29.33 0.00027762 5.4774e-05
-29.272 0.00023548 4.7344e-05
-29.214 0.00026322 5.3022e-05
-29.156 0.00029722 5.9824e-05
-29.098 0.00026508 5.414e-05
-29.04 0.00027311 5.5938e-05
-28.982 0.00031457 6.395e-05
-28.924 0.00027718 5.7127e-05
-28.865 0.0002562 5.3392e-05
-28.807 0.0003101 6.3745e-05
-28.749 0.0003042 6.2912e-05
-28.691 0.00027486 5.7687e-05
-28.633 0.00027788 5.8489e-05
-28.575 0.00030029 6.2851e-05
-28.517 0.00027301 5.7888e-05
-28.459 0.00024611 5.3045e-05
-28.401 0.0002856 6.0624e-05
-28.343 0.00029927 6.3386e-05
-28.285 0.00026718 5.7584e-05
-28.227 0.00025852 5.6051e-05
-28.169 0.00028365 6.0965e-05
-28.111 0.00027883 6.0096e-05
-28.053 0.0002822 6.091e-05
-27.995 0.00024083 5.3227e-05
-27.937 0.0002226 4.983e-05
-27.879 0.00028583 6.1971e-05
-27.821 0.00030265 6.5324e-05
-27.763 0.00027682 6.0613e-05
-27.705 0.00022179 5.026e-05
-27.647 0.00023411 5.2781e-05
-27.589 0.00028164 6.1892e-05
-27.531 0.00024284 5.475e-05
-27.473 0.00022014 5.0441e-05
-27.415 0.00025438 5.7075e-05
-27.357 0.00028837 6.361e-05
-27.299 0.00023292 5.3216e-05
-27.241 0.00027377 6.101e-05
-27.183 0.00027763 6.187e-05
-27.125 0.00031127 6.8403e-05
-27.067 0.00030743 6.7813e-05
-27.009 0.0003271 7.1624e-05
-26.951 0.0002753 6.1918e-05
-26.893 0.00030654 6.8024e-05
-26.835 0.00027997 6.3122e-05
-26.777 0.00032723 7.218e-05
-26.719 0.00030669 6.8346e-05
-26.661 0.000265 6.0546e-05
-26.603 0.00030619 6.8542e-05
-26.545 0.00023722 5.5413e-05
-26.487 0.00027749 6.3221e-05
-26.429 0.00032303 7.1989e-05
-26.371 0.00025829 5.973e-05
-26.313 0.00025501 5.9164e-05
-26.255 0.0002354 5.5389e-05
-26.197 0.0002608 6.031e-05
-26.138 0.00031245 7.0272e-05
-26.08 0.00034441 7.6427e-05
-26.022 0.00030005 6.7994e-05
-25.964 0.00031792 7.1502e-05
-25.906 0.00024812 5.8382e-05
-25.848 0.00018259 4.5734e-05
-25.79 0.00027568 6.375e-05
-25.732 0.0003186 7.2012e-05
-25.674 0.00031182 7.085e-05
-25.616 0.00023967 5.7068e-05
-25.558 0.0001882 4.7139e-05
-25.5 0.00026477 6.2071e-05
-25.442 0.00023401 5.6205e-05
-25.384 0.00029839 6.8575e-05
-25.326 0.00024597 5.8568e-05
-25.268 0.00024258 5.8006e-05
-25.21 0.00023479 5.665e-05
-25.152 0.00020772 5.1418e-05
-25.094 0.00029562 6.8361e-05
-25.036 0.00024281 5.8319e-05
-24.978 0.00026556 6.2725e-05
-24.92 0.00030056 6.9504e-05
-24.862 0.00027887 6.5377e-05
-24.804 0.00024334 5.8711e-05
-24.746 0.00026724 6.3374e-05
-24.688 0.00028961 6.765e-05
-24.63 0.00027912 6.5677e-05
-24.572 0.00027091 6.4244e-05
-24.514 0.00030274 7.0474e-05
-24.456 0.00027501 6.5216e-05
-24.398 0.00026363 6.3041e-05
-24.34 0.00034303 7.8374e-05
-24.282 0.00027876 6.6104e-05
-24.224 0.00028421 6.7132e-05
-24.166 0.00026206 6.2941e-05
-24.108 0.0002408 5.8962e-05
-24.05 0.00023669 5.8265e-05
-23.992 0.00029244 6.9075e-05
-23.934 0.00025385 6.1537e-05
-23.876 0.00025035 6.0989e-05
-23.818 0.00029478 6.9627e-05
-23.76 0.00025952 6.2913e-05
-23.702 0.00028377 6.757e-05
-23.644 0.00029195 6.9232e-05
-23.586 0.00026238 6.3605e-05
-23.528 0.00028024 6.7013e-05
-23.47 0.00028181 6.7388e-05
-23.412 0.00021887 5.5165e-05
-23.353 0.00027195 6.5616e-05
-23.295 0.00029669 7.0357e-05
-23.237 0.00035968 8.2416e-05
-23.179 0.00031689 7.429e-05
-23.121 0.00030116 7.1417e-05
-23.063 0.00034409 7.9571e-05
-23.005 0.00036206 8.2959e-05
-22.947 0.00017302 4.6424e-05
-22.889 0.00016224 4.4419e-05
-22.831 0.00023324 5.842e-05
-22.773 0.00026382 6.4271e-05
-22.715 0.00022305 5.6591e-05
-22.657 0.00030319 7.2192e-05
-22.599 0.0002754 6.6763e-05
-22.541 0.00034004 7.9157e-05
-22.483 0.00037797 8.6606e-05
-22.425 0.00021954 5.6085e-05
-22.367 0.00025303 6.2633e-05
-22.309 0.00025292 6.2607e-05
-22.251 0.00022255 5.6853e-05
-22.193 0.00032407 7.6546e-05
-22.135 0.00028331 6.8681e-05
-22.077 0.00024295 6.0853e-05
-22.019 0.00029232 7.053e-05
-21.961 0.00022623 5.7793e-05
-21.903 0.00025262 6.2894e-05
-21.845 0.00028169 6.8623e-05
-21.787 0.00029512 7.1206e-05
-21.729 0.00025691 6.3963e-05
-21.671 0.00020039 5.2807e-05
-21.613 0.00026983 6.6424e-05
-21.555 0.0002779 6.8048e-05
-21.497 0.00029514 7.1547e-05
-21.439 0.00028872 7.0336e-05
-21.381 0.00025722 6.4039e-05
-21.323 0.00028889 7.0379e-05
-21.265 0.00033239 7.8823e-05
-21.207 0.00034551 8.1298e-05
-21.149 0.00029493 7.1497e-05
-21.091 0.00021956 5.6924e-05
-21.033 0.00024234 6.1484e-05
-20.975 0.00022129 5.7373e-05
-20.917 0.0003201 7.6544e-05
-20.859 0.00021454 5.6066e-05
-20.801 0.00030886 7.452e-05
-20.743 0.00024379 6.1853e-05
-20.685 0.00028696 7.0266e-05
-20.626 0.00025987 6.5089e-05
-20.568 0.00029767 7.2518e-05
-20.51 0.00023817 6.0843e-05
-20.452 0.00037663 8.7675e-05
-20.394 0.00034055 8.0758e-05
-20.336 0.00034491 8.179e-05
-20.278 0.00028554 7.0291e-05
-20.22 0.00034942 8.2535e-05
-20.162 0.00032269 7.7503e-05
-20.104 0.00023578 6.0669e-05
-20.046 0.00023684 6.0941e-05
-19.988 0.00032437 7.7906e-05
-19.93 0.00015495 4.4527e-05
-19.872 0.00035065 8.3152e-05
-19.814 0.0002301 5.9655e-05
-19.756 0.00032617 7.8338e-05
-19.698 0.0002238 5.8484e-05
-19.64 0.00029395 7.2361e-05
-19.582 0.00020276 5.4406e-05
-19.524 0.00028279 7.0001e-05
-19.466 0.00027828 6.9282e-05
-19.408 0.00029407 7.2391e-05
-19.35 0.00023436 6.0761e-05
-19.292 0.00025589 6.4921e-05
-19.234 0.00032489 7.8387e-05
-19.176 0.00025229 6.4451e-05
-19.118 0.00023522 6.0982e-05
-19.06 0.00027124 6.7937e-05
-19.002 0.0002896 7.1685e-05
-18.944 0.00034438 8.2349e-05
-18.886 0.00019928 5.3998e-05
-18.828 0.00026601 6.7047e-05
-18.77 0.00028386 7.0672e-05
-18.712 0.00023845 6.182e-05
-18.654 0.00016034 4.6075e-05
-18.596 0.00025224 6.4439e-05
-18.538 0.00029365 7.2689e-05
-18.48 0.00033298 8.034e-05
-18.422 0.00023261 6.0788e-05
-18.364 0.00029175 7.2217e-05
-18.306 0.00020103 5.4472e-05
-18.248 0.00026525 6.7298e-05
-18.19 0.00028219 7.068e-05
-18.132 0.00025672 6.5583e-05
-18.074 0.00026581 6.744e-05
-18.016 0.00025361 6.5257e-05
-17.958 0.00027496 6.9304e-05
-17.9 0.00029008 7.222e-05
-17.841 0.0002125 5.7017e-05
-17.783 0.00023692 6.1914e-05
-17.725 0.00038623 9.088e-05
-17.667 0.0002043 5.5358e-05
-17.609 0.00023901 6.246e-05
-17.551 0.00036675 8.7327e-05
-17.493 0.0002759 6.954e-05
-17.435 0.00019924 5.4549e-05
-17.377 0.00031717 7.7664e-05
-17.319 0.00025536 6.5706e-05
-17.261 0.00038718 9.1454e-05
-17.203 0.00025353 6.5235e-05
-17.145 0.00027247 6.9128e-05
-17.087 0.00024978 6.4757e-05
-17.029 0.00032175 7.8784e-05
-16.971 0.00015135 4.4792e-05
-16.913 0.00022525 5.9882e-05
-16.855 0.00032453 7.9465e-05
-16.797 0.00028958 7.2532e-05
-16.739 0.00026447 6.7562e-05
-16.681 0.00021005 5.6917e-05
-16.623 0.00023429 6.174e-05
-16.565 0.00023516 6.197e-05
-16.507 0.00022698 6.0342e-05
-16.449 0.00020981 5.6851e-05
-16.391 0.00027879 7.0733e-05
-16.333 0.000283 7.1331e-05
-16.275 0.00029898 7.4435e-05
-16.217 0.00023572 6.2115e-05
-16.159 0.0002619 6.7388e-05
-16.101 0.00026754 6.8348e-05
-16.043 0.00030189 7.5162e-05
-15.985 0.00029267 7.3304e-05
-15.927 0.00034712 8.4149e-05
-15.869 0.00032001 7.8778e-05
-15.811 0.00030858 7.6385e-05
-15.753 0.00022166 5.9476e-05
-15.695 0.00032827 8.0381e-05
-15.637 0.00033594 8.184e-05
-15.579 0.0003779 8.9982e-05
-15.521 0.00019783 5.4761e-05
-15.463 0.00027255 6.9628e-05
-15.405 0.00035705 8.6149e-05
-15.347 0.00020636 5.6497e-05
-15.289 0.00030754 7.6568e-05
-15.231 0.00028474 7.2243e-05
-15.173 0.00038974 9.2422e-05
-15.114 0.00024788 6.4777e-05
-15.056 0.00024936 6.5166e-05
-14.998 0.00031898 7.896e-05
-14.94 0.00023337 6.2041e-05
-14.882 0.00022376 6.0039e-05
-14.824 0.00030082 7.5347e-05
-14.766 0.0002103 5.7576e-05
-14.708 0.00034099 8.3072e-05
-14.65 0.00030593 7.6166e-05
-14.592 0.00020894 5.7204e-05
-14.534 0.00032686 8.0464e-05
-14.476 0.00024361 6.4194e-05
-14.418 0.00023991 6.322e-05
-14.36 0.00022626 6.0709e-05
-14.302 0.00032913 8.1021e-05
-14.244 0.00034262 8.3469e-05
-14.186 0.00030236 7.5732e-05
-14.128 0.00026956 6.936e-05
-14.07 0.00028886 7.3288e-05
-14.012 0.00029542 7.4462e-05
-13.954 0.00026945 6.9333e-05
-13.896 0.00026146 6.7786e-05
-13.838 0.00029771 7.5038e-05
-13.78 0.00033107 8.1499e-05
-13.722 0.00026998 6.9468e-05
-13.664 0.00026453 6.8583e-05
-13.606 0.00027329 7.032e-05
-13.548 0.00031243 7.7784e-05
-13.49 0.00035578 8.6248e-05
-13.432 0.00033296 8.1964e-05
-13.374 0.00024801 6.5355e-05
-13.316 0.00027294 7.023e-05
-13.258 0.00027974 7.1464e-05
-13.2 0.00035029 8.5336e-05
-13.142 0.00038595 9.229e-05
-13.084 0.00032229 7.9779e-05
-13.026 0.00026401 6.8447e-05
-12.968 0.0001784 5.1265e-05
-12.91 0.00035278 8.5943e-05
-12.852 0.00027159 6.9883e-05
-12.794 0.00024798 6.5348e-05
-12.736 0.00030172 7.6048e-05
-12.678 0.00023236 6.2347e-05
-12.62 0.00030013 7.5649e-05
-12.562 0.00026489 6.8677e-05
-12.504 0.00029879 7.5311e-05
-12.446 0.00025162 6.6306e-05
-12.388 0.00029194 7.4068e-05
-12.329 0.00024896 6.5605e-05
-12.271 0.00030229 7.6192e-05
-12.213 0.00031305 7.841e-05
-12.155 0.00024843 6.5465e-05
-12.097 0.00036301 8.8002e-05
-12.039 0.00025833 6.7508e-05
-11.981 0.00026926 6.9808e-05
-11.923 0.00034745 8.5079e-05
-11.865 0.00025832 6.7505e-05
-11.807 0.00018341 5.2706e-05
-11.749 0.00032126 7.9983e-05
-11.691 0.00035998 8.7268e-05
-11.633 0.00037119 8.9559e-05
-11.575 0.00024267 6.4513e-05
-11.517 0.00032193 8.0151e-05
-11.459 0.00024161 6.4231e-05
-11.401 0.00033068 8.1855e-05
-11.343 0.00033828 8.3273e-05
-11.285 0.00035863 8.7368e-05
-11.227 0.00035717 8.7012e-05
-11.169 0.00026885 6.9703e-05
-11.111 0.00022722 6.1568e-05
-11.053 0.00028031 7.2126e-05
-10.995 0.00034978 8.5649e-05
-10.937 0.00024223 6.4396e-05
-10.879 0.00028698 7.3312e-05
-10.821 0.00028168 7.248e-05
-10.763 0.00032374 8.0601e-05
-10.705 0.00030416 7.6663e-05
-10.647 0.00031478 7.8843e-05
-10.589 0.00033538 8.3018e-05
-10.531 0.00028987 7.405e-05
-10.473 0.0002339 6.2761e-05
-10.415 0.00027333 7.0863e-05
-10.357 0.00028179 7.2508e-05
-10.299 0.00033046 8.1801e-05
-10.241 0.00040624 9.6731e-05
-10.183 0.00036655 8.8859e-05
-10.125 0.00015937 4.7947e-05
-10.067 0.0003531 8.6461e-05
-10.009 0.00033169 8.2105e-05
-9.9506 0.00025461 6.7093e-05
-9.8926 0.0003068 7.7329e-05
-9.8346 0.00027434 7.1125e-05
-9.7766 0.00031598 7.9143e-05
-9.7185 0.00034924 8.5517e-05
-9.6605 0.00029511 7.539e-05
-9.6025 0.00027298 7.0772e-05
-9.5445 0.00032477 8.0857e-05
-9.4864 0.0002823 7.2638e-05
-9.4284 0.0003816 9.207e-05
-9.3704 0.00033684 8.3379e-05
-9.3124 0.0004201 9.9229e-05
-9.2544 0.00031632 7.9229e-05
-9.1963 0.00023443 6.3522e-05
-9.1383 0.00027204 7.053e-05
-9.0803 0.00045231 0.00010566
-9.0223 0.00031033 7.8219e-05
-8.9643 0.00033316 8.2946e-05
-8.9062 0.00043734 0.00010253
-8.8482 0.00045358 0.00010595
-8.7902 0.00030885 7.7846e-05
-8.7322 0.0003054 7.7485e-05
-8.6742 0.00046235 0.00010763
-8.6161 0.00035136 8.6034e-05
-8.5581 0.00034088 8.4379e-05
-8.5001 0.00034493 8.4911e-05
-8.4421 0.00025483 6.7152e-05
-8.384 0.00032004 8.016e-05
-8.326 0.00032665 8.1325e-05
-8.268 0.00037365 9.0581e-05
-8.21 0.00042116 9.9873e-05
-8.152 0.00024666 6.5573e-05
-8.0939 0.00031778 7.9595e-05
-8.0359 0.00032105 8.0414e-05
-7.9779 0.00049871 0.00011461
-7.9199 0.00040092 9.5871e-05
-7.8619 0.00033637 8.3264e-05
-7.8038 0.00034158 8.4553e-05
-7.7458 0.00033762 8.3573e-05
-7.6878 0.00039226 9.4212e-05
-7.6298 0.00039429 9.4699e-05
-7.5718 0.00029854 7.6266e-05
-7.5137 0.0003396 8.4063e-05
-7.4557 0.0003286 8.181e-05
-7.3977 0.00034371 8.5081e-05
-7.3397 0.00042553 0.00010091
-7.2816 0.00041465 9.8732e-05
-7.2236 0.00044995 0.00010511
-7.1656 0.00038344 9.2955e-05
-7.1076 0.00040075 9.6251e-05
-7.0496 0.00032881 8.1864e-05
-6.9915 0.00034108 8.4429e-05
-6.9335 0.00038789 9.3588e-05
-6.8755 0.00025871 6.8175e-05
-6.8175 0.0003791 9.1901e-05
-6.7595 0.00043041 0.00010166
-6.7014 0.00031114 7.8422e-05
-6.6434 0.00044354 0.00010477
-6.5854 0.00043304 0.00010189
-6.5274 0.00047276 0.00011005
-6.4694 0.00042227 9.974e-05
-6.4113 0.00031487 7.9886e-05
-6.3533 0.00036651 8.9288e-05
-6.2953 0.00039737 9.5439e-05
-6.2373 0.00042054 9.9331e-05
-6.1792 0.00040899 9.8231e-05
-6.1212 0.00044943 0.00010498
-6.0632 0.0003258 8.1603e-05
-6.0052 0.00040164 9.6466e-05
-5.9472 0.00033167 8.2574e-05
-5.8891 0.00041663 9.9205e-05
-5.8311 0.00042468 0.00010071
-5.7731 0.00037004 8.9704e-05
-5.7151 0.00043926 0.00010417
-5.6571 0.00038539 9.2563e-05
-5.599 0.00049256 0.00011355
-5.541 0.00056379 0.00012776
-5.483 0.00033454 8.3291e-05
-5.425 0.00055054 0.00012444
-5.3669 0.00049158 0.00011332
-5.3089 0.00041026 9.8103e-05
-5.2509 0.00045642 0.000107
-5.1929 0.00044756 0.00010455
-5.1349 0.00061422 0.00013688
-5.0768 0.00067044 0.00014733
-5.0188 0.00037057 9.0739e-05
-4.9608 0.0003603 8.8224e-05
-4.9028 0.00053311 0.00012113
-4.8448 0.00046566 0.00010878
-4.7867 0.00043487 0.00010233
-4.7287 0.000529 0.00012052
-4.6707 0.00038377 9.3034e-05
-4.6127 0.00036379 8.8624e-05
-4.5547 0.00048327 0.00011176
-4.4966 0.00049084 0.00011351
-4.4386 0.00047312 0.00011014
-4.3806 0.00058754 0.00013152
-4.3226 0.00053788 0.00012221
-4.2645 0.00038258 9.2746e-05
-4.2065 0.00059505 0.0001332
-4.1485 0.0005385 0.00012235
-4.0905 0.00051263 0.00011746
-4.0325 0.00071187 0.00015534
-3.9744 0.00040507 9.6863e-05
-3.9164 0.00068163 0.00014979
-3.8584 0.00043334 0.00010276
-3.8004 0.00057529 0.00012939
-3.7424 0.00049954 0.0001148
-3.6843 0.00070073 0.00015317
-3.6263 0.00060858 0.00013623
-3.5683 0.00057279 0.00012946
-3.5103 0.00054794 0.00012385
-3.4523 0.00078116 0.00016813
-3.3942 0.0006952 0.00015277
-3.3362 0.00065324 0.00014466
-3.2782 0.00066649 0.00014594
-3.2202 0.00070285 0.00015417
-3.1621 0.00081046 0.00017493
-3.1041 0.00059856 0.0001331
-3.0461 0.00089236 0.00019008
-2.9881 0.00089031 0.00018965
-2.9301 0.00078783 0.00016865
-2.872 0.00076755 0.00016721
-2.814 0.00082402 0.00017553
-2.756 0.00085604 0.00018424
-2.698 0.0010014 0.0002096
-2.64 0.00092829 0.00019619
-2.5819 0.00088852 0.00018904
-2.5239 0.0010492 0.00021922
-2.4659 0.00089915 0.00019153
-2.4079 0.0010548 0.00021982
-2.3499 0.0010418 0.00021693
-2.2918 0.0011938 0.000249
-2.2338 0.0012549 0.00025523
-2.1758 0.0013032 0.00026894
-2.1178 0.0012304 0.00025215
-2.0597 0.0012745 0.00026104
-2.0017 0.0012746 0.0002638
-1.9437 0.0013057 0.00026518
-1.8857 0.0014803 0.00030094
-1.8277 0.0016614 0.0003359
-1.7696 0.0016747 0.00033277
-1.7116 0.0019521 0.00039263
-1.6536 0.0017579 0.00035184
-1.5956 0.0017977 0.00035902
-1.5376 0.0020702 0.0004082
-1.4795 0.0023029 0.00045784
-1.4215 0.002688 0.00052606
-1.3635 0.002926 0.000571
-1.3055 0.0033903 0.00065448
-1.2475 0.0040738 0.00078818
-1.1894 0.0051064 0.00097721
-1.1314 0.0061255 0.0011734
-1.0734 0.0070157 0.0013355
-1.0154 0.008446 0.0016013
-0.95735 0.0093744 0.0017763
-0.89933 0.011514 0.0021766
-0.84131 0.012927 0.0024394
-0.78328 0.014534 0.002741
-0.72526 0.016886 0.0031806
-0.66724 0.017999 0.0033896
-0.60922 0.018299 0.0034492
-0.5512 0.020253 0.0038134
-0.49318 0.020391 0.0038341
-0.43516 0.021514 0.0040432
-0.37714 0.021878 0.004114
-0.31912 0.021831 0.0041079
-0.26109 0.020842 0.0039285
-0.20307 0.020587 0.0038695
-0.14505 0.020586 0.0038716
-0.087032 0.018828 0.0035484
-0.029011 0.019039 0.0035825
0.029011 0.015647 0.0029539
0.087032 0.015931 0.0030012
0.14505 0.012452 0.0023487
0.20307 0.011855 0.0022486
0.26109 0.010726 0.0020314
0.31912 0.0084871 0.0016101
0.37714 0.0071331 0.0013541
0.43516 0.0056137 0.0010711
0.49318 0.0043937 0.00084802
0.5512 0.0041601 0.00080528
0.60922 0.0034011 0.00065983
0.66724 0.0027175 0.00053074
0.72526 0.0025346 0.00049734
0.78328 0.0020537 0.00040613
0.84131 0.0020231 0.00040119
0.89933 0.0020244 0.00040174
0.95735 0.0018201 0.00036175
1.0154 0.0016721 0.0003363
1.0734 0.001617 0.00032921
1.1314 0.0015286 0.00030791
1.1894 0.0014095 0.00028921
1.2475 0.0012465 0.00025292
1.3055 0.0012697 0.00026102
1.3635 0.0011535 0.00023855
1.4215 0.0012245 0.00025584
1.4795 0.0012244 0.00024954
1.5376 0.0010438 0.0002179
1.5956 0.0010129 0.00021201
1.6536 0.0010029 0.00021442
1.7116 0.0010447 0.00021463
1.7696 0.0007615 0.00016734
1.8277 0.00088277 0.00018874
1.8857 0.00077721 0.00016556
1.9437 0.00086667 0.00018762
2.0017 0.00086489 0.0001838
2.0597 0.00064359 0.00014169
2.1178 0.00071181 0.00015796
2.1758 0.00080366 0.0001704
2.2338 0.00079019 0.00017333
2.2918 0.00065428 0.00014378
2.3499 0.00054005 0.00012304
2.4079 0.00071725 0.00015678
2.4659 0.00042878 0.0001021
2.5239 0.00063815 0.00014132
2.5819 0.00070119 0.00015381
2.64 0.00057934 0.00012969
2.698 0.00057068 0.00013039
2.756 0.00059235 0.00013201
2.814 0.00062337 0.0001402
2.872 0.00052966 0.00012003
2.9301 0.00056487 0.000128
2.9881 0.00049029 0.00011413
3.0461 0.00048769 0.00011208
3.1041 0.00048437 0.00011315
3.1621 0.0005601 0.00012726
3.2202 0.00040011 9.527e-05
3.2782 0.0004187 0.00010012
3.3362 0.00049766 0.00011546
3.3942 0.00047868 0.00011106
3.4523 0.00048763 0.00011241
3.5103 0.00048446 0.00011278
3.5683 0.00051967 0.00011943
3.6263 0.00038214 9.2638e-05
3.6843 0.00047717 0.00011071
3.7424 0.00041072 9.8213e-05
3.8004 0.00038498 9.3787e-05
3.8584 0.00028547 7.4011e-05
3.9164 0.00035653 8.7766e-05
3.9744 0.00047394 0.00011033
4.0325 0.00052807 0.00012065
4.0905 0.0003676 9.0011e-05
4.1485 0.00045998 0.00010783
4.2065 0.00034303 8.5405e-05
4.2645 0.00034719 8.5941e-05
4.3226 0.00045165 0.00010588
4.3806 0.00045347 0.0001067
4.4386 0.00044491 0.00010509
4.4966 0.0004216 0.00010039
4.5547 0.00030545 7.7495e-05
4.6127 0.00036343 8.9466e-05
4.6707 0.00041989 9.9981e-05
4.7287 0.00030438 7.7224e-05
4.7867 0.00035163 8.7042e-05
4.8448 0.00041578 9.9001e-05
4.9028 0.00029135 7.4967e-05
4.9608 0.00028956 7.5072e-05
5.0188 0.00044481 0.00010466
5.0768 0.00035572 8.7567e-05
5.1349 0.0003015 7.6494e-05
5.1929 0.00029785 7.664e-05
5.2509 0.00037054 9.0731e-05
5.3089 0.00040871 9.7733e-05
5.3669 0.00023449 6.3538e-05
5.425 0.00030612 7.8203e-05
5.483 0.00036569 9.0022e-05
5.541 0.00031051 7.878e-05
5.599 0.00030332 7.6956e-05
5.6571 0.00032631 8.2789e-05
5.7151 0.00027931 7.2414e-05
5.7731 0.00034909 8.6412e-05
5.8311 0.00031734 8.0512e-05
5.8891 0.00031915 8.0441e-05
5.9472 0.00030007 7.7211e-05
6.0052 0.00034989 8.6611e-05
6.0632 0.00026903 7.0305e-05
6.1212 0.00034214 8.5696e-05
6.1792 0.00024407 6.549e-05
6.2373 0.00030522 7.7972e-05
6.2953 0.00029064 7.4785e-05
6.3533 0.0003224 8.1796e-05
6.4113 0.00035044 8.6267e-05
6.4694 0.00028942 7.5036e-05
6.5274 0.00026965 7.0468e-05
6.5854 0.00030359 7.8117e-05
6.6434 0.00029452 7.5783e-05
6.7014 0.0002738 7.155e-05
6.7595 0.00021408 5.9956e-05
6.8175 0.00025527 6.7863e-05
6.8755 0.00026869 7.0805e-05
6.9335 0.00029501 7.5909e-05
6.9915 0.00028193 7.3094e-05
7.0496 0.00026208 6.9673e-05
7.1076 0.00036436 8.9695e-05
7.1656 0.00023586 6.3909e-05
7.2236 0.00023885 6.4718e-05
7.2816 0.0003161 8.0199e-05
7.3397 0.00016671 5.0156e-05
7.3977 0.00023605 6.396e-05
7.4557 0.00032058 8.0802e-05
7.5137 0.00024134 6.5395e-05
7.5718 0.00024838 6.6645e-05
7.6298 0.00022934 6.279e-05
7.6878 0.00030095 7.6882e-05
7.7458 0.00021168 5.9284e-05
7.8038 0.00029132 7.4959e-05
7.8619 0.00019229 5.5257e-05
7.9199 0.00024658 6.6162e-05
7.9779 0.00018387 5.3593e-05
8.0359 0.00025492 6.7768e-05
8.0939 0.00026308 6.9325e-05
8.152 0.00017426 5.1573e-05
8.21 0.00024606 6.6024e-05
8.268 0.00018889 5.428e-05
8.326 0.00029124 7.4939e-05
8.384 0.00034512 8.5429e-05
8.4421 0.00025504 6.78e-05
8.5001 0.00026813 7.0657e-05
8.5581 0.00023501 6.3677e-05
8.6161 0.00025693 6.8303e-05
8.6742 0.00019399 5.5745e-05
8.7322 0.00022713 6.2185e-05
8.7902 0.00017404 5.1508e-05
8.8482 0.00020862 5.8427e-05
8.9062 0.00030684 7.8386e-05
8.9643 0.0002204 6.1009e-05
9.0223 0.00024598 6.6001e-05
9.0803 0.00029089 7.4848e-05
9.1383 0.00026133 6.9473e-05
9.1963 0.00029129 7.4952e-05
9.2544 0.00024475 6.567e-05
9.3124 0.00015478 4.7399e-05
9.3704 0.00027501 7.1866e-05
9.4284 0.0002172 6.0124e-05
9.4864 0.0002623 6.9121e-05
9.5445 0.00023771 6.4411e-05
9.6025 0.00025727 6.8395e-05
9.6605 0.00027131 7.0899e-05
9.7185 0.00030771 7.8069e-05
9.7766 0.00018345 5.3471e-05
9.8346 0.00020789 5.8223e-05
9.8926 0.00027155 7.0963e-05
9.9506 0.00015241 4.6673e-05
10.009 0.00019163 5.5067e-05
10.067 0.00021999 6.0897e-05
10.125 0.00026025 6.8579e-05
10.183 0.00021764 6.0245e-05
10.241 0.00021672 5.999e-05
10.299 0.00020091 5.6972e-05
10.357 0.00026537 6.9929e-05
10.415 0.00020744 5.8096e-05
10.473 0.00019934 5.6527e-05
10.531 0.00020926 5.8608e-05
10.589 0.00024497 6.5731e-05
10.647 0.00022336 6.1152e-05
10.705 0.00025375 6.7457e-05
10.763 0.00029118 7.4923e-05
10.821 0.00018923 5.4377e-05
10.879 0.00024941 6.6304e-05
10.937 0.00020756 5.813e-05
10.995 0.00019157 5.5049e-05
11.053 0.00023374 6.3335e-05
11.111 0.00030632 7.7716e-05
11.169 0.00027015 7.0598e-05
11.227 0.00018057 5.2631e-05
11.285 0.00032479 8.1349e-05
11.343 0.00026821 7.009e-05
11.401 0.00027845 7.2192e-05
11.459 0.00017134 5.071e-05
11.517 0.00016265 4.8935e-05
11.575 0.00028618 7.3637e-05
11.633 0.00015175 4.6473e-05
11.691 0.00032457 8.1296e-05
11.749 0.00019845 5.6275e-05
11.807 0.00022339 6.116e-05
11.865 0.00024354 6.5347e-05
11.923 0.00018942 5.4432e-05
11.981 0.0002159 5.9763e-05
12.039 0.00021476 5.9448e-05
12.097 0.0001884 5.414e-05
12.155 0.00026331 6.9387e-05
12.213 0.00018023 5.2532e-05
12.271 0.00028521 7.3386e-05
12.329 0.00023087 6.2556e-05
12.388 0.00023391 6.3381e-05
12.446 0.00022294 6.1037e-05
12.504 0.00016027 4.8218e-05
12.562 0.00028257 7.2708e-05
12.62 0.00016069 4.8345e-05
12.678 0.00024746 6.5787e-05
12.736 0.00025627 6.7531e-05
12.794 0.00024822 6.5988e-05
12.852 0.00026502 6.9257e-05
12.91 0.00021042 5.8247e-05
12.968 0.00023786 6.3822e-05
13.026 0.000271 7.0261e-05
13.084 0.00015031 4.603e-05
13.142 0.00024589 6.5367e-05
13.2 0.00021892 5.9936e-05
13.258 0.00025391 6.691e-05
13.316 0.00034546 8.5041e-05
13.374 0.00029979 7.606e-05
13.432 0.00020257 5.6733e-05
13.49 0.00036652 8.8852e-05
13.548 0.00019296 5.4718e-05
13.606 0.00018561 5.3338e-05
13.664 0.00025253 6.6546e-05
13.722 0.00021928 6.0037e-05
13.78 0.00027218 7.0567e-05
13.838 0.00017585 5.1256e-05
13.896 0.0001829 5.2558e-05
13.954 0.00019172 5.4366e-05
14.012 0.00018389 5.2842e-05
14.07 0.0001219 3.9759e-05
14.128 0.00021685 5.937e-05
14.186 0.00024469 6.505e-05
14.244 0.00019245 5.4574e-05
14.302 0.00021683 5.9364e-05
14.36 0.00026816 6.9525e-05
14.418 0.00024399 6.4863e-05
14.476 0.00014786 4.5282e-05
14.534 0.00017387 5.0678e-05
14.592 0.00018247 5.2435e-05
14.65 0.00023359 6.2677e-05
14.708 0.00025346 6.6791e-05
14.766 0.000148 4.5324e-05
14.824 0.00029146 7.3946e-05
14.882 0.00022517 6.1012e-05
14.94 0.00025962 6.7846e-05
14.998 0.00023347 6.2644e-05
15.056 0.00016417 4.8587e-05
15.114 0.00027679 7.122e-05
15.173 0.00023427 6.286e-05
15.231 0.000216 5.9137e-05
15.289 0.00023036 6.1811e-05
15.347 0.00019815 5.5496e-05
15.405 0.00028373 7.2483e-05
15.463 0.00014452 4.4257e-05
15.521 0.00024684 6.5046e-05
15.579 0.00017129 4.9928e-05
15.637 0.00023216 6.2292e-05
15.695 0.00020399 5.6468e-05
15.753 0.00022875 6.1379e-05
15.811 0.00023774 6.3203e-05
15.869 0.00026577 6.8905e-05
15.927 0.00025388 6.6347e-05
15.985 0.00022878 6.1387e-05
16.043 0.00022821 6.1233e-05
16.101 0.00020443 5.6588e-05
16.159 0.00015203 4.574e-05
16.217 0.00018576 5.2677e-05
16.275 0.00021999 5.9608e-05
16.333 0.00016071 4.7564e-05
16.391 0.00026771 6.8885e-05
16.449 0.00024268 6.3951e-05
16.507 0.00021869 5.9256e-05
16.565 0.0002016 5.5804e-05
16.623 0.00023573 6.2666e-05
16.681 0.00029782 7.4596e-05
16.739 0.00019127 5.3569e-05
16.797 0.00015186 4.5689e-05
16.855 0.00024771 6.4734e-05
16.913 0.00017308 4.9736e-05
16.971 0.00025706 6.6645e-05
17.029 0.00028215 7.1585e-05
17.087 0.0002737 6.992e-05
17.145 0.00023749 6.2581e-05
17.203 0.00022218 5.9616e-05
17.261 0.00033395 8.1772e-05
17.319 0.00022207 5.9584e-05
17.377 0.00026273 6.7602e-05
17.435 0.00018853 5.2801e-05
17.493 0.00024755 6.4691e-05
17.551 0.00025411 6.588e-05
17.609 0.00030787 7.6208e-05
17.667 0.00020557 5.6281e-05
17.725 0.00018789 5.2621e-05
17.783 0.00030205 7.52e-05
17.841 0.00020214 5.5344e-05
17.9 0.00012884 4.022e-05
17.958 0.00017889 5.0728e-05
18.016 0.00015343 4.5408e-05
18.074 0.00025631 6.5952e-05
18.132 0.0001768 5.0135e-05
18.19 0.0001921 5.3175e-05
18.248 0.00024189 6.3213e-05
18.306 0.0003349 8.1187e-05
18.364 0.00013561 4.153e-05
18.422 0.00014483 4.3572e-05
18.48 0.00019182 5.3098e-05
18.538 0.00022965 6.0516e-05
18.596 0.00031657 7.7516e-05
18.654 0.00023972 6.2645e-05
18.712 0.00020767 5.6271e-05
18.77 0.00018118 5.0741e-05
18.828 0.00027663 6.9725e-05
18.886 0.0001108 3.614e-05
18.944 0.00028306 7.0899e-05
19.002 0.00019491 5.3364e-05
19.06 0.00017302 4.9063e-05
19.118 0.0001973 5.4017e-05
19.176 0.00024195 6.2728e-05
19.234 0.00019508 5.3411e-05
19.292 0.00028214 7.0669e-05
19.35 0.00019452 5.3257e-05
19.408 0.00020203 5.4742e-05
19.466 0.00020822 5.5871e-05
19.524 0.00021651 5.7558e-05
19.582 0.00020297 5.4996e-05
19.64 0.00017635 4.9389e-05
19.698 0.00027639 6.9229e-05
19.756 0.00022251 5.8636e-05
19.814 0.00020812 5.5842e-05
19.872 0.00021296 5.6615e-05
19.93 0.0002432 6.2577e-05
19.988 0.00023683 6.1402e-05
20.046 0.00022051 5.8108e-05
20.104 0.00021228 5.6433e-05
20.162 0.00027248 6.8249e-05
20.22 0.00021209 5.6382e-05
20.278 0.00022823 5.9642e-05
20.336 0.00021072 5.6019e-05
20.394 0.00018708 5.1219e-05
20.452 0.00018874 5.1675e-05
20.51 0.00016599 4.7069e-05
20.568 0.00011229 3.5798e-05
20.626 0.00020727 5.5103e-05
20.685 0.00025955 6.542e-05
20.743 0.000288 7.0895e-05
20.801 0.00021567 5.6833e-05
20.859 0.00021342 5.6239e-05
20.917 0.00025074 6.3615e-05
20.975 0.00022767 5.9025e-05
21.033 0.00021962 5.7391e-05
21.091 0.00034811 8.2225e-05
21.149 0.00017611 4.875e-05
21.207 0.00021186 5.5829e-05
21.265 0.00026104 6.5382e-05
21.323 0.0001804 4.9392e-05
21.381 0.00025483 6.423e-05
21.439 0.00025373 6.3954e-05
21.497 0.00025931 6.4951e-05
21.555 0.00018555 5.0276e-05
21.613 0.00030811 7.4339e-05
21.671 0.00025117 6.3308e-05
21.729 0.0001993 5.2982e-05
21.787 0.00028994 7.0634e-05
21.845 0.00023205 5.9281e-05
21.903 0.00022635 5.8241e-05
21.961 0.00021761 5.6417e-05
22.019 0.00019437 5.1671e-05
22.077 0.00024838 6.2212e-05
22.135 0.00020755 5.4237e-05
22.193 0.00031724 7.5538e-05
22.251 0.00021925 5.6416e-05
22.309 0.0002614 6.4706e-05
22.367 0.00026106 6.4623e-05
22.425 0.00019864 5.2344e-05
22.483 0.00018342 4.9215e-05
22.541 0.00027222 6.6657e-05
22.599 0.00023184 5.8822e-05
22.657 0.00021764 5.6001e-05
22.715 0.00017379 4.7089e-05
22.773 0.00021597 5.5571e-05
22.831 0.000236 5.9484e-05
22.889 0.00030034 7.1817e-05
22.947 0.00021771 5.5616e-05
23.005 0.00019146 5.0452e-05
23.063 0.00032406 7.625e-05
23.121 0.00021022 5.4092e-05
23.179 0.00016319 4.4678e-05
23.237 0.0001882 4.9594e-05
23.295 0.00020849 5.3646e-05
23.353 0.00028498 6.8445e-05
23.412 0.00021142 5.401e-05
23.47 0.00018553 4.8891e-05
23.528 0.00019864 5.1501e-05
23.586 0.0002558 6.2637e-05
23.644 0.0002143 5.437e-05
23.702 0.00020837 5.323e-05
23.76 0.00017644 4.6905e-05
23.818 0.00021345 5.4155e-05
23.876 0.00022309 5.5877e-05
23.934 0.00023633 5.8499e-05
23.992 0.00027859 6.6618e-05
24.05 0.00022712 5.6546e-05
24.108 0.0002135 5.3814e-05
24.166 0.00020049 5.1218e-05
24.224 0.00022387 5.5737e-05
24.282 0.0001688 4.4874e-05
24.34 0.00019031 4.8969e-05
24.398 0.0002097 5.2855e-05
24.456 0.00023978 5.8713e-05
24.514 0.00018443 4.7816e-05
24.572 0.00022381 5.5402e-05
24.63 0.00016509 4.3889e-05
24.688 0.00017007 4.4817e-05
24.746 0.00017991 4.6643e-05
24.804 0.0002419 5.8641e-05
24.862 0.00020677 5.1789e-05
24.92 0.00021625 5.353e-05
24.978 0.00023178 5.6466e-05
25.036 0.00024665 5.924e-05
25.094 0.00022388 5.4819e-05
25.152 0.00025144 6.0125e-05
25.21 0.00018192 4.6474e-05
25.268 0.00018546 4.7053e-05
25.326 0.0002241 5.4595e-05
25.384 0.00028924 6.7104e-05
25.442 0.00024853 5.9178e-05
25.5 0.00020294 5.0235e-05
25.558 0.00020736 5.1046e-05
25.616 0.00028025 6.5019e-05
25.674 0.00026273 6.1593e-05
25.732 0.0001921 4.7827e-05
25.79 0.00018548 4.6459e-05
25.848 0.000195 4.8269e-05
25.906 0.00020329 4.9778e-05
25.964 0.00025645 5.9904e-05
26.022 0.00028333 6.5113e-05
26.08 0.00022622 5.4094e-05
26.138 0.00021922 5.2652e-05
26.197 0.0001677 4.2547e-05
26.255 0.00019335 4.7598e-05
26.313 0.00018727 4.6356e-05
26.371 0.00019946 4.8591e-05
26.429 0.00024933 5.8039e-05
26.487 0.00026238 6.0485e-05
26.545 0.00022267 5.2804e-05
26.603 0.0002474 5.7397e-05
26.661 0.00028031 6.352e-05
26.719 0.00020513 4.9051e-05
26.777 0.00017613 4.3358e-05
26.835 0.00017542 4.3182e-05
26.893 0.0002253 5.2628e-05
26.951 0.00028498 6.3943e-05
27.009 0.00021286 5.0085e-05
27.067 0.00023596 5.4394e-05
27.125 0.00024024 5.5047e-05
27.183 0.00021506 5.0063e-05
27.241 0.00025066 5.6802e-05
27.299 0.0002334 5.3325e-05
27.357 0.00021072 4.8887e-05
27.415 0.00020163 4.71e-05
27.473 0.00021225 4.9083e-05
27.531 0.00024368 5.494e-05
27.589 0.00014076 3.5045e-05
27.647 0.00026398 5.8579e-05
27.705 0.00024071 5.4008e-05
27.763 0.00023152 5.207e-05
27.821 0.00018768 4.3544e-05
27.879 0.00021499 4.8592e-05
27.937 0.00024981 5.5104e-05
27.995 0.00023124 5.1421e-05
28.053 0.00024507 5.3855e-05
28.111 0.00019104 4.3526e-05
28.169 0.00021443 4.7787e-05
28.227 0.00023888 5.2305e-05
28.285 0.00022703 4.9891e-05
28.343 0.00020741 4.6027e-05
28.401 0.00022301 4.8831e-05
28.459 0.00022194 4.8431e-05
28.517 0.00021336 4.6636e-05
28.575 0.00024323 5.207e-05
28.633 0.0002028 4.4179e-05
28.691 0.00019569 4.2561e-05
28.749 0.00025134 5.2752e-05
28.807 0.00015898 3.5137e-05
28.865 0.000204 4.3507e-05
28.924 0.00024329 5.0703e-05
28.982 0.0002404 4.9902e-05
29.04 0.0002289 4.7442e-05
29.098 0.00024 4.9185e-05
29.156 0.00023853 4.8515e-05
29.214 0.00024167 4.8624e-05
29.272 0.0002282 4.5575e-05
29.33 0.00022465 4.4465e-05
29.388 0.00020644 4.0062e-05
29.446 0.00025247 4.8835e-05
29.504 0 1
29.562 0 1
29.62 0 1
29.678 0 1
