-29.678 0 1
-29.62 0 1
-29.562 0 1
-29.504 0.00027694 5.3007e-05
-29.446 0.0002998 5.7206e-05
-29.388 0.00030742 5.9254e-05
-29.33 0.00032613 6.3041e-05
-29.272 0.00026126 5.1134e-05
-29.214 0.00030916 6.0445e-05
-29.156 0.00028439 5.6072e-05
-29.098 0.00027096 5.3768e-05
-29.04 0.00028272 5.615e-05
-28.982 0.00032153 6.3597e-05
-28.924 0.00029592 5.892e-05
-28.865 0.0002795 5.596e-05
-28.807 0.00030403 6.0719e-05
-28.749 0.0002969 5.9568e-05
-28.691 0.00029055 5.8543e-05
-28.633 0.00029938 6.0342e-05
-28.575 0.00026326 5.3673e-05
-28.517 0.00027317 5.5641e-05
-28.459 0.00026529 5.4304e-05
-28.401 0.00029048 5.9141e-05
-28.343 0.00030684 6.2331e-05
-28.285 0.00025725 5.3115e-05
-28.227 0.00030018 6.129e-05
-28.169 0.00028129 5.7834e-05
-28.111 0.00027574 5.6827e-05
-28.053 0.00027563 5.691e-05
-27.995 0.00024986 5.2137e-05
-27.937 0.00033143 6.7605e-05
-27.879 0.00034105 6.9501e-05
-27.821 0.00027981 5.8042e-05
-27.763 0.00032827 6.7339e-05
-27.705 0.00026 5.4522e-05
-27.647 0.00024764 5.226e-05
-27.589 0.00026855 5.6315e-05
-27.531 0.00030983 6.4225e-05
-27.473 0.00028473 5.9509e-05
-27.415 0.00028837 6.0269e-05
-27.357 0.0002891 6.0472e-05
-27.299 0.00031944 6.631e-05
-27.241 0.00031436 6.535e-05
-27.183 0.00028859 6.057e-05
-27.125 0.00028737 6.042e-05
-27.067 0.00028641 6.0329e-05
-27.009 0.00034398 7.1255e-05
-26.951 0.00030544 6.4051e-05
-26.893 0.00029737 6.2638e-05
-26.835 0.00033185 6.9247e-05
-26.777 0.00027921 5.9348e-05
-26.719 0.00027354 5.8337e-05
-26.661 0.00027499 5.8713e-05
-26.603 0.00031657 6.6683e-05
-26.545 0.00025202 5.4503e-05
-26.487 0.00029043 6.1799e-05
-26.429 0.00024372 5.302e-05
-26.371 0.00028179 6.0309e-05
-26.313 0.00028032 6.0067e-05
-26.255 0.00029205 6.2284e-05
-26.197 0.00030624 6.5023e-05
-26.138 0.00032679 6.8965e-05
-26.08 0.00030127 6.4178e-05
-26.022 0.00035017 7.343e-05
-25.964 0.00029557 6.3181e-05
-25.906 0.00029955 6.4033e-05
-25.848 0.00030357 6.4815e-05
-25.79 0.00028338 6.1035e-05
-25.732 0.00031905 6.7889e-05
-25.674 0.00024663 5.4182e-05
-25.616 0.00034107 7.2119e-05
-25.558 0.00027693 5.9978e-05
-25.5 0.0002805 6.075e-05
-25.442 0.00030592 6.5633e-05
-25.384 0.00034961 7.3925e-05
-25.326 0.00027439 5.9691e-05
-25.268 0.00029771 6.4207e-05
-25.21 0.00038788 8.1338e-05
-25.152 0.00029357 6.349e-05
-25.094 0.0002584 5.687e-05
-25.036 0.00028586 6.2092e-05
-24.978 0.000241 5.3654e-05
-24.92 0.00031059 6.6895e-05
-24.862 0.00023153 5.1877e-05
-24.804 0.0003118 6.7245e-05
-24.746 0.00034118 7.2845e-05
-24.688 0.00027276 5.9924e-05
-24.63 0.00029025 6.3241e-05
-24.572 0.00023999 5.3773e-05
-24.514 0.00030477 6.62e-05
-24.456 0.00026852 5.9313e-05
-24.398 0.00035605 7.5932e-05
-24.34 0.00030851 6.7012e-05
-24.282 0.00036335 7.7402e-05
-24.224 0.00033189 7.1482e-05
-24.166 0.00032019 6.9246e-05
-24.108 0.00026063 5.8023e-05
-24.05 0.00025902 5.7785e-05
-23.992 0.00024742 5.5563e-05
-23.934 0.00024123 5.4426e-05
-23.876 0.0002801 6.1871e-05
-23.818 0.0002287 5.2124e-05
-23.76 0.00022803 5.1972e-05
-23.702 0.00029452 6.4704e-05
-23.644 0.00033286 7.1986e-05
-23.586 0.00029383 6.4666e-05
-23.528 0.00028198 6.2403e-05
-23.47 0.00032379 7.0333e-05
-23.412 0.00023323 5.3156e-05
-23.353 0.00030459 6.68e-05
-23.295 0.00028896 6.3828e-05
-23.237 0.00031198 6.8192e-05
-23.179 0.00034273 7.4121e-05
-23.121 0.00036192 7.7848e-05
-23.063 0.00029336 6.4799e-05
-23.005 0.00032156 7.0174e-05
-22.947 0.00027986 6.2305e-05
-22.889 0.00028225 6.2837e-05
-22.831 0.00026558 5.9641e-05
-22.773 0.00029734 6.5678e-05
-22.715 0.00030331 6.6873e-05
-22.657 0.00026538 5.9733e-05
-22.599 0.00027422 6.1443e-05
-22.541 0.00025215 5.717e-05
-22.483 0.00024652 5.6185e-05
-22.425 0.00031722 6.9691e-05
-22.367 0.00030117 6.6651e-05
-22.309 0.00026437 5.9645e-05
-22.251 0.00037002 7.9801e-05
-22.193 0.00030557 6.7624e-05
-22.135 0.00028228 6.311e-05
-22.077 0.00032047 7.0405e-05
-22.019 0.00031168 6.8846e-05
-21.961 0.00034602 7.5391e-05
-21.903 0.00032125 7.07e-05
-21.845 0.00029572 6.5836e-05
-21.787 0.00027123 6.1194e-05
-21.729 0.00031714 7.0053e-05
-21.671 0.00028588 6.4054e-05
-21.613 0.00036207 7.8531e-05
-21.555 0.00030558 6.7892e-05
-21.497 0.00026899 6.0989e-05
-21.439 0.00032671 7.2033e-05
-21.381 0.00033171 7.2873e-05
-21.323 0.00031541 6.9938e-05
-21.265 0.00031473 6.9787e-05
-21.207 0.00024135 5.5802e-05
-21.149 0.00029248 6.5532e-05
-21.091 0.00029906 6.686e-05
-21.033 0.00034128 7.4976e-05
-20.975 0.00029746 6.6649e-05
-20.917 0.00030744 6.8444e-05
-20.859 0.00032852 7.2567e-05
-20.801 0.00024932 5.747e-05
-20.743 0.00030125 6.735e-05
-20.685 0.00031058 6.9143e-05
-20.626 0.00032623 7.2197e-05
-20.568 0.00028357 6.4134e-05
-20.51 0.00031413 6.9933e-05
-20.452 0.00035276 7.7234e-05
-20.394 0.00035528 7.7786e-05
-20.336 0.00031623 7.0402e-05
-20.278 0.00028956 6.5328e-05
-20.22 0.00031131 6.9452e-05
-20.162 0.00029633 6.6699e-05
-20.104 0.00029591 6.6604e-05
-20.046 0.00031032 6.9377e-05
-19.988 0.0002459 5.7035e-05
-19.93 0.00024656 5.7186e-05
-19.872 0.0002445 5.6892e-05
-19.814 0.00036182 7.9217e-05
-19.756 0.0003216 7.1598e-05
-19.698 0.00037734 8.2215e-05
-19.64 0.00029824 6.7288e-05
-19.582 0.00036676 8.03e-05
-19.524 0.0002309 5.4287e-05
-19.466 0.0003254 7.2444e-05
-19.408 0.00029954 6.7581e-05
-19.35 0.00027142 6.2201e-05
-19.292 0.00030722 6.8991e-05
-19.234 0.00029881 6.7417e-05
-19.176 0.00022321 5.3083e-05
-19.118 0.00035207 7.7624e-05
-19.06 0.00030477 6.8599e-05
-19.002 0.00029649 6.7055e-05
-18.944 0.00035067 7.7457e-05
-18.886 0.00024648 5.7546e-05
-18.828 0.00026866 6.1745e-05
-18.77 0.00028072 6.4154e-05
-18.712 0.00033077 7.3792e-05
-18.654 0.00032209 7.2009e-05
-18.596 0.00028366 6.4651e-05
-18.538 0.00029538 6.6972e-05
-18.48 0.00034289 7.6183e-05
-18.422 0.00031179 7.0179e-05
-18.364 0.00041529 8.9813e-05
-18.306 0.00035552 7.853e-05
-18.248 0.00026552 6.1392e-05
-18.19 0.00027088 6.2441e-05
-18.132 0.00030756 6.9391e-05
-18.074 0.00033531 7.4804e-05
-18.016 0.00027987 6.4323e-05
-17.958 0.00028635 6.544e-05
-17.9 0.00031541 7.0994e-05
-17.841 0.00025319 5.9113e-05
-17.783 0.00034791 7.7297e-05
-17.725 0.00031461 7.0981e-05
-17.667 0.00037448 8.227e-05
-17.609 0.00027973 6.429e-05
-17.551 0.0003213 7.2319e-05
-17.493 0.00033341 7.4541e-05
-17.435 0.00028013 6.4381e-05
-17.377 0.00030459 6.906e-05
-17.319 0.0003718 8.1973e-05
-17.261 0.00027191 6.287e-05
-17.203 0.00030355 6.8824e-05
-17.145 0.00032737 7.3516e-05
-17.087 0.00030333 6.895e-05
-17.029 0.00032624 7.3261e-05
-16.971 0.00030701 6.9608e-05
-16.913 0.00027583 6.3582e-05
-16.855 0.00024571 5.7983e-05
-16.797 0.00034849 7.7584e-05
-16.739 0.00030625 6.9436e-05
-16.681 0.00030945 7.0163e-05
-16.623 0.00026482 6.1621e-05
-16.565 0.00036449 8.0663e-05
-16.507 0.00035486 7.8842e-05
-16.449 0.00027003 6.2631e-05
-16.391 0.00026322 6.1453e-05
-16.333 0.00032592 7.3358e-05
-16.275 0.00028902 6.6234e-05
-16.217 0.00030869 7.017e-05
-16.159 0.00029299 6.7145e-05
-16.101 0.00040868 8.9186e-05
-16.043 0.00033185 7.4522e-05
-15.985 0.00031801 7.1924e-05
-15.927 0.00029935 6.8411e-05
-15.869 0.00029845 6.8206e-05
-15.811 0.00032242 7.2743e-05
-15.753 0.0002737 6.3483e-05
-15.695 0.00036338 8.0733e-05
-15.637 0.00034076 7.635e-05
-15.579 0.00032096 7.2589e-05
-15.521 0.00041207 8.9926e-05
-15.463 0.00030899 7.0423e-05
-15.405 0.00037869 8.3648e-05
-15.347 0.00031494 7.1407e-05
-15.289 0.00033916 7.6164e-05
-15.231 0.00035055 7.8373e-05
-15.173 0.00026755 6.2464e-05
-15.114 0.00029224 6.7165e-05
-15.056 0.00030809 7.0218e-05
-14.998 0.00037129 8.2328e-05
-14.94 0.00038343 8.4695e-05
-14.882 0.00035841 7.9791e-05
-14.824 0.00030019 6.8795e-05
-14.766 0.00030732 7.0232e-05
-14.708 0.00032535 7.3583e-05
-14.65 0.00035978 8.0097e-05
-14.592 0.00035725 7.9701e-05
-14.534 0.00035611 7.9446e-05
-14.476 0.00032804 7.419e-05
-14.418 0.00029397 6.7563e-05
-14.36 0.00029232 6.7383e-05
-14.302 0.00031257 7.1239e-05
-14.244 0.00029074 6.7018e-05
-14.186 0.00034025 7.6408e-05
-14.128 0.00039119 8.625e-05
-14.07 0.00033575 7.5752e-05
-14.012 0.00037038 8.2289e-05
-13.954 0.00033218 7.4946e-05
-13.896 0.00035176 7.8815e-05
-13.838 0.00024665 5.8656e-05
-13.78 0.00030516 6.9933e-05
-13.722 0.00031273 7.1274e-05
-13.664 0.00037802 8.3821e-05
-13.606 0.00035491 7.9522e-05
-13.548 0.00035154 7.8765e-05
-13.49 0.00032529 7.3753e-05
-13.432 0.00026874 6.2959e-05
-13.374 0.00023978 5.7498e-05
-13.316 0.00033224 7.5141e-05
-13.258 0.00030939 7.0706e-05
-13.2 0.000243 5.8024e-05
-13.142 0.00035463 7.9459e-05
-13.084 0.00029555 6.8126e-05
-13.026 0.00031519 7.1835e-05
-12.968 0.00032389 7.3624e-05
-12.91 0.00033335 7.5393e-05
-12.852 0.00039435 8.7106e-05
-12.794 0.00034841 7.8241e-05
-12.736 0.00029637 6.8316e-05
-12.678 0.00038153 8.4766e-05
-12.62 0.00034289 7.7179e-05
-12.562 0.0003532 7.9138e-05
-12.504 0.00039035 8.6388e-05
-12.446 0.00038259 8.4833e-05
-12.388 0.00035772 8.0151e-05
-12.329 0.00030637 7.0211e-05
-12.271 0.00027216 6.3761e-05
-12.213 0.00030499 7.0096e-05
-12.155 0.00034834 7.8404e-05
-12.097 0.0004186 9.1649e-05
-12.039 0.00036024 8.0716e-05
-11.981 0.00029531 6.828e-05
-11.923 0.00030367 6.9792e-05
-11.865 0.00039013 8.6337e-05
-11.807 0.00037233 8.2892e-05
-11.749 0.00036614 8.1857e-05
-11.691 0.0003433 7.7454e-05
-11.633 0.00032523 7.3929e-05
-11.575 0.00035842 8.0309e-05
-11.517 0.00032957 7.4916e-05
-11.459 0.00026846 6.3117e-05
-11.401 0.00033262 7.5415e-05
-11.343 0.00035004 7.8787e-05
-11.285 0.0002206 5.3886e-05
-11.227 0.00028559 6.6455e-05
-11.169 0.00039541 8.7341e-05
-11.111 0.00040923 9.0063e-05
-11.053 0.00033601 7.6183e-05
-10.995 0.00030289 6.9819e-05
-10.937 0.00028508 6.6336e-05
-10.879 0.00037835 8.423e-05
-10.821 0.00033035 7.5092e-05
-10.763 0.00039307 8.6988e-05
-10.705 0.00039871 8.8069e-05
-10.647 0.00030549 7.0418e-05
-10.589 0.00044626 9.7233e-05
-10.531 0.00038113 8.4849e-05
-10.473 0.00027611 6.4687e-05
-10.415 0.00049372 0.0001062
-10.357 0.00036501 8.1784e-05
-10.299 0.00037637 8.3965e-05
-10.241 0.00035764 8.0313e-05
-10.183 0.00037295 8.3201e-05
-10.125 0.00030042 6.9461e-05
-10.067 0.00036974 8.2663e-05
-10.009 0.00034047 7.7002e-05
-9.9506 0.000354 7.9679e-05
-9.8926 0.00033403 7.593e-05
-9.8346 0.00044285 9.6642e-05
-9.7766 0.00035203 7.9236e-05
-9.7185 0.00040168 8.8726e-05
-9.6605 0.0003785 8.444e-05
-9.6025 0.00031158 7.1611e-05
-9.5445 0.00030448 7.0186e-05
-9.4864 0.00038438 8.5573e-05
-9.4284 0.00037288 8.3364e-05
-9.3704 0.00031217 7.1747e-05
-9.3124 0.00029359 6.8094e-05
-9.2544 0.00038959 8.6557e-05
-9.1963 0.00031916 7.3141e-05
-9.1383 0.00038954 8.6547e-05
-9.0803 0.00032625 7.4356e-05
-9.0223 0.00037904 8.456e-05
-8.9643 0.00029233 6.8022e-05
-8.9062 0.0002813 6.5901e-05
-8.8482 0.00028462 6.645e-05
-8.7902 0.00043553 9.5355e-05
-8.7322 0.0003969 8.8007e-05
-8.6742 0.00038449 8.5599e-05
-8.6161 0.00038811 8.6228e-05
-8.5581 0.00035122 7.9241e-05
-8.5001 0.00038672 8.6094e-05
-8.4421 0.00037414 8.3646e-05
-8.384 0.00038169 8.4975e-05
-8.326 0.00034423 7.8048e-05
-8.268 0.00036667 8.2341e-05
-8.21 0.0004726 0.00010235
-8.152 0.00039214 8.6952e-05
-8.0939 0.00044127 9.6454e-05
-8.0359 0.00043175 9.4688e-05
-7.9779 0.00047789 0.00010335
-7.9199 0.00041734 9.1849e-05
-7.8619 0.00039857 8.8378e-05
-7.8038 0.00039632 8.8053e-05
-7.7458 0.00040172 8.9074e-05
-7.6878 0.00030225 6.9885e-05
-7.6298 0.00044135 9.6471e-05
-7.5718 0.00036804 8.2649e-05
-7.5137 0.00039591 8.7962e-05
-7.4557 0.00033183 7.5627e-05
-7.3977 0.00032609 7.4522e-05
-7.3397 0.00034473 7.8161e-05
-7.2816 0.00038487 8.5861e-05
-7.2236 0.00043995 9.6325e-05
-7.1656 0.00042567 9.3517e-05
-7.1076 0.00035894 8.0984e-05
-7.0496 0.0004336 9.5259e-05
-6.9915 0.00034554 7.8149e-05
-6.9335 0.00040163 8.9056e-05
-6.8755 0.00033991 7.747e-05
-6.8175 0.00049018 0.00010572
-6.7595 0.00047692 0.00010329
-6.7014 0.00046464 0.00010108
-6.6434 0.00040628 8.9742e-05
-6.5854 0.00039573 8.8101e-05
-6.5274 0.0003813 8.4889e-05
-6.4694 0.00033412 7.6357e-05
-6.4113 0.00038519 8.5754e-05
-6.3533 0.00048714 0.00010535
-6.2953 0.00041693 9.1757e-05
-6.2373 0.00032566 7.4631e-05
-6.1792 0.00042629 9.3652e-05
-6.1212 0.00045665 9.9654e-05
-6.0632 0.00051356 0.00011018
-6.0052 0.00044957 9.8108e-05
-5.9472 0.00036546 8.226e-05
-5.8891 0.00049303 0.00010633
-5.8311 0.00043453 9.5137e-05
-5.7731 0.00041951 9.2663e-05
-5.7151 0.00038327 8.5326e-05
-5.6571 0.00042612 9.378e-05
-5.599 0.00044402 9.7055e-05
-5.541 0.0004483 9.7832e-05
-5.483 0.00039686 8.8173e-05
-5.425 0.00043336 9.5041e-05
-5.3669 0.00044645 9.7585e-05
-5.3089 0.00043244 9.484e-05
-5.2509 0.00054045 0.00011539
-5.1929 0.00039787 8.8398e-05
-5.1349 0.00046258 0.00010063
-5.0768 0.00052291 0.00011205
-5.0188 0.00048274 0.00010455
-4.9608 0.0003723 8.3417e-05
-4.9028 0.00046688 0.00010141
-4.8448 0.00040463 8.9547e-05
-4.7867 0.00045185 9.8766e-05
-4.7287 0.00045908 0.00010002
-4.6707 0.00043336 9.5041e-05
-4.6127 0.00038252 8.5338e-05
-4.5547 0.00038326 8.5685e-05
-4.4966 0.00050695 0.00010904
-4.4386 0.00046582 0.00010118
-4.3806 0.00043349 9.507e-05
-4.3226 0.00043177 9.5024e-05
-4.2645 0.00040382 8.9541e-05
-4.2065 0.00042285 9.2897e-05
-4.1485 0.00044943 9.8237e-05
-4.0905 0.00044372 9.7149e-05
-4.0325 0.00041695 9.2098e-05
-3.9744 0.00049195 0.00010624
-3.9164 0.00044042 9.6428e-05
-3.8584 0.0003989 8.8625e-05
-3.8004 0.00038979 8.6777e-05
-3.7424 0.00038431 8.5737e-05
-3.6843 0.00041247 9.1108e-05
-3.6263 0.00048562 0.00010517
-3.5683 0.00036221 8.1528e-05
-3.5103 0.00037991 8.4936e-05
-3.4523 0.00049377 0.00010664
-3.3942 0.00051805 0.00011115
-3.3362 0.00039797 8.8419e-05
-3.2782 0.00038941 8.6874e-05
-3.2202 0.00040759 9.0032e-05
-3.1621 0.00044069 9.6485e-05
-3.1041 0.00045262 9.9098e-05
-3.0461 0.00043154 9.4483e-05
-2.9881 0.0004416 9.6848e-05
-2.9301 0.00053633 0.00011507
-2.872 0.00045634 9.9124e-05
-2.814 0.00041877 9.2675e-05
-2.756 0.00039484 8.755e-05
-2.698 0.00048412 0.000105
-2.64 0.00048023 0.00010401
-2.5819 0.00052251 0.00011225
-2.5239 0.00042768 9.3796e-05
-2.4659 0.00053366 0.00011449
-2.4079 0.00053287 0.00011404
-2.3499 0.00046558 0.00010144
-2.2918 0.00060428 0.00012694
-2.2338 0.00053218 0.00011509
-2.1758 0.00046256 9.9898e-05
-2.1178 0.00052873 0.00011358
-2.0597 0.00054052 0.00011582
-2.0017 0.00056524 0.0001194
-1.9437 0.00045726 0.00010082
-1.8857 0.00050379 0.00010809
-1.8277 0.00050073 0.00010717
-1.7696 0.00048965 0.00010757
-1.7116 0.00045939 9.9351e-05
-1.6536 0.00054322 0.00011572
-1.5956 0.00059239 0.00012578
-1.5376 0.00066271 0.00013909
-1.4795 0.00064054 0.00013356
-1.4215 0.00078519 0.00016172
-1.3635 0.0010075 0.00020322
-1.3055 0.0011645 0.00023523
-1.2475 0.0014849 0.00029244
-1.1894 0.0019266 0.0003763
-1.1314 0.0022386 0.00043485
-1.0734 0.0031894 0.00061331
-1.0154 0.003492 0.00067124
-0.95735 0.0041808 0.00080007
-0.89933 0.0046458 0.00088822
-0.84131 0.0055312 0.001054
-0.78328 0.0060797 0.0011553
-0.72526 0.0064983 0.0012354
-0.66724 0.0068235 0.0012975
-0.60922 0.0073397 0.0013934
-0.5512 0.0083993 0.001592
-0.49318 0.008624 0.0016346
-0.43516 0.0087474 0.0016577
-0.37714 0.0089942 0.0017037
-0.31912 0.0083536 0.0015831
-0.26109 0.0088509 0.0016788
-0.20307 0.0084066 0.0015935
-0.14505 0.0065924 0.0012528
-0.087032 0.0086113 0.0016323
-0.029011 0.0062299 0.0011841
0.029011 0.0076875 0.0014587
0.087032 0.0043134 0.00082471
0.14505 0.0050536 0.00096391
0.20307 0.0044289 0.00084789
0.26109 0.0027104 0.00052276
0.31912 0.0025219 0.00048783
0.37714 0.0021816 0.00042439
0.43516 0.0014675 0.00029011
0.49318 0.00121 0.00024147
0.5512 0.00095019 0.00019302
0.60922 0.00096737 0.00019713
0.66724 0.00071611 0.00014855
0.72526 0.0006131 0.00012783
0.78328 0.00051092 0.00011049
0.84131 0.00051439 0.00011141
0.89933 0.00061846 0.0001298
0.95735 0.00055217 0.00011877
1.0154 0.000576 0.00012144
1.0734 0.00045537 9.9374e-05
1.1314 0.00049933 0.00010755
1.1894 0.00046736 0.00010066
1.2475 0.00053809 0.00011688
1.3055 0.00042942 9.4018e-05
1.3635 0.00050901 0.00010949
1.4215 0.00053675 0.00011409
1.4795 0.00040913 9.1085e-05
1.5376 0.0004379 9.6202e-05
1.5956 0.00039339 8.7401e-05
1.6536 0.00051427 0.00010993
1.7116 0.00040085 9.0438e-05
1.7696 0.00051344 0.00010962
1.8277 0.00043126 9.458e-05
1.8857 0.00038895 8.7545e-05
1.9437 0.00043708 9.5231e-05
2.0017 0.00053292 0.00011448
2.0597 0.00045764 0.00010003
2.1178 0.00049219 0.00010587
2.1758 0.00038989 8.7756e-05
2.2338 0.00044295 9.6665e-05
2.2918 0.00047829 0.00010405
2.3499 0.00048748 0.00010543
2.4079 0.00048419 0.00010517
2.4659 0.0003467 7.8607e-05
2.5239 0.00045156 9.8865e-05
2.5819 0.00041795 9.232e-05
2.64 0.00049157 0.00010646
2.698 0.00044567 9.7415e-05
2.756 0.00052615 0.00011317
2.814 0.00048779 0.00010535
2.872 0.00046572 0.00010163
2.9301 0.00033341 7.6406e-05
2.9881 0.00034927 7.8992e-05
3.0461 0.00042035 9.3026e-05
3.1041 0.00045396 9.9227e-05
3.1621 0.0004479 9.7902e-05
3.2202 0.00037876 8.5057e-05
3.2782 0.00038455 8.5974e-05
3.3362 0.00039401 8.7718e-05
3.3942 0.00043933 9.6517e-05
3.4523 0.00042898 9.441e-05
3.5103 0.00040627 9.0084e-05
3.5683 0.00039263 8.7593e-05
3.6263 0.00042358 9.3391e-05
3.6843 0.00048215 0.00010457
3.7424 0.00047336 0.00010282
3.8004 0.00042092 9.2977e-05
3.8584 0.00037656 8.4372e-05
3.9164 0.00035494 8.0274e-05
3.9744 0.00040168 8.9425e-05
4.0325 0.00037529 8.4277e-05
4.0905 0.00042702 9.415e-05
4.1485 0.00046488 0.00010113
4.2065 0.00038662 8.6437e-05
4.2645 0.00040806 9.0661e-05
4.3226 0.00047112 0.00010249
4.3806 0.00035879 8.0949e-05
4.4386 0.00033991 7.747e-05
4.4966 0.00039497 8.8115e-05
4.5547 0.00047594 0.00010338
4.6127 0.00036031 8.1293e-05
4.6707 0.00036381 8.2082e-05
4.7287 0.00054121 0.00011597
4.7867 0.00034826 7.896e-05
4.8448 0.00033619 7.6621e-05
4.9028 0.00034561 7.8561e-05
4.9608 0.00042325 9.3318e-05
5.0188 0.00039881 8.8787e-05
5.0768 0.00033756 7.6935e-05
5.1349 0.00043805 9.6235e-05
5.1929 0.00026046 6.2194e-05
5.2509 0.00032141 7.3868e-05
5.3089 0.0004495 9.8414e-05
5.3669 0.00028457 6.6906e-05
5.425 0.00040365 8.968e-05
5.483 0.00038086 8.5336e-05
5.541 0.00034468 7.835e-05
5.599 0.00038228 8.5654e-05
5.6571 0.00044002 9.6503e-05
5.7151 0.00027057 6.4344e-05
5.7731 0.00040694 9.0234e-05
5.8311 0.00035642 8.0609e-05
5.8891 0.0003557 8.0649e-05
5.9472 0.00039026 8.7063e-05
6.0052 0.0003831 8.5649e-05
6.0632 0.00034899 7.9329e-05
6.1212 0.00040744 9.0524e-05
6.1792 0.0003583 8.1035e-05
6.2373 0.00041165 9.11e-05
6.2953 0.00042437 9.3737e-05
6.3533 0.00048971 0.00010606
6.4113 0.0003914 8.7505e-05
6.4694 0.00045988 0.0001002
6.5274 0.00039671 8.8503e-05
6.5854 0.00029624 6.9163e-05
6.6434 0.0003578 8.0922e-05
6.7014 0.00029553 6.8999e-05
6.7595 0.00034511 7.8448e-05
6.8175 0.00031826 7.3585e-05
6.8755 0.00036573 8.2515e-05
6.9335 0.00035934 8.1073e-05
6.9915 0.00028645 6.7348e-05
7.0496 0.00040168 8.9425e-05
7.1076 0.00034173 7.7885e-05
7.1656 0.0003591 8.1215e-05
7.2236 0.00027345 6.4775e-05
7.2816 0.00029882 6.9766e-05
7.3397 0.00035306 8.0049e-05
7.3977 0.00035384 8.0226e-05
7.4557 0.00029199 6.8407e-05
7.5137 0.00039434 8.7973e-05
7.5718 0.00034836 7.9186e-05
7.6298 0.00039227 8.733e-05
7.6878 0.0003946 8.8031e-05
7.7458 0.0003671 8.2824e-05
7.8038 0.00042314 9.3466e-05
7.8619 0.0004123 9.1244e-05
7.9199 0.0002895 6.7824e-05
7.9779 0.00030371 7.0672e-05
8.0359 0.00038701 8.6524e-05
8.0939 0.00038792 8.6542e-05
8.152 0.00032039 7.3635e-05
8.21 0.00037606 8.445e-05
8.268 0.00029693 6.9324e-05
8.326 0.00026706 6.3259e-05
8.384 0.00031684 7.3034e-05
8.4421 0.00040455 8.988e-05
8.5001 0.00030375 7.0453e-05
8.5581 0.00039428 8.7779e-05
8.6161 0.00034539 7.8513e-05
8.6742 0.00033867 7.7187e-05
8.7322 0.00030249 7.0386e-05
8.7902 0.0003207 7.3706e-05
8.8482 0.00036392 8.2106e-05
8.9062 0.00029301 6.8409e-05
8.9643 0.00032946 7.5503e-05
9.0223 0.00032033 7.3621e-05
9.0803 0.000346 7.8651e-05
9.1383 0.00027202 6.4435e-05
9.1963 0.00034786 7.9072e-05
9.2544 0.00021864 5.3964e-05
9.3124 0.00035618 8.0555e-05
9.3704 0.00031196 7.2128e-05
9.4284 0.00040404 8.9589e-05
9.4864 0.00029216 6.8211e-05
9.5445 0.00027505 6.4906e-05
9.6025 0.00029868 6.9501e-05
9.6605 0.00030602 7.0978e-05
9.7185 0.00030687 7.0952e-05
9.7766 0.00030356 7.0409e-05
9.8346 0.00028932 6.778e-05
9.8926 0.00029245 6.8277e-05
9.9506 0.00034756 7.8802e-05
10.009 0.00030669 7.0911e-05
10.067 0.00036292 8.188e-05
10.125 0.00033862 7.7176e-05
10.183 0.00030109 6.9834e-05
10.241 0.00031956 7.3443e-05
10.299 0.00037077 8.3263e-05
10.357 0.00032492 7.4462e-05
10.415 0.00030685 7.0948e-05
10.473 0.00023519 5.7169e-05
10.531 0.00032715 7.4973e-05
10.589 0.00030681 7.0939e-05
10.647 0.00037837 8.4591e-05
10.705 0.00025807 6.1621e-05
10.763 0.00035286 7.9805e-05
10.821 0.00027867 6.5517e-05
10.879 0.00027153 6.4074e-05
10.937 0.00037437 8.388e-05
10.995 0.00027926 6.5657e-05
11.053 0.00022337 5.4841e-05
11.111 0.00026936 6.3564e-05
11.169 0.00031314 7.2182e-05
11.227 0.00023485 5.7088e-05
11.285 0.00023303 5.6645e-05
11.343 0.00030017 6.9621e-05
11.401 0.0002159 5.3288e-05
11.459 0.00021829 5.3877e-05
11.517 0.0002987 6.928e-05
11.575 0.00031094 7.1674e-05
11.633 0.00027359 6.456e-05
11.691 0.00027423 6.4713e-05
11.749 0.00040097 8.8909e-05
11.807 0.00028679 6.6957e-05
11.865 0.0003166 7.2764e-05
11.923 0.00035189 7.9585e-05
11.981 0.00034463 7.8138e-05
12.039 0.00030913 7.1259e-05
12.097 0.00029381 6.8368e-05
12.155 0.00028438 6.6623e-05
12.213 0.00030127 6.9876e-05
12.271 0.00029726 6.8948e-05
12.329 0.00029328 6.8243e-05
12.388 0.00025407 6.0668e-05
12.446 0.0002999 6.9559e-05
12.504 0.00027878 6.5312e-05
12.562 0.00022556 5.5098e-05
12.62 0.00032587 7.4471e-05
12.678 0.00025172 6.0107e-05
12.736 0.00034397 7.7794e-05
12.794 0.00035696 8.0344e-05
12.852 0.00031248 7.1817e-05
12.91 0.00028336 6.6155e-05
12.968 0.00028634 6.6629e-05
13.026 0.00023476 5.6797e-05
13.084 0.00027974 6.5537e-05
13.142 0.00034888 7.8713e-05
13.2 0.00043237 9.4509e-05
13.258 0.00028984 6.7444e-05
13.316 0.00026721 6.3056e-05
13.374 0.00023428 5.6681e-05
13.432 0.00032608 7.4317e-05
13.49 0.00023408 5.6631e-05
13.548 0.00035534 7.998e-05
13.606 0.00029933 6.9209e-05
13.664 0.00028303 6.608e-05
13.722 0.00032 7.3131e-05
13.78 0.00027378 6.4368e-05
13.838 0.00032013 7.3159e-05
13.896 0.00029191 6.7706e-05
13.954 0.00042802 9.3713e-05
14.012 0.00031886 7.287e-05
14.07 0.00029306 6.7972e-05
14.128 0.00027929 6.5205e-05
14.186 0.00030109 6.9405e-05
14.244 0.00029226 6.7786e-05
14.302 0.00030761 7.0697e-05
14.36 0.0003153 7.2055e-05
14.418 0.00026327 6.2126e-05
14.476 0.00028996 6.7252e-05
14.534 0.00025274 6.0105e-05
14.592 0.00030939 7.0904e-05
14.65 0.00030006 6.9167e-05
14.708 0.00030242 6.971e-05
14.766 0.00027985 6.5338e-05
14.824 0.00034593 7.7862e-05
14.882 0.00029576 6.8383e-05
14.94 0.00021489 5.2758e-05
14.998 0.00030882 7.0771e-05
15.056 0.00026546 6.2413e-05
15.114 0.000261 6.1591e-05
15.173 0.00023079 5.5837e-05
15.231 0.00022924 5.5461e-05
15.289 0.0003018 6.9361e-05
15.347 0.00024361 5.817e-05
15.405 0.00026572 6.2474e-05
15.463 0.00034204 7.6988e-05
15.521 0.00033162 7.5001e-05
15.579 0.00027395 6.3959e-05
15.637 0.0002905 6.7167e-05
15.695 0.00021667 5.2926e-05
15.753 0.00025087 5.9425e-05
15.811 0.00029415 6.7805e-05
15.869 0.00023272 5.6048e-05
15.927 0.00030911 7.0642e-05
15.985 0.00034442 7.7344e-05
16.043 0.00031431 7.1635e-05
16.101 0.00025754 6.0773e-05
16.159 0.00018425 4.6558e-05
16.217 0.00030115 6.9014e-05
16.275 0.00026141 6.1461e-05
16.333 0.00028964 6.6968e-05
16.391 0.00029651 6.8147e-05
16.449 0.00031051 7.0768e-05
16.507 0.00029179 6.726e-05
16.565 0.00027203 6.3511e-05
16.623 0.00026067 6.1287e-05
16.681 0.00029383 6.7531e-05
16.739 0.00028336 6.5518e-05
16.797 0.00028052 6.5065e-05
16.855 0.0002452 5.8082e-05
16.913 0.00031851 7.2215e-05
16.971 0.00024612 5.8301e-05
17.029 0.00022519 5.4236e-05
17.087 0.0002464 5.8365e-05
17.145 0.00031245 7.0842e-05
17.203 0.00030085 6.8755e-05
17.261 0.00028158 6.5106e-05
17.319 0.00022366 5.3867e-05
17.377 0.00024769 5.8451e-05
17.435 0.00021262 5.1683e-05
17.493 0.0003465 7.7467e-05
17.551 0.00029462 6.7517e-05
17.609 0.00027076 6.2801e-05
17.667 0.00029904 6.834e-05
17.725 0.00032764 7.3746e-05
17.783 0.00030188 6.8801e-05
17.841 0.0002605 6.082e-05
17.9 0.00025513 5.9772e-05
17.958 0.00029723 6.7927e-05
18.016 0.00025989 6.0677e-05
18.074 0.00026148 6.0843e-05
18.132 0.00025984 6.0665e-05
18.19 0.00021913 5.2775e-05
18.248 0.00031808 7.1764e-05
18.306 0.00027106 6.2673e-05
18.364 0.00028235 6.4891e-05
18.422 0.00024835 5.839e-05
18.48 0.00034365 7.6506e-05
18.538 0.00026075 6.0673e-05
18.596 0.00030085 6.8388e-05
18.654 0.0002751 6.3412e-05
18.712 0.00029638 6.7548e-05
18.77 0.00026337 6.1086e-05
18.828 0.00022411 5.3513e-05
18.886 0.00025076 5.8746e-05
18.944 0.00027724 6.3717e-05
19.002 0.00031082 7.0127e-05
19.06 0.00022336 5.3335e-05
19.118 0.00024964 5.8484e-05
19.176 0.00021739 5.2128e-05
19.234 0.00027905 6.3951e-05
19.292 0.00028047 6.4276e-05
19.35 0.00025604 5.9578e-05
19.408 0.00033759 7.5158e-05
19.466 0.00035221 7.7799e-05
19.524 0.00020549 4.9715e-05
19.582 0.00021181 5.1013e-05
19.64 0.00026672 6.1482e-05
19.698 0.00021331 5.115e-05
19.756 0.00026076 6.0292e-05
19.814 0.00025283 5.883e-05
19.872 0.00023151 5.463e-05
19.93 0.00026382 6.0813e-05
19.988 0.00028337 6.4583e-05
20.046 0.00028909 6.5714e-05
20.104 0.00025377 5.8859e-05
20.162 0.00027936 6.3671e-05
20.22 0.00028767 6.539e-05
20.278 0.00028586 6.4979e-05
20.336 0.00021986 5.2284e-05
20.394 0.00019467 4.7321e-05
20.452 0.00018626 4.5729e-05
20.51 0.00023699 5.5522e-05
20.568 0.00024017 5.6072e-05
20.626 0.00027538 6.2763e-05
20.685 0.00029297 6.6098e-05
20.743 0.00025743 5.9339e-05
20.801 0.00027498 6.2671e-05
20.859 0.00023173 5.4288e-05
20.917 0.00021401 5.0893e-05
20.975 0.00022259 5.2526e-05
21.033 0.00020883 4.9864e-05
21.091 0.0001932 4.6743e-05
21.149 0.00032107 7.1335e-05
21.207 0.00028462 6.4371e-05
21.265 0.00023746 5.5255e-05
21.323 0.0002658 6.0579e-05
21.381 0.00026577 6.0736e-05
21.439 0.00023817 5.5421e-05
21.497 0.00021339 5.0547e-05
21.555 0.00027278 6.1847e-05
21.613 0.00020707 4.9244e-05
21.671 0.00028307 6.3865e-05
21.729 0.00031602 7.0072e-05
21.787 0.00026137 5.957e-05
21.845 0.00030937 6.8734e-05
21.903 0.00027472 6.2133e-05
21.961 0.00023271 5.3976e-05
22.019 0.00021825 5.1131e-05
22.077 0.00025705 5.8584e-05
22.135 0.00023151 5.3696e-05
22.193 0.0003204 7.0641e-05
22.251 0.00023305 5.3883e-05
22.309 0.00027147 6.1247e-05
22.367 0.00025911 5.8898e-05
22.425 0.0001872 4.5085e-05
22.483 0.00018887 4.529e-05
22.541 0.00025319 5.7706e-05
22.599 0.0002443 5.5987e-05
22.657 0.00026077 5.9125e-05
22.715 0.00025406 5.7751e-05
22.773 0.00017552 4.2664e-05
22.831 0.00023829 5.4767e-05
22.889 0.00019064 4.5521e-05
22.947 0.00026489 5.9622e-05
23.005 0.00025878 5.8526e-05
23.063 0.00026656 5.9998e-05
23.121 0.0002274 5.2417e-05
23.179 0.00022961 5.277e-05
23.237 0.00026597 5.9728e-05
23.295 0.00023476 5.3801e-05
23.353 0.00020728 4.8394e-05
23.412 0.00025796 5.8062e-05
23.47 0.00028077 6.238e-05
23.528 0.0002655 5.9488e-05
23.586 0.00027659 6.1577e-05
23.644 0.00019893 4.6604e-05
23.702 0.00024191 5.4849e-05
23.76 0.00025657 5.7617e-05
23.818 0.00023612 5.3673e-05
23.876 0.00027897 6.1739e-05
23.934 0.00023744 5.3834e-05
23.992 0.00022536 5.1501e-05
24.05 0.00025138 5.645e-05
24.108 0.00020239 4.6941e-05
24.166 0.00024802 5.5696e-05
24.224 0.00020155 4.6747e-05
24.282 0.000269 5.9646e-05
24.34 0.00027023 5.9804e-05
24.398 0.00026292 5.8415e-05
24.456 0.00028821 6.3207e-05
24.514 0.00023126 5.2303e-05
24.572 0.00028112 6.176e-05
24.63 0.0002398 5.3851e-05
24.688 0.00027548 6.0628e-05
24.746 0.0002774 6.0942e-05
24.804 0.00023039 5.1857e-05
24.862 0.00022739 5.1303e-05
24.92 0.00022268 5.0362e-05
24.978 0.00024847 5.5204e-05
25.036 0.00025276 5.5938e-05
25.094 0.00022423 5.047e-05
25.152 0.00026905 5.9006e-05
25.21 0.00028249 6.1454e-05
25.268 0.0002637 5.7832e-05
25.326 0.00023641 5.2631e-05
25.384 0.00025633 5.6414e-05
25.442 0.0002045 4.6486e-05
25.5 0.0002044 4.6343e-05
25.558 0.00022737 5.0724e-05
25.616 0.00023547 5.2212e-05
25.674 0.00024101 5.3235e-05
25.732 0.00020573 4.6415e-05
25.79 0.00027441 5.9431e-05
25.848 0.00024863 5.4529e-05
25.906 0.00025228 5.5143e-05
25.964 0.00023716 5.2195e-05
26.022 0.00026925 5.8313e-05
26.08 0.00023923 5.2556e-05
26.138 0.00023865 5.2429e-05
26.197 0.00025327 5.5098e-05
26.255 0.00023477 5.1577e-05
26.313 0.00022834 5.0345e-05
26.371 0.00026312 5.6905e-05
26.429 0.00025573 5.5386e-05
26.487 0.00023969 5.2306e-05
26.545 0.00025798 5.5715e-05
26.603 0.000211 4.6695e-05
26.661 0.00026831 5.7494e-05
26.719 0.00023115 5.0364e-05
26.777 0.00021967 4.8176e-05
26.835 0.00022134 4.8381e-05
26.893 0.00028662 6.0667e-05
26.951 0.00025743 5.5095e-05
27.009 0.00027098 5.7598e-05
27.067 0.00025288 5.4121e-05
27.125 0.00024749 5.2968e-05
27.183 0.00024069 5.1574e-05
27.241 0.00030767 6.4201e-05
27.299 0.000192 4.2181e-05
27.357 0.0002506 5.3266e-05
27.415 0.00029628 6.1823e-05
27.473 0.00020964 4.5402e-05
27.531 0.00024886 5.2729e-05
27.589 0.00023908 5.0818e-05
27.647 0.00026769 5.6133e-05
27.705 0.00023211 4.9336e-05
27.763 0.00026581 5.5555e-05
27.821 0.0002582 5.4008e-05
27.879 0.00019105 4.1204e-05
27.937 0.00024632 5.1608e-05
27.995 0.00025049 5.2269e-05
28.053 0.00025091 5.2237e-05
28.111 0.00022494 4.7295e-05
28.169 0.00023846 4.972e-05
28.227 0.00027382 5.6329e-05
28.285 0.00022085 4.6194e-05
28.343 0.00022929 4.7699e-05
28.401 0.0002428 5.0163e-05
28.459 0.00025966 5.3208e-05
28.517 0.00023667 4.8745e-05
28.575 0.00021464 4.4462e-05
28.633 0.00023193 4.755e-05
28.691 0.00025339 5.1407e-05
28.749 0.00025491 5.151e-05
28.807 0.00024632 4.9775e-05
28.865 0.0002253 4.5729e-05
28.924 0.00021457 4.3569e-05
28.982 0.00020829 4.2223e-05
29.04 0.00022262 4.4735e-05
29.098 0.0002229 4.4552e-05
29.156 0.00023799 4.7137e-05
29.214 0.00023633 4.6529e-05
29.272 0.00026864 5.2272e-05
29.33 0.00025551 4.9533e-05
29.388 0.00024224 4.641e-05
29.446 0.00023421 4.5002e-05
29.504 0 1
29.562 0 1
29.62 0 1
29.678 0 1
