-29.678 0 1
-29.62 0 1
-29.562 0 1
-29.504 0.00016626 4.7724e-05
-29.446 0.00017895 4.8933e-05
-29.388 9.6888e-05 3.8728e-05
-29.33 0.00020387 5.703e-05
-29.272 0.00021038 4.4566e-05
-29.214 0.00016306 3.8452e-05
-29.156 0.00022291 4.9807e-05
-29.098 0.00020644 4.5037e-05
-29.04 0.00019124 4.4441e-05
-28.982 0.0001936 4.6219e-05
-28.924 0.00021539 5.1422e-05
-28.865 0.00016705 4.2923e-05
-28.807 0.00020654 5.1345e-05
-28.749 0.00021461 5.3674e-05
-28.691 0.00018239 4.7998e-05
-28.633 0.00016396 4.4833e-05
-28.575 0.00014307 4.1067e-05
-28.517 0.00017066 4.7182e-05
-28.459 0.00016363 4.6346e-05
-28.401 0.00022233 5.8508e-05
-28.343 0.00020607 5.5766e-05
-28.285 0.00013975 4.2753e-05
-28.227 0.00025308 6.6048e-05
-28.169 0.00020676 5.7165e-05
-28.111 0.00025549 6.7236e-05
-28.053 0.00018933 5.4346e-05
-27.995 0.00012996 4.2352e-05
-27.937 0.00018738 5.4556e-05
-27.879 0.00014275 4.5465e-05
-27.821 0.00021374 6.0539e-05
-27.763 0.00024785 6.7775e-05
-27.705 0.00017163 5.2507e-05
-27.647 0.00018418 5.5355e-05
-27.589 0.00020943 6.0977e-05
-27.531 0.00022289 6.3977e-05
-27.473 0.00018382 5.6236e-05
-27.415 0.0001757 5.4798e-05
-27.357 0.00025638 7.1719e-05
-27.299 0.00021624 6.3929e-05
-27.241 0.00023031 6.7058e-05
-27.183 0.0001621 5.2827e-05
-27.125 0.00014113 4.8501e-05
-27.067 0.00022538 6.6631e-05
-27.009 0.00022953 6.7859e-05
-26.951 0.00024143 7.0293e-05
-26.893 0.00018472 5.8832e-05
-26.835 0.00034942 9.2768e-05
-26.777 0.0001381 4.896e-05
-26.719 0.00010227 4.0878e-05
-26.661 7.7397e-05 3.4737e-05
-26.603 0.00022319 6.8281e-05
-26.545 0.00035566 9.5307e-05
-26.487 0.00014623 5.1841e-05
-26.429 0.00026916 7.8369e-05
-26.371 0.00012274 4.6882e-05
-26.313 0.00019275 6.2813e-05
-26.255 0.00015232 5.4e-05
-26.197 0.00025218 7.5792e-05
-26.138 0.0002123 6.7615e-05
-26.08 0.00024234 7.4141e-05
-26.022 0.00029853 8.569e-05
-25.964 0.00014364 5.2733e-05
-25.906 0.00017451 5.9973e-05
-25.848 0.00018885 6.3114e-05
-25.79 0.00020416 6.6533e-05
-25.732 0.00019152 6.4006e-05
-25.674 0.00016363 5.8008e-05
-25.616 0.00025436 7.7816e-05
-25.558 0.00018021 6.193e-05
-25.5 0.00016644 5.9005e-05
-25.442 0.00013814 5.2764e-05
-25.384 0.00027669 8.3157e-05
-25.326 0.00015352 5.636e-05
-25.268 0.00012538 5.0117e-05
-25.21 0.00017279 6.1258e-05
-25.152 0.00022198 7.2341e-05
-25.094 0.00022134 7.2132e-05
-25.036 0.00014347 5.4796e-05
-24.978 0.00019282 6.6265e-05
-24.92 0.00020799 6.9513e-05
-24.862 0.00024096 7.6743e-05
-24.804 0.00021063 7.0394e-05
-24.746 0.00018074 6.4076e-05
-24.688 0.0002468 7.8606e-05
-24.63 0.00013242 5.2929e-05
-24.572 0.00014927 5.7012e-05
-24.514 0.00015215 5.8113e-05
-24.456 0.0002029 6.9731e-05
-24.398 0.00018657 6.614e-05
-24.34 0.00013661 5.4606e-05
-24.282 0.00020596 7.078e-05
-24.224 0.00024052 7.8383e-05
-24.166 0.00029297 8.9631e-05
-24.108 0.00020942 7.1971e-05
-24.05 0.00022739 7.5996e-05
-23.992 8.803e-05 4.2654e-05
-23.934 0.00019237 6.8198e-05
-23.876 0.00010647 4.7785e-05
-23.818 0.00025031 8.1573e-05
-23.76 0.00019653 6.9672e-05
-23.702 0.00016082 6.1423e-05
-23.644 0.00023283 7.7815e-05
-23.586 0.00014415 5.7621e-05
-23.528 0.00019948 7.0717e-05
-23.47 0.00019842 7.0344e-05
-23.412 0.00018206 6.6837e-05
-23.353 0.00014746 5.8944e-05
-23.295 0.0002198 7.5539e-05
-23.237 0.00016483 6.2955e-05
-23.179 0.00022217 7.635e-05
-23.121 0.00020303 7.1976e-05
-23.063 0.00020363 7.219e-05
-23.005 0.00025877 8.4328e-05
-22.947 0.00011155 5.0067e-05
-22.889 0.00011306 5.0741e-05
-22.831 0.00015053 6.0169e-05
-22.773 0.00014994 5.9932e-05
-22.715 0.00022797 7.8344e-05
-22.657 0.00015213 6.081e-05
-22.599 7.6633e-05 4.0895e-05
-22.541 0.00021052 7.4634e-05
-22.483 0.00015343 6.1328e-05
-22.425 7.8172e-05 4.1716e-05
-22.367 0.00013456 5.6713e-05
-22.309 0.00017426 6.6559e-05
-22.251 0.00017612 6.7269e-05
-22.193 0.00015778 6.3068e-05
-22.135 0.00015762 6.3005e-05
-22.077 0.00013776 5.806e-05
-22.019 0.00019656 7.2161e-05
-21.961 0.0002585 8.6393e-05
-21.903 9.9652e-05 4.8285e-05
-21.845 0.00015886 6.35e-05
-21.787 0.00011955 5.3657e-05
-21.729 0.00018065 6.8999e-05
-21.671 0.00012073 5.4186e-05
-21.613 0.00020118 7.3855e-05
-21.555 0.00018308 6.9928e-05
-21.497 0.00010117 4.9021e-05
-21.439 0.00016195 6.4735e-05
-21.381 0.0002833 9.2323e-05
-21.323 0.00010213 4.9483e-05
-21.265 0.00014462 6.0952e-05
-21.207 0.00012225 5.487e-05
-21.149 0.00022593 8.0095e-05
-21.091 0.00018626 7.114e-05
-21.033 0.00016576 6.6257e-05
-20.975 0.00016506 6.5975e-05
-20.917 6.2281e-05 3.7787e-05
-20.859 0.00010465 5.0706e-05
-20.801 0.00018798 7.1797e-05
-20.743 0.00031307 9.971e-05
-20.685 0.00021087 7.7412e-05
-20.626 0.00023266 8.248e-05
-20.568 0.000294 9.5812e-05
-20.51 0.00018983 7.2506e-05
-20.452 0.00025318 8.701e-05
-20.394 0.00023271 8.2499e-05
-20.336 0.00017071 6.8235e-05
-20.278 0.00017085 6.829e-05
-20.22 0.00014807 6.2408e-05
-20.162 6.474e-05 3.9279e-05
-20.104 0.00021417 7.8623e-05
-20.046 0.00017152 6.856e-05
-19.988 0.00014988 6.3169e-05
-19.93 0.00019435 7.4231e-05
-19.872 0.00025952 8.9188e-05
-19.814 0.00028066 9.3798e-05
-19.756 0.00012897 5.7885e-05
-19.698 0.000174 6.9552e-05
-19.64 8.7775e-05 4.684e-05
-19.582 0.00026112 8.9739e-05
-19.524 0.00026033 8.9468e-05
-19.466 0.00024098 8.5431e-05
-19.408 0.00022019 8.0836e-05
-19.35 0.00013211 5.9294e-05
-19.292 0.00015274 6.4373e-05
-19.234 8.7959e-05 4.6939e-05
-19.176 0.00017694 7.0726e-05
-19.118 8.8056e-05 4.699e-05
-19.06 0.00022054 8.0963e-05
-19.002 0.00024428 8.66e-05
-18.944 0.00020116 7.6832e-05
-18.886 8.8766e-05 4.7369e-05
-18.828 0.00017778 7.1061e-05
-18.77 0.00011143 5.3991e-05
-18.712 2.2531e-05 2.2919e-05
-18.654 0.00024488 8.6813e-05
-18.596 0.00022443 8.2391e-05
-18.538 0.0002485 8.8097e-05
-18.48 0.00024793 8.7894e-05
-18.422 0.00022479 8.2524e-05
-18.364 0.00017994 7.1926e-05
-18.306 9.1045e-05 4.8586e-05
-18.248 0.00038575 0.00011801
-18.19 0.00015948 6.7215e-05
-18.132 0.00011252 5.4519e-05
-18.074 0.00018162 7.2597e-05
-18.016 2.2831e-05 2.3225e-05
-17.958 9.1445e-05 4.8799e-05
-17.9 0.0001366 6.131e-05
-17.841 0.00020839 7.9594e-05
-17.783 6.9277e-05 4.2031e-05
-17.725 0.00025272 8.9592e-05
-17.667 0.0001835 7.3349e-05
-17.609 0.00023352 8.5727e-05
-17.551 9.2817e-05 4.9531e-05
-17.493 0.00032585 0.00010619
-17.435 0.00016107 6.7883e-05
-17.377 0.00025615 9.0809e-05
-17.319 0.00018637 7.4496e-05
-17.261 0.00018733 7.488e-05
-17.203 9.2961e-05 4.9608e-05
-17.145 0.00018624 7.4443e-05
-17.087 0.00021044 8.0376e-05
-17.029 0.00028218 9.6977e-05
-16.971 0.00032686 0.00010652
-16.913 7.0415e-05 4.2722e-05
-16.855 0.00028016 9.628e-05
-16.797 0.00025903 9.1829e-05
-16.739 0.00030556 0.00010212
-16.681 0.00030497 0.00010192
-16.623 0.00016595 6.994e-05
-16.565 7.0743e-05 4.2921e-05
-16.507 0.00021064 8.0453e-05
-16.449 9.4531e-05 5.0446e-05
-16.391 0.00021238 8.1117e-05
-16.333 0.00018792 7.5114e-05
-16.275 0.00021306 8.1379e-05
-16.217 0.00018981 7.587e-05
-16.159 0.00023735 8.7135e-05
-16.101 9.5113e-05 5.0756e-05
-16.043 0.00011854 5.7436e-05
-15.985 0.00018885 7.5488e-05
-15.927 0.00016702 7.0392e-05
-15.869 0.00014269 6.4043e-05
-15.811 0.00014319 6.4265e-05
-15.753 0.00026325 9.3328e-05
-15.695 0.00019136 7.6488e-05
-15.637 0.00019152 7.6552e-05
-15.579 7.1385e-05 4.331e-05
-15.521 0.00026404 9.3605e-05
-15.463 0.00012019 5.8238e-05
-15.405 0.00012089 5.8574e-05
-15.347 9.5989e-05 5.1224e-05
-15.289 0.00016975 7.1545e-05
-15.231 0.00017041 7.182e-05
-15.173 0.00021853 8.3469e-05
-15.114 0.00012019 5.8236e-05
-15.056 4.8547e-05 3.5501e-05
-14.998 0.00024253 8.9037e-05
-14.94 0.0001708 7.1984e-05
-14.882 0.0001457 6.5393e-05
-14.824 0.00012195 5.9089e-05
-14.766 0.00017093 7.2038e-05
-14.708 0.000196 7.8345e-05
-14.65 0.0003135 0.00010477
-14.592 0.00029422 0.00010111
-14.534 0.00024609 9.0345e-05
-14.476 0.00012264 5.9425e-05
-14.418 0.00024632 9.0427e-05
-14.36 0.0001468 6.5887e-05
-14.302 0.00022168 8.467e-05
-14.244 0.00034421 0.00011217
-14.186 0.00014753 6.6215e-05
-14.128 0.00012287 5.9533e-05
-14.07 0.00019717 7.8812e-05
-14.012 4.8742e-05 3.5644e-05
-13.954 0.00029377 0.00010096
-13.896 0.00017203 7.2506e-05
-13.838 0.00014833 6.6571e-05
-13.78 0.00032098 0.00010728
-13.722 0.00026982 9.5655e-05
-13.664 9.8481e-05 5.2553e-05
-13.606 0.00017428 7.3451e-05
-13.548 0.00014807 6.6456e-05
-13.49 0.00014846 6.6632e-05
-13.432 0.00017422 7.3426e-05
-13.374 9.933e-05 5.3006e-05
-13.316 0.00014873 6.6754e-05
-13.258 0.00012438 6.0267e-05
-13.2 0.00022419 8.5627e-05
-13.142 0.00022481 8.5865e-05
-13.084 0.00022523 8.6027e-05
-13.026 0.00019893 7.9515e-05
-12.968 0.00010072 5.3748e-05
-12.91 0.00030198 0.00010378
-12.852 0.00012536 6.0739e-05
-12.794 0.00024838 9.1183e-05
-12.736 0.00019942 7.9712e-05
-12.678 7.5053e-05 4.5536e-05
-12.62 0.00010068 5.3724e-05
-12.562 0.00019929 7.9658e-05
-12.504 0.00020023 8.0036e-05
-12.446 0.00010165 5.4243e-05
-12.388 0.00024912 9.1454e-05
-12.329 0.00022546 8.6112e-05
-12.271 0.0002512 9.2217e-05
-12.213 7.5552e-05 4.5838e-05
-12.155 7.543e-05 4.5765e-05
-12.097 0.00032699 0.00010928
-12.039 0.00017699 7.4595e-05
-11.981 5.0664e-05 3.705e-05
-11.923 0.00017698 7.4592e-05
-11.865 0.00020101 8.0346e-05
-11.807 0.00017795 7.5e-05
-11.749 0.00022899 8.746e-05
-11.691 0.0002021 8.0781e-05
-11.633 0.00017578 7.4084e-05
-11.575 0.00017742 7.4776e-05
-11.517 0.00020347 8.1328e-05
-11.459 0.00012608 6.1089e-05
-11.401 0.00020432 8.1669e-05
-11.343 0.00030453 0.00010466
-11.285 0.00017829 7.5141e-05
-11.227 0.0002279 8.7045e-05
-11.169 0.00017642 7.4352e-05
-11.111 0.00010141 5.4115e-05
-11.053 0.00020449 8.1738e-05
-10.995 0.00033027 0.00011038
-10.937 0.00010081 5.3796e-05
-10.879 0.0001018 5.4325e-05
-10.821 0.00010254 5.472e-05
-10.763 0.00027998 9.9256e-05
-10.705 0.00022892 8.7437e-05
-10.647 0.00023026 8.7948e-05
-10.589 0.00028194 9.9952e-05
-10.531 0.00023125 8.8325e-05
-10.473 0.00015185 6.8155e-05
-10.415 0.00025501 9.3618e-05
-10.357 0.00017966 7.5718e-05
-10.299 0.00025778 9.4634e-05
-10.241 0.00010253 5.4714e-05
-10.183 0.00015317 6.8746e-05
-10.125 0.0001027 5.4807e-05
-10.067 0.00018063 7.6129e-05
-10.009 0.0001022 5.4536e-05
-9.9506 0.00015436 6.9279e-05
-9.8926 0.00030914 0.00010624
-9.8346 0.00030916 0.00010625
-9.7766 0.00010274 5.4827e-05
-9.7185 0.00015585 6.995e-05
-9.6605 0.00018012 7.5913e-05
-9.6025 0.00012915 6.2579e-05
-9.5445 0.00015319 6.8753e-05
-9.4864 0.00015406 6.9147e-05
-9.4284 5.1853e-05 3.7919e-05
-9.3704 0.00020592 8.2309e-05
-9.3124 0.00010255 5.4724e-05
-9.2544 0.00012998 6.2981e-05
-9.1963 0.00012968 6.2833e-05
-9.1383 0.00025786 9.4663e-05
-9.0803 0.00028253 0.00010016
-9.0223 0.00031157 0.00010707
-8.9643 0.00020777 8.3048e-05
-8.9062 0.00018271 7.7006e-05
-8.8482 0.00023181 8.8539e-05
-8.7902 0.0002329 8.8954e-05
-8.7322 0.0002082 8.3219e-05
-8.6742 7.8715e-05 4.7757e-05
-8.6161 0.00010279 5.4852e-05
-8.5581 0.00010434 5.5682e-05
-8.5001 0.00010458 5.5806e-05
-8.4421 0.00012957 6.2782e-05
-8.384 0.00046366 0.00013935
-8.326 0.00010389 5.5441e-05
-8.268 7.7854e-05 4.7236e-05
-8.21 0.00015555 6.9815e-05
-8.152 0.00020782 8.3069e-05
-8.0939 0.00013002 6.2999e-05
-8.0359 0.00010529 5.619e-05
-7.9779 0.0002089 8.3501e-05
-7.9199 0.00018163 7.6549e-05
-7.8619 0.00013002 6.3001e-05
-7.8038 7.9005e-05 4.7934e-05
-7.7458 0.00018231 7.6835e-05
-7.6878 0.00010452 5.5775e-05
-7.6298 0.00023342 8.9154e-05
-7.5718 0.00015649 7.0236e-05
-7.5137 0.00013147 6.3704e-05
-7.4557 0.00018168 7.6573e-05
-7.3977 0.0001046 5.5819e-05
-7.3397 0.00023619 9.0214e-05
-7.2816 0.00018327 7.7242e-05
-7.2236 0.00018245 7.6895e-05
-7.1656 0.00021379 8.5457e-05
-7.1076 0.0002126 8.4979e-05
-7.0496 0.00018174 7.6598e-05
-6.9915 0.00031687 0.0001089
-6.9335 0.00021191 8.4703e-05
-6.8755 0.00020951 8.3746e-05
-6.8175 0.00031718 0.00010901
-6.7595 0.00020951 8.3744e-05
-6.7014 0.00028826 0.00010219
-6.6434 0.00016039 7.1988e-05
-6.5854 0.00020902 8.355e-05
-6.5274 0.00042074 0.00013122
-6.4694 0.00020829 8.3256e-05
-6.4113 0.00026544 9.7448e-05
-6.3533 0.00018502 7.7981e-05
-6.2953 0.00031616 0.00010865
-6.2373 0.00015621 7.0109e-05
-6.1792 0.00021501 8.5944e-05
-6.1212 0.00023625 9.0236e-05
-6.0632 5.2184e-05 3.8161e-05
-6.0052 0.0003127 0.00010746
-5.9472 0.00026871 9.8648e-05
-5.8891 0.00020824 8.3238e-05
-5.8311 0.00020864 8.3396e-05
-5.7731 0.00021297 8.5128e-05
-5.7151 0.00018261 7.6964e-05
-5.6571 0.00018618 7.8468e-05
-5.599 0.00023767 9.0779e-05
-5.541 0.00023479 8.9678e-05
-5.483 0.00018203 7.6719e-05
-5.425 0.00037156 0.00012108
-5.3669 0.00018211 7.6753e-05
-5.3089 0.00015828 7.104e-05
-5.2509 0.0001852 7.8055e-05
-5.1929 0.00036956 0.00012043
-5.1349 0.00023557 8.9976e-05
-5.0768 7.889e-05 4.7864e-05
-5.0188 0.00010557 5.6336e-05
-4.9608 0.00026339 9.6694e-05
-4.9028 0.00013081 6.338e-05
-4.8448 0.00010479 5.5921e-05
-4.7867 0.00026524 9.7373e-05
-4.7287 0.00023496 8.9744e-05
-4.6707 0.00021045 8.412e-05
-4.6127 0.00013158 6.3756e-05
-4.5547 0.0001855 7.8183e-05
-4.4966 0.00018502 7.7977e-05
-4.4386 0.00021111 8.4385e-05
-4.3806 0.00015688 7.0412e-05
-4.3226 0.0002117 8.4618e-05
-4.2645 0.0001324 6.415e-05
-4.2065 0.00021185 8.468e-05
-4.1485 0.00021106 8.4364e-05
-4.0905 0.00029164 0.00010339
-4.0325 0.00018516 7.8039e-05
-3.9744 0.00013153 6.3729e-05
-3.9164 0.00039761 0.00012664
-3.8584 0.00021258 8.497e-05
-3.8004 0.00026664 9.7887e-05
-3.7424 0.00021153 8.455e-05
-3.6843 0.00055512 0.00015934
-3.6263 0.00016015 7.1878e-05
-3.5683 0.00015908 7.1396e-05
-3.5103 0.00037134 0.00012102
-3.4523 0.00024082 9.1982e-05
-3.3942 0.00015871 7.1232e-05
-3.3362 0.00031839 0.00010942
-3.2782 0.00026797 9.8375e-05
-3.2202 8.0055e-05 4.8571e-05
-3.1621 0.00031493 0.00010823
-3.1041 0.0003481 0.00011634
-3.0461 0.00041997 0.00013098
-2.9881 0.00034229 0.0001144
-2.9301 0.00027477 0.00010087
-2.872 0.00039064 0.00012442
-2.814 0.0003214 0.00011046
-2.756 0.0002656 9.7504e-05
-2.698 0.00029045 0.00010297
-2.64 0.00035419 0.00011837
-2.5819 0.00035961 0.00011719
-2.5239 0.00035604 0.00011899
-2.4659 0.00040434 0.00012611
-2.4079 0.00033536 0.00011525
-2.3499 0.0002313 8.8345e-05
-2.2918 0.00045411 0.00013893
-2.2338 0.00039331 0.00012527
-2.1758 0.00038035 0.00012395
-2.1178 0.00042695 0.00013316
-2.0597 0.00050582 0.00014727
-2.0017 0.00080748 0.00021438
-1.9437 0.00058778 0.00016442
-1.8857 0.00076479 0.00020126
-1.8277 0.00066392 0.00018356
-1.7696 0.00068 0.00018402
-1.7116 0.00089215 0.00022602
-1.6536 0.0012614 0.00029864
-1.5956 0.0011509 0.00027993
-1.5376 0.0017928 0.0003947
-1.4795 0.0021677 0.0004721
-1.4215 0.0035297 0.00072491
-1.3635 0.0041759 0.00085006
-1.3055 0.0060344 0.0011905
-1.2475 0.0081995 0.0015977
-1.1894 0.011334 0.0021836
-1.1314 0.013844 0.0026508
-1.0734 0.016937 0.0032354
-1.0154 0.021282 0.0040367
-0.95735 0.024357 0.0046129
-0.89933 0.026667 0.0050446
-0.84131 0.036237 0.0068234
-0.78328 0.037714 0.0071055
-0.72526 0.036137 0.006811
-0.66724 0.042603 0.0080111
-0.60922 0.045438 0.0085417
-0.5512 0.045575 0.0085731
-0.49318 0.046708 0.0087816
-0.43516 0.048802 0.0091689
-0.37714 0.051118 0.0096016
-0.31912 0.051256 0.0096321
-0.26109 0.045328 0.0085256
-0.20307 0.049195 0.0092472
-0.14505 0.039907 0.0075112
-0.087032 0.041993 0.0079011
-0.029011 0.032925 0.006207
0.029011 0.036368 0.0068512
0.087032 0.024748 0.0046847
0.14505 0.026706 0.0050533
0.20307 0.019263 0.0036638
0.26109 0.014665 0.0028073
0.31912 0.01195 0.0022977
0.37714 0.0088017 0.0017089
0.43516 0.0063571 0.0012547
0.49318 0.0040098 0.00081899
0.5512 0.0030756 0.00063959
0.60922 0.0021639 0.00046611
0.66724 0.0017556 0.00039411
0.72526 0.0016209 0.00036762
0.78328 0.00062131 0.0001699
0.84131 0.00065046 0.00017984
0.89933 0.00057114 0.00016177
0.95735 0.00065336 0.00017866
1.0154 0.00063401 0.00017958
1.0734 0.00039256 0.00012503
1.1314 0.00048375 0.00014539
1.1894 0.00025983 9.5389e-05
1.2475 0.0005063 0.00014741
1.3055 0.00040071 0.00013059
1.3635 0.00056154 0.00016118
1.4215 0.00041202 0.00013123
1.4795 0.00027154 9.6264e-05
1.5376 0.00028172 0.00010342
1.5956 0.00042989 0.00013408
1.6536 0.0002853 0.00010114
1.7116 0.00024035 9.18e-05
1.7696 0.00049406 0.00014849
1.8277 0.0001582 7.1001e-05
1.8857 0.00041325 0.00012889
1.9437 0.00028814 0.00010578
2.0017 0.00022886 8.7414e-05
2.0597 0.00037772 0.00012309
2.1178 0.00029435 0.00010435
2.1758 0.00027109 9.9522e-05
2.2338 0.0001606 7.2082e-05
2.2918 0.00026271 9.6446e-05
2.3499 0.00019676 8.2926e-05
2.4079 0.00017988 7.5811e-05
2.4659 0.00024912 9.5151e-05
2.5239 0.00020682 8.2667e-05
2.5819 0.00021968 8.7811e-05
2.64 0.0003761 0.00012257
2.698 0.00026515 9.7339e-05
2.756 0.00032389 0.00011131
2.814 0.00031351 0.00010774
2.872 0.00019476 8.2086e-05
2.9301 0.00040022 0.00012747
2.9881 0.00010669 5.6932e-05
3.0461 0.0002732 0.00010029
3.1041 0.00026964 9.8987e-05
3.1621 0.00021263 8.499e-05
3.2202 0.00016221 7.2803e-05
3.2782 0.00026651 9.7841e-05
3.3362 0.00013347 6.467e-05
3.3942 0.00013512 6.547e-05
3.4523 0.0001346 6.522e-05
3.5103 0.00013406 6.4956e-05
3.5683 0.00021348 8.533e-05
3.6263 0.00024103 9.2062e-05
3.6843 0.00032067 0.0001102
3.7424 0.00021444 8.5717e-05
3.8004 0.00018903 7.9667e-05
3.8584 0.00024233 9.2557e-05
3.9164 0.00015923 7.1464e-05
3.9744 0.00013551 6.5657e-05
4.0325 0.00024242 9.2592e-05
4.0905 0.00032473 0.0001116
4.1485 0.00010678 5.698e-05
4.2065 0.00016174 7.2592e-05
4.2645 0.00018929 7.9777e-05
4.3226 0.00013371 6.4785e-05
4.3806 0.00026741 9.8171e-05
4.4386 0.0001612 7.2348e-05
4.4966 0.00016233 7.2858e-05
4.5547 0.00018613 7.8446e-05
4.6127 0.00026743 9.8178e-05
4.6707 0.00029318 0.00010394
4.7287 0.00021583 8.6272e-05
4.7867 0.00024249 9.2618e-05
4.8448 0.00018735 7.896e-05
4.9028 0.00026734 9.8145e-05
4.9608 0.00010672 5.6948e-05
5.0188 0.00018637 7.8549e-05
5.0768 0.00018625 7.8499e-05
5.1349 0.00024168 9.2308e-05
5.1929 0.00016081 7.2174e-05
5.2509 0.00013289 6.4392e-05
5.3089 0.00026424 9.7007e-05
5.3669 0.00016196 7.2691e-05
5.425 2.6652e-05 2.7112e-05
5.483 0.00021488 8.5889e-05
5.541 0.00010695 5.7074e-05
5.599 0.00021489 8.5896e-05
5.6571 0.00018724 7.8915e-05
5.7151 0.0002454 9.3728e-05
5.7731 0.00037487 0.00012216
5.8311 0.00018789 7.9189e-05
5.8891 0.0001359 6.5849e-05
5.9472 0.00018627 7.8505e-05
6.0052 0.00016215 7.2778e-05
6.0632 0.00026917 9.8815e-05
6.1212 0.00013571 6.5755e-05
6.1792 0.00010708 5.7142e-05
6.2373 0.00013406 6.4956e-05
6.2953 0.00016128 7.2384e-05
6.3533 0.0001636 7.3425e-05
6.4113 0.00023768 9.0782e-05
6.4694 0.00019074 8.0389e-05
6.5274 0.00018746 7.9007e-05
6.5854 0.00024712 9.4386e-05
6.6434 0.00021612 8.6388e-05
6.7014 0.00016117 7.2336e-05
6.7595 0.00027073 9.9388e-05
6.8175 0.00029619 0.000105
6.8755 0.00010828 5.7784e-05
6.9335 0.00024293 9.2784e-05
6.9915 0.00021231 8.4863e-05
7.0496 0.00010873 5.8024e-05
7.1076 0.00019079 8.041e-05
7.1656 0.00010671 5.6945e-05
7.2236 2.671e-05 2.717e-05
7.2816 0.000134 6.4927e-05
7.3397 0.00018904 7.9671e-05
7.3977 0.00016145 7.246e-05
7.4557 0.00021511 8.5982e-05
7.5137 0 1
7.5718 0.00018787 7.9182e-05
7.6298 0.00013374 6.4802e-05
7.6878 0.00010735 5.7284e-05
7.7458 0.00024261 9.2664e-05
7.8038 0.0002148 8.5858e-05
7.8619 8.003e-05 4.8556e-05
7.9199 0.00021233 8.4872e-05
7.9779 5.4014e-05 3.9499e-05
8.0359 0.00010784 5.7545e-05
8.0939 0.00010684 5.7015e-05
8.152 0.00016004 7.183e-05
8.21 0.00018868 7.9522e-05
8.268 0.00021229 8.4857e-05
8.326 5.3211e-05 3.8912e-05
8.384 0.00021179 8.4657e-05
8.4421 0.00018748 7.9015e-05
8.5001 0.0001601 7.1855e-05
8.5581 0.00031689 0.0001089
8.6161 0.0002124 8.49e-05
8.6742 0.00026489 9.7243e-05
8.7322 0.00015993 7.1779e-05
8.7902 0.00013279 6.4341e-05
8.8482 0.0001871 7.8854e-05
8.9062 7.9652e-05 4.8326e-05
8.9643 0.00015992 7.1774e-05
9.0223 0.00015875 7.1252e-05
9.0803 0.00023891 9.1251e-05
9.1383 0.00018689 7.8766e-05
9.1963 0.00010697 5.7082e-05
9.2544 0.00023768 9.0781e-05
9.3124 0.0002123 8.4858e-05
9.3704 0.00018834 7.9379e-05
9.4284 0.00023907 9.1312e-05
9.4864 0.00013253 6.4216e-05
9.5445 0.00029415 0.00010428
9.6025 0.00015979 7.1719e-05
9.6605 0.00010632 5.6738e-05
9.7185 0.00013195 6.3933e-05
9.7766 7.9335e-05 4.8134e-05
9.8346 0.00021148 8.4532e-05
9.8926 0.00013203 6.3973e-05
9.9506 0.00026337 9.6687e-05
10.009 0.0002387 9.1172e-05
10.067 0.00021325 8.5241e-05
10.125 0.00041798 0.00013036
10.183 0.00018406 7.7575e-05
10.241 7.9919e-05 4.8489e-05
10.299 0.00010596 5.6547e-05
10.357 0.00015727 7.0586e-05
10.415 0.00026305 9.6568e-05
10.473 0.00018423 7.7647e-05
10.531 0.00023759 9.0747e-05
10.589 0.00018487 7.7916e-05
10.647 2.6162e-05 2.6613e-05
10.705 7.9386e-05 4.8165e-05
10.763 0.00010498 5.602e-05
10.821 0.00013205 6.3983e-05
10.879 0.00013096 6.3454e-05
10.937 0.00010485 5.5953e-05
10.995 0.00010546 5.628e-05
11.053 0.00010564 5.6376e-05
11.111 0.0001567 7.0329e-05
11.169 0.00018427 7.7661e-05
11.227 0.00015789 7.0864e-05
11.285 0.00020873 8.3433e-05
11.343 0.00013079 6.337e-05
11.401 0.00033934 0.00011341
11.459 0.00023668 9.0398e-05
11.517 0.00023843 9.1068e-05
11.575 0.00010453 5.578e-05
11.633 0.00023584 9.0079e-05
11.691 5.2441e-05 3.8349e-05
11.749 0.00015642 7.0202e-05
11.807 7.8566e-05 4.7668e-05
11.865 7.8724e-05 4.7763e-05
11.923 0.00026217 9.6247e-05
11.981 5.2567e-05 3.8442e-05
12.039 0.00025865 9.4955e-05
12.097 0.00013077 6.336e-05
12.155 0.00013094 6.3444e-05
12.213 0.00023361 8.9227e-05
12.271 0.00012994 6.296e-05
12.329 0.00018231 7.6835e-05
12.388 7.8707e-05 4.7753e-05
12.446 0.00023283 8.893e-05
12.504 0.00028362 0.00010055
12.562 0.00018096 7.6269e-05
12.62 7.7651e-05 4.7112e-05
12.678 0.00010399 5.5494e-05
12.736 0.00020595 8.2323e-05
12.794 0.00010287 5.4895e-05
12.852 0.00020628 8.2452e-05
12.91 7.7935e-05 4.7285e-05
12.968 0.00015285 6.8601e-05
13.026 0.00012848 6.2251e-05
13.084 7.7139e-05 4.6801e-05
13.142 0.00028301 0.00010033
13.2 0.00022835 8.7218e-05
13.258 0.0001024 5.4646e-05
13.316 0.00023041 8.8005e-05
13.374 0.00015397 6.9103e-05
13.432 0.00012787 6.1958e-05
13.49 0.00017921 7.5531e-05
13.548 0.00023095 8.8211e-05
13.606 0.0001787 7.5313e-05
13.664 5.0923e-05 3.7239e-05
13.722 0.0002302 8.7923e-05
13.78 0.00023039 8.7996e-05
13.838 0.00010227 5.4573e-05
13.896 0.00012706 6.1566e-05
13.954 0.00017849 7.5228e-05
14.012 0.00012723 6.1645e-05
14.07 0.00017725 7.4705e-05
14.128 0.00020131 8.0468e-05
14.186 0.00012765 6.1849e-05
14.244 7.6525e-05 4.6429e-05
14.302 0.00022679 8.6622e-05
14.36 0.00015225 6.8335e-05
14.418 0.00012619 6.1145e-05
14.476 0.00025396 9.3233e-05
14.534 0.00010075 5.3763e-05
14.592 0.00010052 5.364e-05
14.65 0.0001257 6.0907e-05
14.708 0.0001516 6.8043e-05
14.766 0.00017545 7.3947e-05
14.824 0.00017512 7.3808e-05
14.882 0.00024998 9.177e-05
14.94 0.00017561 7.4011e-05
14.998 0.00015019 6.7408e-05
15.056 0.00014965 6.7165e-05
15.114 0.00010025 5.3497e-05
15.173 0.00017674 7.4489e-05
15.231 9.9878e-05 5.3299e-05
15.289 9.92e-05 5.2937e-05
15.347 0.00022377 8.5469e-05
15.405 0.00027612 9.7887e-05
15.463 0.00014928 6.6999e-05
15.521 4.9615e-05 3.6283e-05
15.579 0.0002741 9.7171e-05
15.637 7.467e-05 4.5304e-05
15.695 0.00012366 5.9918e-05
15.753 9.9023e-05 5.2843e-05
15.811 0.00019636 7.8487e-05
15.869 0.00024761 9.09e-05
15.927 9.8659e-05 5.2649e-05
15.985 7.3603e-05 4.4656e-05
16.043 9.862e-05 5.2627e-05
16.101 0.00012296 5.9576e-05
16.159 0.00014788 6.6369e-05
16.217 0.00019487 7.7894e-05
16.275 0.00014669 6.5838e-05
16.333 0.00024456 8.9781e-05
16.391 0.00024496 8.9926e-05
16.449 0.0001715 7.2282e-05
16.507 0.00021982 8.396e-05
16.565 0.00024411 8.9617e-05
16.623 0.00014567 6.5379e-05
16.681 9.7742e-05 5.2159e-05
16.739 0.00014495 6.5056e-05
16.797 0.00014633 6.5677e-05
16.855 0.00012043 5.8355e-05
16.913 4.8213e-05 3.5257e-05
16.971 0.00021658 8.2722e-05
17.029 0.00016852 7.1024e-05
17.087 0.00016812 7.0856e-05
17.145 0.00014329 6.4312e-05
17.203 9.6092e-05 5.1279e-05
17.261 0.00011918 5.7746e-05
17.319 0.00011968 5.7989e-05
17.377 0.00016517 6.9611e-05
17.435 0.00014251 6.3961e-05
17.493 0.00011887 5.7597e-05
17.551 0.00023729 8.7113e-05
17.609 0.00032653 0.00010641
17.667 0.00011716 5.677e-05
17.725 0.00016598 6.9954e-05
17.783 0.0001186 5.7466e-05
17.841 0.00011611 5.6258e-05
17.9 0.00016375 6.9012e-05
17.958 0.00016414 6.9178e-05
18.016 9.3294e-05 4.9785e-05
18.074 0.00011614 5.6273e-05
18.132 0.0001873 7.4865e-05
18.19 0.00027931 9.5988e-05
18.248 0.0001384 6.2117e-05
18.306 0.00018423 7.3641e-05
18.364 0.00025601 9.0759e-05
18.422 0.00011575 5.6086e-05
18.48 0.00011513 5.5784e-05
18.538 0.00023074 8.4706e-05
18.596 0.00013857 6.2195e-05
18.654 0.00011519 5.5811e-05
18.712 0.00018317 7.3216e-05
18.77 0.00034309 0.00010927
18.828 0.00016071 6.7734e-05
18.886 0.00016037 6.759e-05
18.944 0.00018247 7.2936e-05
19.002 4.5497e-05 3.3271e-05
19.06 6.8357e-05 4.1473e-05
19.118 0.00020497 7.8288e-05
19.176 0.0002047 7.8185e-05
19.234 0.00022492 8.2572e-05
19.292 0.00018082 7.2276e-05
19.35 0.00020294 7.7513e-05
19.408 0.00018116 7.2413e-05
19.466 0.00022439 8.2378e-05
19.524 0.00022465 8.2472e-05
19.582 8.9747e-05 4.7893e-05
19.64 0.00013359 5.9957e-05
19.698 0.00024235 8.5917e-05
19.756 0.00015476 6.5227e-05
19.814 0.00017822 7.1237e-05
19.872 0.00017751 7.0955e-05
19.93 0.00013183 5.9167e-05
19.988 0.00015457 6.5145e-05
20.046 0.00013249 5.9466e-05
20.104 0.00017392 6.9519e-05
20.162 0.00015297 6.4471e-05
20.22 0.00021816 8.0088e-05
20.278 0.00017648 7.0541e-05
20.336 0.00013091 5.8754e-05
20.394 0.00012873 5.7775e-05
20.452 0.00021651 7.9482e-05
20.51 8.7387e-05 4.6633e-05
20.568 0.00019568 7.474e-05
20.626 0.00027961 9.3449e-05
20.685 0.00017178 6.8663e-05
20.743 0.00021483 7.8866e-05
20.801 0.00025762 8.8535e-05
20.859 0.00023359 8.2813e-05
20.917 0.00014941 6.2973e-05
20.975 0.00012768 5.7304e-05
21.033 0.00023161 8.2109e-05
21.091 4.2198e-05 3.0859e-05
21.149 0.00012625 5.6664e-05
21.207 0.00019043 7.2735e-05
21.265 0.0002101 7.7132e-05
21.323 0.0001458 6.145e-05
21.381 0.00014689 6.191e-05
21.439 0.0001052 5.0972e-05
21.497 0.00020647 7.5798e-05
21.555 0.00022542 7.9915e-05
21.613 0.00028863 9.4062e-05
21.671 0.00020595 7.5606e-05
21.729 0.00018466 7.053e-05
21.787 0.000142 5.9846e-05
21.845 0.00022339 7.9196e-05
21.903 0.00030594 9.7442e-05
21.961 6.0541e-05 3.6731e-05
22.019 0.0002399 8.2446e-05
22.077 0.00016026 6.4057e-05
22.135 0.00018072 6.9024e-05
22.193 0.00021903 7.765e-05
22.251 0.00023717 8.1506e-05
22.309 5.9517e-05 3.611e-05
22.367 0.00019765 7.2559e-05
22.425 0.00013835 5.8311e-05
22.483 0.00013719 5.7821e-05
22.541 0.00013789 5.8114e-05
22.599 0.00019665 7.2192e-05
22.657 0.00015642 6.2522e-05
22.715 0.00017483 6.6775e-05
22.773 0.00021229 7.5262e-05
22.831 9.6925e-05 4.6963e-05
22.889 0.00021286 7.5464e-05
22.947 0.0001527 6.1035e-05
23.005 7.6295e-05 4.0714e-05
23.063 0.00011428 5.1291e-05
23.121 0.00016991 6.4897e-05
23.179 0.00014949 5.9753e-05
23.237 0.00022562 7.7539e-05
23.295 0.00013015 5.4854e-05
23.353 0.00020504 7.2692e-05
23.412 0.00012912 5.4417e-05
23.47 0.00011071 4.9688e-05
23.528 0.00020216 7.167e-05
23.586 0.0001815 6.6632e-05
23.644 0.00028906 9.0154e-05
23.702 0.00021648 7.4398e-05
23.76 0.00018012 6.6125e-05
23.818 0.00023226 7.7623e-05
23.876 0.00017844 6.5507e-05
23.934 0.00012386 5.2201e-05
23.992 0.00014124 5.6456e-05
24.05 0.00014135 5.65e-05
24.108 0.00012193 5.139e-05
24.166 0.00022742 7.6006e-05
24.224 0.00020808 7.1511e-05
24.282 0.00012097 5.0984e-05
24.34 0.00015395 5.88e-05
24.398 0.00015359 5.8662e-05
24.456 0.00015378 5.8737e-05
24.514 0.00023688 7.7195e-05
24.572 0.00015171 5.7945e-05
24.63 0.00020097 6.9067e-05
24.688 0.00016729 6.1414e-05
24.746 0.00014933 5.7037e-05
24.804 0.00019673 6.7608e-05
24.862 0.00011444 4.8231e-05
24.92 0.00014642 5.5924e-05
24.978 0.00014491 5.5347e-05
25.036 0.00014376 5.491e-05
25.094 0.00019212 6.6027e-05
25.152 0.00012688 5.0717e-05
25.21 0.00023645 7.5308e-05
25.268 0.0001559 5.7235e-05
25.326 0.00018774 6.4521e-05
25.384 0.00012385 4.9506e-05
25.442 0.00015349 5.6348e-05
25.5 9.1658e-05 4.1138e-05
25.558 7.5894e-05 3.6773e-05
25.616 0.00015081 5.5363e-05
25.674 0.00018014 6.1908e-05
25.732 7.3904e-05 3.5809e-05
25.79 0.00014755 5.4168e-05
25.848 0.00013282 5.073e-05
25.906 0.00024596 7.5249e-05
25.964 0.00017272 5.9357e-05
26.022 0.00024293 7.432e-05
26.08 0.00014345 5.2661e-05
26.138 0.00021352 6.8006e-05
26.197 0.00022459 7.0047e-05
26.255 0.00019503 6.3557e-05
26.313 0.0001392 5.11e-05
26.371 0.00022 6.8616e-05
26.429 0.00020284 6.4605e-05
26.487 0.00021456 6.6919e-05
26.545 0.00022641 6.9266e-05
26.603 9.2317e-05 3.8908e-05
26.661 0.00020679 6.4495e-05
26.719 0.00021726 6.6468e-05
26.777 0.00016563 5.5355e-05
26.835 0.00015049 5.1717e-05
26.893 0.00028412 7.9479e-05
26.951 0.00017162 5.5928e-05
27.009 0.00019491 6.079e-05
27.067 0.00016832 5.4852e-05
27.125 0.00014095 4.8441e-05
27.183 0.00020971 6.3028e-05
27.241 0.00021899 6.4742e-05
27.299 0.00014721 4.9198e-05
27.357 0.00022113 6.4382e-05
27.415 0.00020864 6.1684e-05
27.473 0.00016304 5.1927e-05
27.531 0.00018128 5.5461e-05
27.589 0.00020884 6.0805e-05
27.647 0.00015411 4.9084e-05
27.705 0.0001411 4.5984e-05
27.763 0.00013828 4.5062e-05
27.821 0.00028025 7.3751e-05
27.879 0.00021701 6.0705e-05
27.937 0.00018508 5.3889e-05
27.995 0.00023619 6.3918e-05
28.053 0.00017815 5.187e-05
28.111 0.00014858 4.5455e-05
28.169 0.0001362 4.248e-05
28.227 0.0002064 5.6438e-05
28.285 0.00015914 4.6336e-05
28.343 0.00016946 4.7999e-05
28.401 0.00018649 5.0996e-05
28.459 0.00019312 5.1751e-05
28.517 0.00016473 4.5543e-05
28.575 0.00013902 3.9904e-05
28.633 0.00017193 4.6072e-05
28.691 0.00019982 5.0973e-05
28.749 0.0002038 5.097e-05
28.807 0.00017426 4.4454e-05
28.865 0.00018497 4.5716e-05
28.924 0.00014476 3.6927e-05
28.982 0.0001665 3.9749e-05
29.04 0.00016459 3.7134e-05
29.098 0.00020497 4.6488e-05
29.156 0.0001994 4.5609e-05
29.214 0.00019627 4.1932e-05
29.272 0.00012809 4.1743e-05
29.33 0.00013749 4.8741e-05
29.388 0.00021364 5.6221e-05
29.446 0.00013828 4.2306e-05
29.504 0 1
29.562 0 1
29.62 0 1
29.678 0 1
