-29.678 0 1
-29.62 0 1
-29.562 0 1
-29.504 0.00013358 3.8911e-05
-29.446 0.00012681 3.6416e-05
-29.388 0.00016347 5.1004e-05
-29.33 0.00014955 4.3564e-05
-29.272 0.00017569 3.7291e-05
-29.214 0.00018915 4.2295e-05
-29.156 0.00016811 3.826e-05
-29.098 0.00018086 3.929e-05
-29.04 0.00017064 3.9295e-05
-28.982 0.00019236 4.4582e-05
-28.924 0.00017363 4.1854e-05
-28.865 0.0002246 5.2412e-05
-28.807 0.0001554 3.9666e-05
-28.749 0.00022128 5.3096e-05
-28.691 0.00016448 4.2608e-05
-28.633 0.00017704 4.5517e-05
-28.575 0.00014369 3.9311e-05
-28.517 0.00013797 3.8613e-05
-28.459 0.00015686 4.2915e-05
-28.401 0.00016168 4.4235e-05
-28.343 0.00016047 4.4388e-05
-28.285 0.00014563 4.1821e-05
-28.227 0.00020639 5.4344e-05
-28.169 0.00018169 4.9709e-05
-28.111 0.00022297 5.8221e-05
-28.053 0.00019775 5.3543e-05
-27.995 0.00015662 4.5622e-05
-27.937 0.0002134 5.7215e-05
-27.879 0.00014451 4.3451e-05
-27.821 0.00014752 4.4357e-05
-27.763 0.00020909 5.7205e-05
-27.705 0.00011924 3.8871e-05
-27.647 0.00015538 4.6718e-05
-27.589 0.00010601 3.6442e-05
-27.531 0.00021489 5.9442e-05
-27.473 0.00016419 4.9368e-05
-27.415 0.00011116 3.8216e-05
-27.357 0.00018808 5.4784e-05
-27.299 0.00020162 5.79e-05
-27.241 0.00014572 4.6429e-05
-27.183 0.00019536 5.6906e-05
-27.125 0.00017859 5.3696e-05
-27.067 0.0001401 4.5672e-05
-27.009 0.00014268 4.6514e-05
-26.951 0.00023422 6.5551e-05
-26.893 0.00020777 6.0522e-05
-26.835 0.00014738 4.8048e-05
-26.777 0.00014828 4.8339e-05
-26.719 0.00021569 6.2827e-05
-26.661 0.00016323 5.2008e-05
-26.603 0.0001329 4.569e-05
-26.545 0.00014446 4.8297e-05
-26.487 0.00015701 5.1184e-05
-26.429 0.00019301 5.9072e-05
-26.371 0.00011505 4.2249e-05
-26.313 0.00010453 3.9935e-05
-26.255 0.00014018 4.819e-05
-26.197 0.00021274 6.3966e-05
-26.138 0.00026267 7.4436e-05
-26.08 0.00021647 6.5086e-05
-26.022 0.00016789 5.4734e-05
-25.964 0.00014541 4.999e-05
-25.906 0.00014722 5.061e-05
-25.848 0.00014706 5.0555e-05
-25.79 0.00020914 6.4009e-05
-25.732 0.00012428 4.5638e-05
-25.674 0.00015058 5.1767e-05
-25.616 0.00015147 5.207e-05
-25.558 0.00012669 4.6521e-05
-25.5 0.00015317 5.2658e-05
-25.442 0.00011654 4.4524e-05
-25.384 0.00015561 5.3495e-05
-25.326 0.00019427 6.1897e-05
-25.268 0.00013222 4.8552e-05
-25.21 0.00017227 5.7595e-05
-25.152 0.00010701 4.2784e-05
-25.094 0.00012004 4.586e-05
-25.036 0.00017482 5.8446e-05
-24.978 0.00018977 6.1867e-05
-24.92 0.00012148 4.641e-05
-24.862 0.00017617 5.8898e-05
-24.804 9.5677e-05 4.0333e-05
-24.746 0.0001802 6.0244e-05
-24.688 0.00015268 5.4145e-05
-24.63 0.00018152 6.0688e-05
-24.572 0.00022386 6.9847e-05
-24.514 0.00015688 5.5632e-05
-24.456 0.00014264 5.2381e-05
-24.398 0.00015739 5.5813e-05
-24.34 0.00014406 5.2901e-05
-24.282 0.00015927 5.648e-05
-24.224 0.00013044 4.9834e-05
-24.166 0.00023262 7.2578e-05
-24.108 7.3612e-05 3.5673e-05
-24.05 0.0001328 5.0738e-05
-23.992 0.00013367 5.107e-05
-23.934 0.00011803 4.7188e-05
-23.876 0.00017963 6.1754e-05
-23.818 0.00010558 4.4508e-05
-23.76 0.0001055 4.4475e-05
-23.702 0.00021103 6.8798e-05
-23.644 0.00013598 5.1952e-05
-23.586 0.00016721 5.9298e-05
-23.528 0.00012238 4.8931e-05
-23.47 0.00015217 5.5881e-05
-23.412 0.00016895 5.9913e-05
-23.353 0.0001866 6.415e-05
-23.295 0.00012362 4.9424e-05
-23.237 0.00013905 5.3124e-05
-23.179 4.6855e-05 2.8431e-05
-23.121 0.00014013 5.3538e-05
-23.063 0.00017178 6.0918e-05
-23.005 9.3556e-05 4.1998e-05
-22.947 0.0002039 6.8168e-05
-22.889 0.00015896 5.8372e-05
-22.831 0.00011111 4.6841e-05
-22.773 0.00017392 6.1677e-05
-22.715 9.6157e-05 4.3165e-05
-22.657 9.6255e-05 4.3209e-05
-22.599 0.00019394 6.6674e-05
-22.541 0.00019374 6.6605e-05
-22.483 0.00014561 5.5631e-05
-22.425 0.00014838 5.6688e-05
-22.367 0.00014595 5.5761e-05
-22.309 0.00013067 5.2245e-05
-22.251 0.0001981 6.8103e-05
-22.193 0.00014974 5.721e-05
-22.135 0.00013297 5.3164e-05
-22.077 9.9611e-05 4.4716e-05
-22.019 6.6329e-05 3.5401e-05
-21.961 0.00023485 7.656e-05
-21.903 0.00011769 4.9614e-05
-21.845 0.00010051 4.5121e-05
-21.787 0.00021852 7.3055e-05
-21.729 0.0001016 4.5608e-05
-21.671 0.0002037 7.0027e-05
-21.613 0.00015274 5.8355e-05
-21.555 0.00017161 6.3018e-05
-21.497 0.00015363 5.8693e-05
-21.439 0.00018786 6.6619e-05
-21.381 0.00032435 9.5933e-05
-21.323 0.00018954 6.7215e-05
-21.265 0.00017429 6.4002e-05
-21.207 0.00012032 5.0723e-05
-21.149 0.00013861 5.5419e-05
-21.091 0.00010475 4.7024e-05
-21.033 0.00024471 7.9777e-05
-20.975 8.7026e-05 4.2174e-05
-20.917 0.00017513 6.4312e-05
-20.859 0.00019422 6.8876e-05
-20.801 0.00012334 5.1993e-05
-20.743 0.00015846 6.054e-05
-20.685 0.00014231 5.6898e-05
-20.626 0.0001249 5.2651e-05
-20.568 0.00014173 5.6665e-05
-20.51 0.00021353 7.3406e-05
-20.452 0.00023139 7.7358e-05
-20.394 0.00012493 5.2664e-05
-20.336 0.00014401 5.7577e-05
-20.278 0.00014413 5.7624e-05
-20.22 0.0001963 6.9612e-05
-20.162 0.00016384 6.2597e-05
-20.104 0.00014454 5.7787e-05
-20.046 0.00019896 7.0556e-05
-19.988 0.0001445 5.7774e-05
-19.93 9.1086e-05 4.4141e-05
-19.872 0.00018244 6.6997e-05
-19.814 0.00018213 6.688e-05
-19.756 0.00012694 5.351e-05
-19.698 0.00012844 5.4145e-05
-19.64 0.00012958 5.4626e-05
-19.582 0.00014686 5.8715e-05
-19.524 0.00014641 5.8538e-05
-19.466 7.3925e-05 3.9455e-05
-19.408 0.00018576 6.8213e-05
-19.35 5.5725e-05 3.3813e-05
-19.292 0.00018407 6.7595e-05
-19.234 0.00022261 7.6528e-05
-19.176 0.00020524 7.2784e-05
-19.118 0.00014857 5.9399e-05
-19.06 0.00013023 5.49e-05
-19.002 0.00022481 7.7284e-05
-18.944 0.00015084 6.0309e-05
-18.886 0.00016849 6.437e-05
-18.828 0.00020622 7.313e-05
-18.77 0.0001316 5.5477e-05
-18.712 0.00015206 6.0795e-05
-18.654 0.00016902 6.4574e-05
-18.596 0.0001136 5.0994e-05
-18.538 0.0001334 5.6237e-05
-18.48 0.00026619 8.678e-05
-18.422 0.00013274 5.5959e-05
-18.364 0.00017078 6.5245e-05
-18.306 0.00013441 5.6661e-05
-18.248 5.7427e-05 3.4846e-05
-18.19 9.6099e-05 4.6571e-05
-18.132 5.6953e-05 3.4558e-05
-18.074 5.7456e-05 3.4863e-05
-18.016 9.6302e-05 4.6669e-05
-17.958 0.00023143 7.9561e-05
-17.9 0.00019206 7.053e-05
-17.841 3.9066e-05 2.8571e-05
-17.783 0.00029221 9.3103e-05
-17.725 0.00017443 6.6641e-05
-17.667 0.0001548 6.1893e-05
-17.609 0.0001182 5.306e-05
-17.551 9.7876e-05 4.7432e-05
-17.493 7.8539e-05 4.1917e-05
-17.435 0.00013588 5.7279e-05
-17.377 5.8934e-05 3.576e-05
-17.319 0.00013757 5.7993e-05
-17.261 0.00011853 5.3207e-05
-17.203 0.00023527 8.088e-05
-17.145 0.00011783 5.2897e-05
-17.087 0.00013808 5.8207e-05
-17.029 0.0003174 9.9033e-05
-16.971 0.00015757 6.2997e-05
-16.913 0.00023761 8.1685e-05
-16.855 0.00019695 7.2324e-05
-16.797 0.00017879 6.8305e-05
-16.739 0.00015863 6.3421e-05
-16.681 0.00017811 6.8048e-05
-16.623 0.00013999 5.9015e-05
-16.565 0.00011936 5.3581e-05
-16.507 0.00011846 5.3179e-05
-16.449 0.00013956 5.8831e-05
-16.391 0.00017916 6.8449e-05
-16.333 0.00019816 7.2769e-05
-16.275 0.00025963 8.68e-05
-16.217 0.00022017 7.8079e-05
-16.159 0.00020023 7.3528e-05
-16.101 0.00016048 6.416e-05
-16.043 9.9999e-05 4.8461e-05
-15.985 0.00019915 7.3131e-05
-15.927 0.00012077 5.4214e-05
-15.869 0.00018056 6.8984e-05
-15.811 0.00010066 4.8782e-05
-15.753 8.0757e-05 4.3101e-05
-15.695 0.00018161 6.9383e-05
-15.637 0.00020195 7.4161e-05
-15.579 6.0221e-05 3.6541e-05
-15.521 0.00016199 6.4767e-05
-15.463 0.0001014 4.9138e-05
-15.405 0.00016317 6.5238e-05
-15.347 0.00014171 5.9738e-05
-15.289 8.1832e-05 4.3675e-05
-15.231 0.00018483 7.0614e-05
-15.173 0.0001229 5.5173e-05
-15.114 0.00014195 5.9839e-05
-15.056 0.00010239 4.9617e-05
-14.998 6.138e-05 3.7244e-05
-14.94 0.000247 8.4913e-05
-14.882 0.00026631 8.9035e-05
-14.824 0.00014403 6.0716e-05
-14.766 0.00014419 6.0785e-05
-14.708 0.00016535 6.6109e-05
-14.65 0.00014241 6.0032e-05
-14.592 0.00016547 6.6158e-05
-14.534 0.0001038 5.0304e-05
-14.476 8.2771e-05 4.4176e-05
-14.418 0.0001039 5.035e-05
-14.36 0.00012384 5.5593e-05
-14.302 0.00014545 6.1316e-05
-14.244 0.00020741 7.6166e-05
-14.186 0.00010371 5.0261e-05
-14.128 0.00010365 5.023e-05
-14.07 0.00012475 5.6001e-05
-14.012 0.00018504 7.0693e-05
-13.954 0.00012391 5.5625e-05
-13.896 0.00024879 8.5529e-05
-13.838 0.00020855 7.6582e-05
-13.78 0.00012498 5.6103e-05
-13.722 0.00012416 5.5734e-05
-13.664 0.00014539 6.1289e-05
-13.606 0.00014702 6.1977e-05
-13.548 0.00014573 6.1432e-05
-13.49 0.00022961 8.1426e-05
-13.432 0.00033593 0.00010481
-13.374 0.00014664 6.1817e-05
-13.316 0.00012547 5.6324e-05
-13.258 0.0001469 6.1926e-05
-13.2 0.00010507 5.0918e-05
-13.142 0.00018965 7.2455e-05
-13.084 0.00010556 5.1156e-05
-13.026 0.00010489 5.0829e-05
-12.968 6.3725e-05 3.8667e-05
-12.91 0.0001486 6.2644e-05
-12.852 0.0002115 7.7667e-05
-12.794 2.0953e-05 2.1315e-05
-12.736 0.0001472 6.2055e-05
-12.678 4.221e-05 3.087e-05
-12.62 0.00019109 7.3007e-05
-12.562 0.00010507 5.092e-05
-12.504 0.00019003 7.2602e-05
-12.446 8.5749e-05 4.5766e-05
-12.388 0.00012609 5.6604e-05
-12.329 0.00016906 6.7593e-05
-12.271 0.00019072 7.2864e-05
-12.213 0.00021245 7.8017e-05
-12.155 0.00010606 5.1396e-05
-12.097 0.00012732 5.7153e-05
-12.039 0.00029862 9.7351e-05
-11.981 2.137e-05 2.1739e-05
-11.923 0.00019196 7.3339e-05
-11.865 8.4786e-05 4.5252e-05
-11.807 0.00010723 5.1965e-05
-11.749 0.00021464 7.8819e-05
-11.691 8.5245e-05 4.5496e-05
-11.633 8.4736e-05 4.5225e-05
-11.575 0.00010691 5.1809e-05
-11.517 0.0001931 7.3774e-05
-11.459 8.5087e-05 4.5412e-05
-11.401 0.00019391 7.4082e-05
-11.343 0.00012845 5.7662e-05
-11.285 0.00012892 5.7872e-05
-11.227 0.00014953 6.3036e-05
-11.169 0.00012756 5.7264e-05
-11.111 8.5548e-05 4.5658e-05
-11.053 0.00019407 7.4145e-05
-10.995 0.00015002 6.3243e-05
-10.937 0.00017009 6.8002e-05
-10.879 0.00012882 5.7827e-05
-10.821 0.00015138 6.3816e-05
-10.763 0.00019325 7.3829e-05
-10.705 0.00017166 6.8633e-05
-10.647 0.00017267 6.9034e-05
-10.589 0.00015136 6.3805e-05
-10.531 0.00021676 7.9598e-05
-10.473 0.00019216 7.3414e-05
-10.415 0.00015059 6.3481e-05
-10.357 4.3302e-05 3.1668e-05
-10.299 0.00021746 7.9857e-05
-10.241 0.00010812 5.2395e-05
-10.183 0.00012922 5.8006e-05
-10.125 0.0001083 5.2484e-05
-10.067 0.00015238 6.4237e-05
-10.009 0.00017242 6.8938e-05
-9.9506 0.00021703 7.9697e-05
-9.8926 0.0001304 5.8535e-05
-9.8346 0.00013041 5.854e-05
-9.7766 0.00023835 8.4526e-05
-9.7185 0.00010956 5.3097e-05
-9.6605 0.00015195 6.4054e-05
-9.6025 0.00010895 5.2801e-05
-9.5445 0.00012923 5.8011e-05
-9.4864 0.00015163 6.392e-05
-9.4284 8.7487e-05 4.6693e-05
-9.3704 0.00013029 5.8486e-05
-9.3124 0.00015139 6.382e-05
-9.2544 0.00024124 8.5549e-05
-9.1963 0.00013128 5.893e-05
-9.1383 0.00019578 7.4796e-05
-9.0803 0.00013001 5.836e-05
-9.0223 0.00021903 8.0433e-05
-8.9643 0.00010955 5.3087e-05
-8.9062 8.8078e-05 4.7008e-05
-8.8482 0.0001521 6.4118e-05
-8.7902 0.00017464 6.9824e-05
-8.7322 4.3909e-05 3.2112e-05
-8.6742 0.00011067 5.3634e-05
-8.6161 0.00028182 9.4219e-05
-8.5581 8.8025e-05 4.698e-05
-8.5001 0.00015439 6.5082e-05
-8.4421 0.00017489 6.9924e-05
-8.384 0.00021731 7.9799e-05
-8.326 0.00010955 5.3091e-05
-8.268 0.00021893 8.0394e-05
-8.21 0.0001531 6.4538e-05
-8.152 0.00010957 5.3101e-05
-8.0939 0.00010969 5.3155e-05
-8.0359 0.00013324 5.9813e-05
-7.9779 0.00013217 5.9333e-05
-7.9199 0.000197 7.5264e-05
-7.8619 0.00024132 8.5577e-05
-7.8038 0.0001333 5.9838e-05
-7.7458 0.00010985 5.3236e-05
-7.6878 0.00017634 7.0504e-05
-7.6298 0.00024067 8.5348e-05
-7.5718 0.00022003 8.0798e-05
-7.5137 0.00019964 7.6273e-05
-7.4557 0.00013137 5.8975e-05
-7.3977 0.0001103 5.3454e-05
-7.3397 0.00015498 6.533e-05
-7.2816 0.00015461 6.5176e-05
-7.2236 0.00019789 7.5604e-05
-7.1656 0.00013527 6.0723e-05
-7.1076 0.00020177 7.7085e-05
-7.0496 0.00010951 5.3072e-05
-6.9915 0.00011138 5.3976e-05
-6.9335 0.00017877 7.1473e-05
-6.8755 0.00013256 5.9507e-05
-6.8175 8.9193e-05 4.7603e-05
-6.7595 0.00022093 8.113e-05
-6.7014 0.00026528 9.1197e-05
-6.6434 0.00018041 7.2131e-05
-6.5854 0.00022042 8.0941e-05
-6.5274 0.00017747 7.0954e-05
-6.4694 0.00021964 8.0657e-05
-6.4113 0.00015675 6.6079e-05
-6.3533 0.00015609 6.5799e-05
-6.2953 0.00017781 7.1091e-05
-6.2373 0.00024159 8.5674e-05
-6.1792 0.00013604 6.1069e-05
-6.1212 0.0001993 7.6144e-05
-6.0632 0.00017609 7.0403e-05
-6.0052 0.00021983 8.0725e-05
-5.9472 0.00015868 6.6892e-05
-5.8891 0.0001098 5.3209e-05
-5.8311 0.00019801 7.5649e-05
-5.7731 0.00020212 7.722e-05
-5.7151 0.00015405 6.4941e-05
-5.6571 0.00013463 6.0434e-05
-5.599 0.00024506 8.6904e-05
-5.541 0.00022008 8.0817e-05
-5.483 0.00013162 5.9087e-05
-5.425 0.00029106 9.7308e-05
-5.3669 0.00021947 8.0594e-05
-5.3089 0.00017804 7.1181e-05
-5.2509 0.00015624 6.5862e-05
-5.1929 0.00013361 5.9979e-05
-5.1349 0.00024289 8.6135e-05
-5.0768 0.00015529 6.5462e-05
-5.0188 0.00015585 6.57e-05
-4.9608 0.00015554 6.5568e-05
-4.9028 0.00017656 7.059e-05
-4.8448 6.6302e-05 4.0231e-05
-4.7867 0.00015663 6.6028e-05
-4.7287 0.00017619 7.0444e-05
-4.6707 0.00017754 7.0981e-05
-4.6127 0.000111 5.3794e-05
-4.5547 0.00011178 5.417e-05
-4.4966 0.00017838 7.1318e-05
-4.4386 0.00026714 9.1838e-05
-4.3806 0.00017646 7.0552e-05
-4.3226 0.00015626 6.5874e-05
-4.2645 0.00013403 6.0166e-05
-4.2065 0.0002234 8.2036e-05
-4.1485 8.9025e-05 4.7514e-05
-4.0905 0.00031313 0.00010208
-4.0325 0.00013389 6.0103e-05
-3.9744 0.00028849 9.6448e-05
-3.9164 0.0002907 9.7189e-05
-3.8584 0.00015691 6.6148e-05
-3.8004 0.0003824 0.00011704
-3.7424 0.00033458 0.0001066
-3.6843 0.0001561 6.5804e-05
-3.6263 0.00036027 0.00011241
-3.5683 0.00022366 8.2133e-05
-3.5103 6.7129e-05 4.0732e-05
-3.4523 0.00020316 7.7617e-05
-3.3942 0.0001562 6.5848e-05
-3.3362 0.00024621 8.7313e-05
-3.2782 0.00027127 9.3258e-05
-3.2202 0.00018009 7.2004e-05
-3.1621 0.00019925 7.6125e-05
-3.1041 0.00031625 0.0001031
-3.0461 0.00026572 9.1348e-05
-2.9881 0.0001777 7.1046e-05
-2.9301 0.00023179 8.5119e-05
-2.872 0.00037348 0.00011431
-2.814 0.00027114 9.3211e-05
-2.756 0.0003809 0.00011658
-2.698 0.0002673 9.189e-05
-2.64 0.00045968 0.0001339
-2.5819 0.00032504 0.00010356
-2.5239 0.00030035 0.00010042
-2.4659 0.00042638 0.0001242
-2.4079 0.00035364 0.00011267
-2.3499 0.00021681 7.9616e-05
-2.2918 0.00042816 0.00012664
-2.2338 0.00013272 5.9579e-05
-2.1758 0.0003667 0.00011441
-2.1178 0.00027013 9.2865e-05
-2.0597 0.00034137 0.00010651
-2.0017 0.00043791 0.00013167
-1.9437 0.00032338 0.00010303
-1.8857 0.00062293 0.00016548
-1.8277 0.00063009 0.00016894
-1.7696 0.00046333 0.00013306
-1.7116 0.00066408 0.0001734
-1.6536 0.00065661 0.00017289
-1.5956 0.00089985 0.00022255
-1.5376 0.00097373 0.00023069
-1.4795 0.0011343 0.00026663
-1.4215 0.001941 0.00041726
-1.3635 0.0018788 0.00040883
-1.3055 0.0025981 0.00053863
-1.2475 0.0040442 0.00081201
-1.1894 0.0053866 0.001064
-1.1314 0.0078153 0.0015169
-1.0734 0.011244 0.0021638
-1.0154 0.012769 0.0024408
-0.95735 0.016546 0.0031485
-0.89933 0.018694 0.0035503
-0.84131 0.028352 0.0053484
-0.78328 0.029001 0.0054753
-0.72526 0.029292 0.0055294
-0.66724 0.034736 0.0065409
-0.60922 0.041441 0.0077942
-0.5512 0.040922 0.0077023
-0.49318 0.044598 0.0083861
-0.43516 0.047977 0.0090142
-0.37714 0.048431 0.0090998
-0.31912 0.047974 0.0090184
-0.26109 0.046339 0.0087123
-0.20307 0.050425 0.0094757
-0.14505 0.042968 0.0080799
-0.087032 0.048237 0.0090644
-0.029011 0.042836 0.0080537
0.029011 0.042196 0.0079359
0.087032 0.033098 0.0062378
0.14505 0.039915 0.0075134
0.20307 0.030606 0.0057744
0.26109 0.023793 0.0045033
0.31912 0.020738 0.0039302
0.37714 0.01789 0.0033974
0.43516 0.012229 0.0023423
0.49318 0.0096548 0.0018642
0.5512 0.007256 0.0014122
0.60922 0.0048396 0.00095862
0.66724 0.0034943 0.0007116
0.72526 0.0022562 0.00047835
0.78328 0.0016982 0.00036893
0.84131 0.0012346 0.00028522
0.89933 0.00089793 0.00021855
0.95735 0.00085984 0.00021148
1.0154 0.00058348 0.0001614
1.0734 0.00055194 0.000151
1.1314 0.00043077 0.00012741
1.1894 0.00063567 0.00016738
1.2475 0.00046983 0.00013314
1.3055 0.0003139 0.00010494
1.3635 0.00058651 0.0001588
1.4215 0.00030124 0.00010071
1.4795 0.00035402 0.00010835
1.5376 0.00033272 0.00010847
1.5956 0.00049865 0.00014131
1.6536 0.00013128 5.8933e-05
1.7116 0.00029287 9.7914e-05
1.7696 0.00039363 0.00012048
1.8277 0.00046709 0.00013414
1.8857 0.00034862 0.00010877
1.9437 0.00043754 0.00013156
2.0017 0.00027888 9.3236e-05
2.0597 0.00018209 7.28e-05
2.1178 0.00027089 9.3124e-05
2.1758 0.00020583 7.8636e-05
2.2338 0.0004742 0.00013618
2.2918 0.00028811 9.6324e-05
2.3499 0.00016599 6.9972e-05
2.4079 0.00015175 6.3969e-05
2.4659 0.00023351 8.575e-05
2.5239 6.5426e-05 3.97e-05
2.5819 0.00030115 0.00010068
2.64 0.00015864 6.6875e-05
2.698 0.00020131 7.691e-05
2.756 0.000296 9.8961e-05
2.814 0.00017632 7.0495e-05
2.872 0.00014083 6.3221e-05
2.9301 0.00011254 5.454e-05
2.9881 0.00018 7.1967e-05
3.0461 0.00018438 7.3716e-05
3.1041 0.00022747 8.353e-05
3.1621 6.7265e-05 4.0815e-05
3.2202 0.00015965 6.73e-05
3.2782 0.00011242 5.4478e-05
3.3362 0.00020267 7.743e-05
3.3942 0.00022798 8.3717e-05
3.4523 0.00018168 7.2639e-05
3.5103 0.00015833 6.6745e-05
3.5683 0.00013507 6.0633e-05
3.6263 0.00013556 6.0853e-05
3.6843 0.00027052 9.2997e-05
3.7424 0.00015829 6.6729e-05
3.8004 0.00013668 6.1357e-05
3.8584 0.000159 6.7027e-05
3.9164 8.9549e-05 4.7793e-05
3.9744 0.00011431 5.5398e-05
4.0325 0.00013634 6.1203e-05
4.0905 0.00018263 7.3018e-05
4.1485 0.00027023 9.29e-05
4.2065 0.00015919 6.7105e-05
4.2645 0.00013687 6.1442e-05
4.3226 0.00013535 6.0761e-05
4.3806 0.00015791 6.6569e-05
4.4386 0.00015865 6.6879e-05
4.4966 0.00013695 6.1476e-05
4.5547 0.00022431 8.2372e-05
4.6127 0.00018049 7.2161e-05
4.6707 0.00017988 7.1917e-05
4.7287 9.1039e-05 4.8589e-05
4.7867 0.00020456 7.8153e-05
4.8448 4.5157e-05 3.3025e-05
4.9028 0.00015787 6.6552e-05
4.9608 0.00022506 8.2648e-05
5.0188 0.00017968 7.184e-05
5.0768 0.00015713 6.6237e-05
5.1349 0.00015857 6.6847e-05
5.1929 0.00015827 6.6718e-05
5.2509 0.00015695 6.6165e-05
5.3089 0.00011146 5.4014e-05
5.3669 0.0001594 6.7196e-05
5.425 0.00024733 8.7708e-05
5.483 0.00018127 7.2474e-05
5.541 0.00020301 7.7558e-05
5.599 9.0642e-05 4.8377e-05
5.6571 0.00022565 8.2864e-05
5.7151 0.00027602 9.489e-05
5.7731 0.00022589 8.295e-05
5.8311 0.00018115 7.2426e-05
5.8891 0.00020637 7.8842e-05
5.9472 0.00022448 8.2434e-05
6.0052 0.00027359 9.4054e-05
6.0632 6.8121e-05 4.1335e-05
6.1212 0.00016028 6.7565e-05
6.1792 0.00018067 7.2232e-05
6.2373 0.00015833 6.6745e-05
6.2953 0.00013605 6.1075e-05
6.3533 0.00011501 5.5735e-05
6.4113 0.00011139 5.3983e-05
6.4694 0.00022987 8.4413e-05
6.5274 0.00020333 7.768e-05
6.5854 0.00011582 5.6126e-05
6.6434 0.0002279 8.3691e-05
6.7014 0.00033991 0.0001083
6.7595 0.00015987 6.7395e-05
6.8175 0.000159 6.7029e-05
6.8755 0.00013702 6.151e-05
6.9335 0.00011385 5.5174e-05
6.9915 0.00013433 6.0301e-05
7.0496 0.00025225 8.9454e-05
7.1076 0.00027592 9.4854e-05
7.1656 0.00013503 6.0617e-05
7.2236 0.00015773 6.6491e-05
7.2816 0.00013565 6.0894e-05
7.3397 0.00018225 7.2867e-05
7.3977 0.00020429 7.8051e-05
7.4557 0.00022683 8.3297e-05
7.5137 0.00015966 6.7304e-05
7.5718 9.0567e-05 4.8337e-05
7.6298 0.00013539 6.0777e-05
7.6878 0.00013584 6.0978e-05
7.7458 0.00022741 8.3508e-05
7.8038 0.00015855 6.6839e-05
7.8619 0.00022505 8.2641e-05
7.9199 8.9561e-05 4.78e-05
7.9779 0.00011392 5.5205e-05
8.0359 0.00011371 5.5107e-05
8.0939 0.00011267 5.4599e-05
8.152 0.00011251 5.4524e-05
8.21 0.00020465 7.8186e-05
8.268 8.9545e-05 4.7792e-05
8.326 0.00024689 8.7554e-05
8.384 6.7001e-05 4.0655e-05
8.4421 0.00024853 8.8136e-05
8.5001 6.753e-05 4.0976e-05
8.5581 8.9109e-05 4.7559e-05
8.6161 0.00015678 6.6093e-05
8.6742 0.00013408 6.0187e-05
8.7322 0.0001574 6.6353e-05
8.7902 0.00020164 7.7036e-05
8.8482 0.00022548 8.28e-05
8.9062 4.4797e-05 3.2761e-05
8.9643 0.0002923 9.7723e-05
9.0223 0.00026785 9.2081e-05
9.0803 6.7182e-05 4.0764e-05
9.1383 0.00022523 8.2708e-05
9.1963 4.5119e-05 3.2997e-05
9.2544 6.6836e-05 4.0555e-05
9.3124 0.00013432 6.0297e-05
9.3704 0.00015889 6.6979e-05
9.4284 0.00020168 7.7051e-05
9.4864 0.00017889 7.1521e-05
9.5445 0.00013535 6.076e-05
9.6025 0.00011234 5.444e-05
9.6605 0.00017939 7.1721e-05
9.7185 0.00015584 6.5693e-05
9.7766 0.00017847 7.1356e-05
9.8346 0.0001338 6.0066e-05
9.8926 0.00011138 5.3977e-05
9.9506 0.0002444 8.667e-05
10.009 0.00015662 6.6024e-05
10.067 2.2488e-05 2.2876e-05
10.125 0.00015427 6.5032e-05
10.183 0.00019964 7.6272e-05
10.241 0.00013484 6.0531e-05
10.299 8.9392e-05 4.771e-05
10.357 2.2112e-05 2.2494e-05
10.415 0.00011095 5.377e-05
10.473 8.8812e-05 4.74e-05
10.531 8.9081e-05 4.7544e-05
10.589 0.00015596 6.5745e-05
10.647 0.00011035 5.3479e-05
10.705 0.00017859 7.1402e-05
10.763 0.0001107 5.3646e-05
10.821 0.00017824 7.1262e-05
10.879 0.00017676 7.0673e-05
10.937 0.00024324 8.6261e-05
10.995 0.00024467 8.6765e-05
11.053 0.00017824 7.1263e-05
11.111 0.00017625 7.0469e-05
11.169 0.00013324 5.9813e-05
11.227 0.0001332 5.9793e-05
11.285 0.00024212 8.5862e-05
11.343 0.00017653 7.0579e-05
11.401 6.6062e-05 4.0085e-05
11.459 0.00022185 8.1466e-05
11.517 0.00017879 7.1483e-05
11.575 0.00013227 5.9377e-05
11.633 8.8425e-05 4.7194e-05
11.691 0.00015484 6.5272e-05
11.749 0.00013195 5.9235e-05
11.807 0.00011046 5.3533e-05
11.865 6.6412e-05 4.0297e-05
11.923 0.00015482 6.5264e-05
11.981 0.00017738 7.092e-05
12.039 8.728e-05 4.6583e-05
12.097 0.00013238 5.9425e-05
12.155 6.6276e-05 4.0215e-05
12.213 0.00015328 6.4616e-05
12.271 0.00019731 7.5383e-05
12.329 0.00026365 9.0636e-05
12.388 0.00011066 5.3628e-05
12.446 0.00028372 9.4853e-05
12.504 0.00013051 5.8585e-05
12.562 0.0002399 8.5073e-05
12.62 6.5507e-05 3.9748e-05
12.678 0.00024125 8.5554e-05
12.736 0.00019546 7.4676e-05
12.794 4.3391e-05 3.1733e-05
12.852 0.00021752 7.9878e-05
12.91 0.00015341 6.467e-05
12.968 0.00015043 6.3415e-05
13.026 0.00010838 5.2524e-05
13.084 0.00017353 6.938e-05
13.142 0.00013023 5.8459e-05
13.2 0.00014983 6.3161e-05
13.258 2.1597e-05 2.197e-05
13.316 0.00015118 6.3731e-05
13.374 0.00012989 5.8307e-05
13.432 0.00012945 5.811e-05
13.49 0.00019438 7.4262e-05
13.548 0.00017318 6.924e-05
13.606 0.00010768 5.2182e-05
13.664 0.00023627 8.3789e-05
13.722 8.6309e-05 4.6064e-05
13.78 0.00028074 9.3858e-05
13.838 0.00019411 7.4159e-05
13.896 6.4315e-05 3.9025e-05
13.954 0.0001936 7.3965e-05
14.012 0.00017173 6.8658e-05
14.07 0.00019226 7.3451e-05
14.128 8.4914e-05 4.532e-05
14.186 0.00019383 7.4053e-05
14.244 0.00019367 7.3991e-05
14.302 0.00010629 5.1509e-05
14.36 0.00019266 7.3607e-05
14.418 0.00012775 5.7347e-05
14.476 0.00023567 8.3574e-05
14.534 0.00010624 5.1484e-05
14.592 0.00021199 7.7848e-05
14.65 0.0002333 8.2733e-05
14.708 0.00014921 6.29e-05
14.766 2.1145e-05 2.151e-05
14.824 0.00023215 8.2328e-05
14.882 0.00012653 5.6799e-05
14.94 0.00010582 5.1279e-05
14.998 0.00010558 5.1167e-05
15.056 8.4162e-05 4.4918e-05
15.114 0.00010571 5.123e-05
15.173 0.0001278 5.7369e-05
15.231 6.3193e-05 3.8344e-05
15.289 8.3686e-05 4.4664e-05
15.347 0.00029365 9.5731e-05
15.405 0.00010588 5.131e-05
15.463 0.0001889 7.2168e-05
15.521 0.00018835 7.1959e-05
15.579 0.0001051 5.0935e-05
15.637 0.00010499 5.0878e-05
15.695 0.00012519 5.6196e-05
15.753 0.00020884 7.6691e-05
15.811 0.00020706 7.6036e-05
15.869 0.000188 7.1823e-05
15.927 0.00024969 8.5837e-05
15.985 0.00010349 5.0151e-05
16.043 0.00018719 7.1516e-05
16.101 0.00016596 6.6353e-05
16.159 0.00014554 6.1353e-05
16.217 6.1649e-05 3.7407e-05
16.275 0.00014437 6.0861e-05
16.333 0.00010316 4.9991e-05
16.391 0.00010332 5.0071e-05
16.449 0.00016535 6.6109e-05
16.507 0.00024726 8.5001e-05
16.565 0.00020593 7.5623e-05
16.623 8.1925e-05 4.3724e-05
16.681 0.0001443 6.0829e-05
16.739 0.0002038 7.4839e-05
16.797 0.00012345 5.5416e-05
16.855 0.00014224 5.9961e-05
16.913 0.00012202 5.4774e-05
16.971 0.00014211 5.9906e-05
17.029 0.00016247 6.4958e-05
17.087 0.00020261 7.4402e-05
17.145 0.00012088 5.4264e-05
17.203 0.00016213 6.482e-05
17.261 0.00010054 4.8723e-05
17.319 0.00022212 7.8769e-05
17.377 0.00027867 9.0847e-05
17.435 0.00026048 8.7084e-05
17.493 0.00016045 6.415e-05
17.551 0.00024022 8.2581e-05
17.609 0.00013773 5.8062e-05
17.667 0.00021745 7.7113e-05
17.725 0.00020003 7.3455e-05
17.783 0.00018009 6.8804e-05
17.841 5.8769e-05 3.566e-05
17.9 0.0001184 5.3152e-05
17.958 0.00021759 7.7164e-05
18.016 0.00017708 6.7654e-05
18.074 0.00011757 5.2778e-05
18.132 0.0001185 5.3197e-05
18.19 9.8177e-05 4.7578e-05
18.248 0.00017513 6.691e-05
18.306 0.00013599 5.7328e-05
18.364 0.0001767 6.7509e-05
18.422 0.00021483 7.6184e-05
18.48 0.0002331 8.0134e-05
18.538 0.00017519 6.6929e-05
18.596 7.7935e-05 4.1595e-05
18.654 0.00013604 5.7348e-05
18.712 0.00015452 6.178e-05
18.77 0.00019295 7.0856e-05
18.828 0.00011621 5.2167e-05
18.886 0.00015462 6.1818e-05
18.944 0.00025014 8.3628e-05
19.002 1.9191e-05 1.9522e-05
19.06 9.611e-05 4.6576e-05
19.118 0.00011528 5.1748e-05
19.176 0.0001535 6.1371e-05
19.234 0.0001518 6.069e-05
19.292 0.00013347 5.6265e-05
19.35 0.00015218 6.0843e-05
19.408 0.00015283 6.1103e-05
19.466 0.00024609 8.2274e-05
19.524 9.4757e-05 4.5921e-05
19.582 0.00015142 6.0541e-05
19.64 0.00016904 6.4583e-05
19.698 5.5759e-05 3.3833e-05
19.756 0.00020517 7.2757e-05
19.814 0.00015035 6.0111e-05
19.872 0.00018719 6.8739e-05
19.93 0.00012975 5.4694e-05
19.988 0.00022353 7.6846e-05
20.046 0.0002608 8.5023e-05
20.104 0.00016506 6.3062e-05
20.162 0.00022122 7.6052e-05
20.22 0.00012883 5.4307e-05
20.278 9.3048e-05 4.5092e-05
20.336 0.00011043 4.9575e-05
20.394 0.00019909 7.0602e-05
20.452 0.00012785 5.3896e-05
20.51 0.00022116 7.603e-05
20.568 0.00016508 6.3068e-05
20.626 0.00012701 5.3543e-05
20.685 0.00014491 5.7938e-05
20.743 7.2492e-05 3.869e-05
20.801 0.00019922 7.0648e-05
20.859 0.0001254 5.2864e-05
20.917 5.402e-05 3.2778e-05
20.975 0.00014361 5.7418e-05
21.033 8.8812e-05 4.304e-05
21.091 0.00019579 6.9433e-05
21.149 0.00014201 5.6777e-05
21.207 0.00012495 5.2673e-05
21.265 0.00015952 6.0945e-05
21.323 0.00010543 4.7327e-05
21.381 0.00017703 6.5008e-05
21.439 0.00021299 7.3221e-05
21.497 0.0001916 6.7945e-05
21.555 8.6439e-05 4.1889e-05
21.613 0.00017392 6.3868e-05
21.671 0.00022586 7.551e-05
21.729 0.00031156 9.3678e-05
21.787 0.00011979 5.0498e-05
21.845 0.00025698 8.188e-05
21.903 0.00017206 6.3185e-05
21.961 0.00013619 5.4452e-05
22.019 0.00013492 5.3943e-05
22.077 0.00023659 7.7129e-05
22.135 0.00022021 7.3622e-05
22.193 0.00016798 6.1684e-05
22.251 0.00016673 6.1226e-05
22.309 0.0001841 6.5286e-05
22.367 0.0002501 7.9687e-05
22.425 0.00016674 6.1229e-05
22.483 0.00021494 7.1859e-05
22.541 0.00016617 6.1022e-05
22.599 0.00016589 6.0919e-05
22.657 0.00014845 5.6715e-05
22.715 0.00018026 6.3925e-05
22.773 0.00019537 6.7165e-05
22.831 0.0002453 7.8156e-05
22.889 0.0001959 6.7345e-05
22.947 0.00011271 4.7515e-05
23.005 0.00025745 8.0327e-05
23.063 0.00025708 8.0213e-05
23.121 0.00014334 5.4762e-05
23.179 0.00014187 5.4203e-05
23.237 0.00012689 5.0733e-05
23.295 0.0001098 4.6285e-05
23.353 0.00023588 7.5154e-05
23.412 0.00020229 6.7629e-05
23.47 0.00010896 4.5932e-05
23.528 0.00010853 4.5751e-05
23.586 0.00019905 6.6548e-05
23.644 0.00012193 4.8748e-05
23.702 0.00012175 4.8678e-05
23.76 0.00021273 6.9351e-05
23.818 6.0288e-05 3.2176e-05
23.876 0.00010537 4.442e-05
23.934 0.00013434 5.1325e-05
23.992 0.00013405 5.1212e-05
24.05 0.00020868 6.8029e-05
24.108 0.00014695 5.3962e-05
24.166 0.00026564 7.9872e-05
24.224 0.00019017 6.3578e-05
24.282 0.00021868 6.9675e-05
24.34 0.00018759 6.2716e-05
24.398 0.00015836 5.6158e-05
24.456 0.00020181 6.5789e-05
24.514 0.0002141 6.8217e-05
24.572 0.00022752 7.099e-05
24.63 0.00011303 4.519e-05
24.688 0.00016935 5.8219e-05
24.746 0.00013998 5.1402e-05
24.804 0.00015213 5.3949e-05
24.862 0.00012412 4.7421e-05
24.92 0.00013724 5.0398e-05
24.978 0.00027166 7.9131e-05
25.036 0.00029646 8.4011e-05
25.094 0.00018909 6.1644e-05
25.152 0.00012042 4.6006e-05
25.21 0.00021277 6.6386e-05
25.268 0.00017098 5.7162e-05
25.326 0.00015838 5.4448e-05
25.384 0.00023509 7.0685e-05
25.442 0.00011654 4.4522e-05
25.5 7.7323e-05 3.4711e-05
25.558 0.00021768 6.6625e-05
25.616 0.00015266 5.2483e-05
25.674 0.00016463 5.504e-05
25.732 0.00013716 4.8641e-05
25.79 0.00019916 6.214e-05
25.848 0.00021164 6.4776e-05
25.906 7.3234e-05 3.2875e-05
25.964 0.00018213 5.803e-05
26.022 0.00020493 6.2722e-05
26.08 0.00010891 4.1609e-05
26.138 0.00018013 5.7392e-05
26.197 0.0001421 4.8851e-05
26.255 0.00014102 4.8481e-05
26.313 0.00018788 5.8621e-05
26.371 0.0002088 6.278e-05
26.429 0.00017112 5.4522e-05
26.487 0.00010182 3.8899e-05
26.545 0.00011235 4.1258e-05
26.603 0.00013351 4.5897e-05
26.661 0.00011993 4.2532e-05
26.719 0.00014016 4.6859e-05
26.777 0.00020421 6.0401e-05
26.835 0.00016927 5.2814e-05
26.893 0.00025011 6.9184e-05
26.951 0.00013444 4.4945e-05
27.009 0.0001336 4.4665e-05
27.067 0.00010142 3.7245e-05
27.125 0.00017836 5.3629e-05
27.183 0.00023588 6.5249e-05
27.241 0.00023336 6.455e-05
27.299 0.00015284 4.7688e-05
27.357 0.00014923 4.6562e-05
27.415 0.0002316 6.3361e-05
27.473 0.00016505 4.9626e-05
27.531 0.00012594 4.1058e-05
27.589 0.00012332 4.0204e-05
27.647 0.00019935 5.5792e-05
27.705 0.00011904 3.8806e-05
27.763 0.00017498 5.0248e-05
27.821 0.0001712 4.9164e-05
27.879 0.00015123 4.473e-05
27.937 0.00016395 4.7081e-05
27.995 0.00015327 4.4646e-05
28.053 0.00017283 4.8371e-05
28.111 0.00018433 5.0429e-05
28.169 0.00014363 4.1837e-05
28.227 0.00018805 5.0419e-05
28.285 0.00013425 3.9107e-05
28.343 0.00012996 3.7857e-05
28.401 0.00014474 4.0509e-05
28.459 0.00019912 5.0826e-05
28.517 0.00016212 4.3066e-05
28.575 0.00015637 4.1538e-05
28.633 0.00015578 4.102e-05
28.691 0.00021965 5.2946e-05
28.749 0.00024356 5.6837e-05
28.807 0.00019155 4.6174e-05
28.865 0.00022174 5.1225e-05
28.924 0.00017392 4.1205e-05
28.982 0.00018728 4.2507e-05
29.04 0.00018588 4.0254e-05
29.098 0.00017292 3.9247e-05
29.156 0.00012395 3.002e-05
29.214 0.00020697 4.319e-05
29.272 0.00017752 4.9684e-05
29.33 0.00017925 5.4861e-05
29.388 0.00016158 4.375e-05
29.446 0.00021273 5.5107e-05
29.504 0 1
29.562 0 1
29.62 0 1
29.678 0 1
