-29.678 0 1
-29.62 0 1
-29.562 0 1
-29.504 0.0010281 0.00024182
-29.446 0.00087788 0.00020951
-29.388 0.0014853 0.00035448
-29.33 0.0011191 0.00026509
-29.272 0.0010502 0.00019602
-29.214 0.00096807 0.0001941
-29.156 0.0012792 0.00024628
-29.098 0.0010025 0.000193
-29.04 0.0010215 0.00020564
-28.982 0.0012105 0.00024319
-28.924 0.0010014 0.00021192
-28.865 0.001111 0.00023434
-28.807 0.0010269 0.00022299
-28.749 0.00083865 0.0001934
-28.691 0.00086209 0.00020007
-28.633 0.00073336 0.00017934
-28.575 0.00098302 0.00022533
-28.517 0.0011799 0.00026192
-28.459 0.00096583 0.00022716
-28.401 0.0010785 0.00024872
-28.343 0.00071474 0.00018575
-28.285 0.00080061 0.00020345
-28.227 0.00082163 0.00020879
-28.169 0.0011809 0.00027405
-28.111 0.0010805 0.00025786
-28.053 0.00081304 0.0002113
-27.995 0.00063621 0.00018014
-27.937 0.00057451 0.00016884
-27.879 0.00092687 0.00023554
-27.821 0.0010513 0.00025939
-27.763 0.0011802 0.00028384
-27.705 0.0011654 0.00028256
-27.647 0.00081201 0.00021939
-27.589 0.00094431 0.00024541
-27.531 0.00076571 0.00021322
-27.473 0.00081907 0.00022455
-27.415 0.00075261 0.0002131
-27.357 0.0012063 0.00029763
-27.299 0.0010263 0.00026673
-27.241 0.00108 0.00027747
-27.183 0.0008771 0.00024046
-27.125 0.0011454 0.00029108
-27.067 0.00064182 0.000197
-27.009 0.0010894 0.00028313
-26.951 0.00087086 0.0002425
-26.893 0.0012438 0.00031282
-26.835 0.0012154 0.00030886
-26.777 0.0010416 0.00027758
-26.719 0.0013373 0.00033304
-26.661 0.00083755 0.00024144
-26.603 0.0011366 0.000299
-26.545 0.0010453 0.00028243
-26.487 0.001055 0.00028503
-26.429 0.00092237 0.00026117
-26.371 0.00049195 0.00017569
-26.313 0.00089391 0.00025768
-26.255 0.0010489 0.00028757
-26.197 0.0009602 0.00027188
-26.138 0.00066368 0.00021451
-26.08 0.0010284 0.00028638
-26.022 0.0010769 0.00029522
-25.964 0.00088084 0.00025886
-25.906 0.0011016 0.00030201
-25.848 0.00089081 0.00026179
-25.79 0.00078905 0.00024219
-25.732 0.00095654 0.00027574
-25.674 0.0010731 0.00029883
-25.616 0.0010794 0.00030058
-25.558 0.0010834 0.00030168
-25.5 0.0015282 0.00038436
-25.442 0.00077515 0.00024386
-25.384 0.0009426 0.00027701
-25.326 0.0011629 0.00031883
-25.268 0.00090455 0.00027143
-25.21 0.0010766 0.00030484
-25.152 0.0010867 0.0003077
-25.094 0.0013117 0.00034956
-25.036 0.0007475 0.0002416
-24.978 0.0011592 0.0003228
-24.92 0.0010965 0.00031049
-24.862 0.00046356 0.00018105
-24.804 0.001052 0.00030325
-24.746 0.00077051 0.00024904
-24.688 0.0010683 0.00030796
-24.63 0.00059706 0.00021323
-24.572 0.00077774 0.00025137
-24.514 0.00060981 0.00021778
-24.456 0.00073191 0.00024371
-24.398 0.00085651 0.00026945
-24.34 0.0010472 0.00030774
-24.282 0.00055719 0.00020748
-24.224 0.00092958 0.00028532
-24.166 0.00099464 0.00029846
-24.108 0.00062952 0.00022482
-24.05 0.0015143 0.00039837
-23.992 0.00088911 0.00027971
-23.934 0.00063083 0.00022529
-23.876 0.00070408 0.00024232
-23.818 0.0011609 0.00033465
-23.76 0.00051557 0.00020136
-23.702 0.0016114 0.00041877
-23.644 0.0010983 0.00032276
-23.586 0.0013 0.000362
-23.528 0.00065413 0.00023361
-23.47 0.0011061 0.00032507
-23.412 0.00078807 0.00026241
-23.353 0.0011968 0.00034501
-23.295 0.00092501 0.000291
-23.237 0.00092487 0.00029096
-23.179 0.00086817 0.0002806
-23.121 0.00073235 0.00025205
-23.063 0.0008013 0.00026682
-23.005 0.00080007 0.00026641
-22.947 0.00073771 0.0002539
-22.889 0.0010195 0.00031293
-22.831 0.00095023 0.00029894
-22.773 0.0010817 0.00032459
-22.715 0.00095937 0.00030181
-22.657 0.0014405 0.00039492
-22.599 0.0011057 0.00033179
-22.541 0.00082843 0.00027585
-22.483 0.00076098 0.0002619
-22.425 0.00098693 0.00031048
-22.367 0.00069342 0.00024764
-22.309 0.00083812 0.00027908
-22.251 0.00091765 0.00029659
-22.193 0.00071144 0.00025408
-22.135 0.00099501 0.00031302
-22.077 0.0011358 0.00034082
-22.019 0.00092175 0.00029792
-21.961 0.00093245 0.00030138
-21.903 0.0010065 0.00031664
-21.845 0.0012177 0.00035786
-21.787 0.0007906 0.0002721
-21.729 0.00065164 0.00024265
-21.671 0.00079841 0.00027479
-21.613 0.0010885 0.0003341
-21.555 0.00080717 0.0002778
-21.497 0.00072988 0.00026066
-21.439 0.00094931 0.00030683
-21.381 0.00087592 0.00029166
-21.323 0.00066309 0.00024691
-21.265 0.00052167 0.00021534
-21.207 0.001323 0.00038137
-21.149 0.00081496 0.00028048
-21.091 0.00082116 0.00028262
-21.033 0.00074741 0.00026692
-20.975 0.0013396 0.00038616
-20.917 0.0005242 0.00021639
-20.859 0.00075498 0.00026963
-20.801 0.00067806 0.00025248
-20.743 0.00067757 0.0002523
-20.685 0.00068457 0.00025491
-20.626 0.0014496 0.00041045
-20.568 0.0014393 0.00040753
-20.51 0.00060868 0.00023773
-20.452 0.0013699 0.0003949
-20.394 0.0011447 0.00035134
-20.336 0.00069275 0.00025795
-20.278 0.00077034 0.00027511
-20.22 0.00099196 0.00032061
-20.162 0.001012 0.00032707
-20.104 0.0016223 0.00044476
-20.046 0.00054137 0.00022348
-19.988 0.00077235 0.00027583
-19.93 0.00054526 0.00022508
-19.872 0.0007021 0.00026143
-19.814 0.0010124 0.00032721
-19.756 0.0010855 0.0003415
-19.698 0.0010199 0.00032966
-19.64 0.00094986 0.00031628
-19.582 0.00078493 0.00028032
-19.524 0.00031302 0.00016491
-19.466 0.0013434 0.0003948
-19.408 0.001112 0.00034982
-19.35 0.0010325 0.00033372
-19.292 0.0011806 0.00036237
-19.234 0.00063457 0.00024784
-19.176 0.0012765 0.00038304
-19.118 0.00071467 0.00026612
-19.06 0.00071597 0.0002666
-19.002 0.00088115 0.00030326
-18.944 0.00064499 0.00025191
-18.886 0.0012808 0.00038432
-18.828 0.00056112 0.00023163
-18.77 0.00072349 0.0002694
-18.712 0.00056891 0.00023484
-18.654 0.0010439 0.00033741
-18.596 0.0010524 0.00034015
-18.538 0.0013038 0.00039124
-18.48 0.00065041 0.00025403
-18.422 0.0010541 0.0003407
-18.364 0.0015416 0.0004365
-18.306 0.00073894 0.00027515
-18.248 0.00081851 0.00029232
-18.19 0.0010684 0.00034531
-18.132 0.00073058 0.00027204
-18.074 0.0012284 0.00037703
-18.016 0.00065885 0.00025732
-17.958 0.00074218 0.00027636
-17.9 0.0015604 0.00044182
-17.841 0.00058465 0.00024134
-17.783 0.00066638 0.00026027
-17.725 0.0012431 0.00038154
-17.667 0.00082741 0.00029549
-17.609 0.00033693 0.0001775
-17.551 0.00025111 0.00015085
-17.493 0.0010075 0.00033547
-17.435 0.00091299 0.00031422
-17.377 0.00041999 0.00020034
-17.319 0.00092438 0.00031814
-17.261 0.0010981 0.00035491
-17.203 0.00092215 0.00031737
-17.145 0.00083975 0.0002999
-17.087 0.0010965 0.00035439
-17.029 0.00093306 0.00032113
-16.971 0.00092639 0.00031883
-16.913 0.00084666 0.00030237
-16.855 0.00084215 0.00030076
-16.797 0.00067953 0.0002654
-16.739 0.0010174 0.00033878
-16.681 0.00067697 0.0002644
-16.623 0.0013682 0.00041056
-16.565 0.00093567 0.00032203
-16.507 0.00084424 0.0003015
-16.449 0.00034099 0.00017964
-16.391 0.00076609 0.00028526
-16.333 0.00093206 0.00032078
-16.275 0.00076856 0.00028618
-16.217 0.00077026 0.00028682
-16.159 0.0005137 0.00022638
-16.101 0.0012008 0.00037777
-16.043 0.00059862 0.00024711
-15.985 0.00085154 0.00030411
-15.927 0.00086066 0.00030737
-15.869 0.00085786 0.00030637
-15.811 0.00086083 0.00030743
-15.753 0.0009496 0.00032682
-15.695 0.0009491 0.00032665
-15.637 0.00051812 0.00022833
-15.579 0.0012875 0.00039517
-15.521 0.00086584 0.00030922
-15.463 0.00060699 0.00025056
-15.405 0.0006977 0.0002725
-15.347 0.00060594 0.00025013
-15.289 0.00087476 0.0003124
-15.231 0.00061469 0.00025374
-15.173 0.00052553 0.0002316
-15.114 0.0012139 0.0003819
-15.056 0.00096314 0.00033148
-14.998 0.00087486 0.00031244
-14.94 0.00044006 0.00020992
-14.882 0.00035038 0.00018459
-14.824 0.0004399 0.00020984
-14.766 0.00052848 0.0002329
-14.708 0.00053026 0.00023368
-14.65 0.00052193 0.00023001
-14.592 0.001592 0.00045891
-14.534 0.00097648 0.00033607
-14.476 0.0011502 0.00037177
-14.418 0.0013328 0.00040907
-14.36 0.0007943 0.00029577
-14.302 0.0001777 0.00012906
-14.244 0.00079819 0.00029722
-14.186 0.00070956 0.00027713
-14.128 0.0013296 0.0004081
-14.07 0.00080013 0.00029794
-14.012 0.0013187 0.00040474
-13.954 0.00061815 0.00025517
-13.896 0.00097516 0.00033562
-13.838 0.00062421 0.00025767
-13.78 0.00080158 0.00029848
-13.722 0.00097328 0.00033497
-13.664 0.00079929 0.00029762
-13.606 0.0011675 0.00037734
-13.548 0.00062312 0.00025722
-13.49 0.00053553 0.000236
-13.432 0.00053866 0.00023738
-13.374 0.001254 0.00039452
-13.316 0.0011624 0.0003757
-13.258 0.00098707 0.00033972
-13.2 0.00062897 0.00025963
-13.142 0.00054061 0.00023824
-13.084 0.00054164 0.00023869
-13.026 0.00089697 0.00032033
-12.968 0.0011808 0.00038163
-12.91 0.00072618 0.00028362
-12.852 0.00099479 0.00034237
-12.794 0.00071676 0.00027994
-12.736 0.00089919 0.00032113
-12.678 0.00099267 0.00034164
-12.62 0.00099867 0.00034371
-12.562 0.00035943 0.00018936
-12.504 0.00090285 0.00032243
-12.446 0.0011916 0.00038515
-12.388 0.00089861 0.00032092
-12.329 0.00063253 0.00026111
-12.271 0.0010873 0.00036206
-12.213 0.00081758 0.00030444
-12.155 0.00081627 0.00030395
-12.097 0.00054439 0.00023991
-12.039 0.00045603 0.00021753
-11.981 0.0011879 0.00038394
-11.923 0.00082082 0.00030564
-11.865 0.00054381 0.00023965
-11.807 0.0006419 0.00026497
-11.749 0.00064244 0.00026519
-11.691 0.00063787 0.00026331
-11.633 0.0004529 0.00021604
-11.575 0.0010057 0.00034613
-11.517 0.00064219 0.00026509
-11.459 0.0011824 0.00038217
-11.401 0.00055275 0.00024359
-11.343 0.0012816 0.00040317
-11.285 0.00045937 0.00021912
-11.227 0.0004567 0.00021785
-11.169 0.0010909 0.00036325
-11.111 0.00054869 0.0002418
-11.053 0.0012909 0.0004061
-10.995 0.001283 0.00040362
-10.937 0.00063636 0.00026269
-10.879 0.00091802 0.00032785
-10.821 0.00073977 0.00028893
-10.763 0.00027543 0.00016546
-10.705 0.00091752 0.00032767
-10.647 0.00064602 0.00026667
-10.589 0.00046227 0.00022051
-10.531 0.00092684 0.000331
-10.473 0.0010042 0.00034562
-10.415 0.0006439 0.0002658
-10.357 0.00064805 0.00026751
-10.299 0.0012088 0.0003907
-10.241 0.00083214 0.00030986
-10.183 0.0013813 0.00042396
-10.125 0.00074093 0.00028938
-10.067 0.00083773 0.00031194
-10.009 0.00082943 0.00030885
-9.9506 0.0003712 0.00019555
-9.8926 0.00074341 0.00029035
-9.8346 0.00074347 0.00029037
-9.7766 0.00064856 0.00026772
-9.7185 0.0011244 0.00037439
-9.6605 0.001021 0.00035139
-9.6025 0.0011181 0.00037231
-9.5445 0.00046047 0.00021965
-9.4864 0.0008336 0.0003104
-9.4284 0.00065465 0.00027023
-9.3704 0.0013927 0.00042747
-9.3124 0.0011097 0.00036952
-9.2544 0.0012191 0.00039401
-9.1963 0.0013098 0.00041204
-9.1383 0.00093013 0.00033218
-9.0803 0.00092649 0.00033088
-9.0223 0.0011239 0.00037423
-8.9643 0.00084313 0.00031395
-8.9062 0.0011298 0.00037621
-8.8482 0.00092909 0.0003318
-8.7902 0.0011201 0.00037298
-8.7322 0.00046937 0.0002239
-8.6742 0.00047323 0.00022574
-8.6161 9.2694e-05 9.3962e-05
-8.5581 0.00075277 0.00029401
-8.5001 0.00094306 0.0003368
-8.4421 0.00074782 0.00029207
-8.384 0.00083626 0.00031139
-8.326 0.00056213 0.00024773
-8.268 0.0010297 0.0003544
-8.21 0.00056111 0.00024727
-8.152 0.00084334 0.00031403
-8.0939 0.0006566 0.00027104
-8.0359 0.0012344 0.00039897
-7.9779 0.00037677 0.00019849
-7.9199 0.0011231 0.00037398
-7.8619 0.0012195 0.00039414
-7.8038 0.0012349 0.00039914
-7.7458 0.0012213 0.00039473
-7.6878 0.00094253 0.00033661
-7.6298 0.00074843 0.00029231
-7.5718 0.00056449 0.00024877
-7.5137 0.0013279 0.00041775
-7.4557 0.00074899 0.00029253
-7.3977 0.00084895 0.00031612
-7.3397 0.00075733 0.00029579
-7.2816 0.0010389 0.00035754
-7.2236 0.0013163 0.00041409
-7.1656 0.00067479 0.00027855
-7.1076 0.0009586 0.00034234
-7.0496 0.00056193 0.00024764
-6.9915 0.00085725 0.00031921
-6.9335 0.00095549 0.00034123
-6.8755 0.0013226 0.00041607
-6.8175 0.00028603 0.00017183
-6.7595 0.0005668 0.00024979
-6.7014 0.0011343 0.0003777
-6.6434 0.00048214 0.00022999
-6.5854 0.001131 0.00037659
-6.5274 0.00085369 0.00031788
-6.4694 0.0005635 0.00024833
-6.4113 0.00067025 0.00027668
-6.3533 0.0008581 0.00031952
-6.2953 0.0007603 0.00029695
-6.2373 0.00093911 0.00033538
-6.1792 0.00087254 0.0003249
-6.1212 0.00075752 0.00029586
-6.0632 0.00056471 0.00024886
-6.0052 0.00065798 0.00027161
-5.9472 0.00058157 0.00025629
-5.8891 0.00084507 0.00031467
-5.8311 0.001317 0.00041434
-5.7731 0.0010563 0.00036355
-5.7151 0.00065871 0.00027191
-5.6571 0.0010553 0.00036322
-5.599 0.00047629 0.0002272
-5.541 0.00047052 0.00022444
-5.483 0.0011256 0.00037481
-5.425 0.00095733 0.00034189
-5.3669 0.00056306 0.00024814
-5.3089 0.00057095 0.00025161
-5.2509 0.00076349 0.00029819
-5.1929 0.00057131 0.00025177
-5.1349 0.00075533 0.00029501
-5.0768 0.0011383 0.00037902
-5.0188 0.00085681 0.00031904
-4.9608 0.0014251 0.00043743
-4.9028 0.00037747 0.00019886
-4.8448 0.000756 0.00029527
-4.7867 0.00066974 0.00027646
-4.7287 0.00094173 0.00033632
-4.6707 0.0010438 0.00035924
-4.6127 0.00047464 0.00022641
-4.5547 0.00066914 0.00027622
-4.4966 0.0010488 0.00036095
-4.4386 0.00076152 0.00029742
-4.3806 0.00075454 0.0002947
-4.3226 0.00076363 0.00029825
-4.2645 0.00095515 0.00034111
-4.2065 0.00095523 0.00034114
-4.1485 0.00076133 0.00029735
-4.0905 0.00057381 0.00025287
-4.0325 0.00076333 0.00029813
-3.9744 0.00085399 0.00031799
-3.9164 0.00047808 0.00022805
-3.8584 0.0011502 0.00038299
-3.8004 0.00067327 0.00027792
-3.7424 0.00066764 0.0002756
-3.6843 0.00057211 0.00025213
-3.6263 0.0014442 0.00044328
-3.5683 0.0012433 0.00040183
-3.5103 0.00095679 0.0003417
-3.4523 0.00067565 0.0002789
-3.3942 0.0010496 0.00036123
-3.3362 0.0011485 0.00038242
-3.2782 0.00048331 0.00023054
-3.2202 0.00038503 0.00020284
-3.1621 0.001136 0.00037826
-3.1041 0.0011591 0.00038594
-3.0461 0.0016096 0.00047303
-2.9881 0.00094978 0.0003392
-2.9301 0.00099113 0.00035396
-2.872 0.0012212 0.00039471
-2.814 0.00057968 0.00025546
-2.756 0.00086224 0.00032107
-2.698 0.00066671 0.00027521
-2.64 0.0012776 0.00041294
-2.5819 0.0010192 0.00035078
-2.5239 0.00039516 0.00020818
-2.4659 0.00091157 0.00032555
-2.4079 0.0010081 0.00036001
-2.3499 0.0012979 0.0004083
-2.2918 0.0011563 0.00038502
-2.2338 0.00085125 0.00031697
-2.1758 0.001862 0.00052722
-2.1178 0.0017326 0.00049944
-2.0597 0.001186 0.00038332
-2.0017 0.0014564 0.00045816
-1.9437 0.0011062 0.00036834
-1.8857 0.0013318 0.00041898
-1.8277 0.0015966 0.00047908
-1.7696 0.0017925 0.00050754
-1.7116 0.0017984 0.00050921
-1.6536 0.0013554 0.0004264
-1.5956 0.0010125 0.00036161
-1.5376 0.0015946 0.00045966
-1.4795 0.0031674 0.00076799
-1.4215 0.0029237 0.00071495
-1.3635 0.0049206 0.0010775
-1.3055 0.0083094 0.0016285
-1.2475 0.0081266 0.0016084
-1.1894 0.011228 0.0021331
-1.1314 0.013688 0.0025401
-1.0734 0.016481 0.0030349
-1.0154 0.019677 0.0035329
-0.95735 0.023263 0.0041402
-0.89933 0.023269 0.0041447
-0.84131 0.029972 0.0052366
-0.78328 0.033541 0.0058561
-0.72526 0.035211 0.006132
-0.66724 0.039909 0.0068898
-0.60922 0.044438 0.0076498
-0.5512 0.043241 0.0074736
-0.49318 0.042097 0.0072726
-0.43516 0.04533 0.0077971
-0.37714 0.04455 0.0076708
-0.31912 0.04249 0.0073472
-0.26109 0.042135 0.0072838
-0.20307 0.041349 0.0071561
-0.14505 0.033097 0.005769
-0.087032 0.036297 0.0063043
-0.029011 0.027548 0.0048387
0.029011 0.027628 0.0048599
0.087032 0.017892 0.003242
0.14505 0.02259 0.0040377
0.20307 0.0162 0.002968
0.26109 0.011788 0.0022349
0.31912 0.0081473 0.0016125
0.37714 0.0071482 0.0014391
0.43516 0.0055649 0.0011776
0.49318 0.0028125 0.00070736
0.5512 0.0021624 0.00057628
0.60922 0.0019967 0.00053948
0.66724 0.0016821 0.00049434
0.72526 0.0015592 0.00046786
0.78328 0.0010758 0.00035821
0.84131 0.0012709 0.00041077
0.89933 0.0011237 0.00037418
0.95735 0.0012255 0.0003961
1.0154 0.0014554 0.00045785
1.0734 0.0016992 0.00048983
1.1314 0.001648 0.00048432
1.1894 0.00084354 0.0003141
1.2475 0.0006392 0.00026386
1.3055 0.00061948 0.000273
1.3635 0.00057874 0.00025504
1.4215 0.0005945 0.00026199
1.4795 0.00097948 0.0003371
1.5376 0.0005081 0.00024237
1.5956 0.0010661 0.00036691
1.6536 0.0021518 0.00057345
1.7116 0.0012523 0.00040475
1.7696 0.00069306 0.00028609
1.8277 0.0010462 0.00036006
1.8857 0.0010248 0.00035271
1.9437 0.00093545 0.00034832
2.0017 0.00091728 0.00032759
2.0597 0.00077858 0.00030409
2.1178 0.00086871 0.00032347
2.1758 0.00068452 0.00028256
2.2338 0.00086899 0.00032358
2.2918 0.001232 0.00039818
2.3499 0.0012167 0.00040513
2.4079 0.00074154 0.00028962
2.4659 0.00099847 0.00035658
2.5239 0.00093252 0.00033303
2.5819 0.00099055 0.00035375
2.64 0.0011628 0.0003872
2.698 0.0014346 0.00044034
2.756 0.001363 0.0004288
2.814 0.0004712 0.00022477
2.872 0.0012044 0.00040103
2.9301 0.0014437 0.00044311
2.9881 0.00067346 0.000278
3.0461 0.00068983 0.00028476
3.1041 0.0007781 0.0003039
3.1621 0.00086286 0.00032129
3.2202 0.0011702 0.00038966
3.2782 0.00096136 0.00034333
3.3362 0.00057773 0.0002546
3.3942 0.00077985 0.00030458
3.4523 0.0014566 0.00044708
3.5103 0.00096715 0.0003454
3.5683 0.0014438 0.00044316
3.6263 0.0012559 0.00040591
3.6843 0.00086752 0.00032303
3.7424 0.00096692 0.00034532
3.8004 0.00058444 0.00025756
3.8584 0.0011655 0.00038809
3.9164 0.00067008 0.0002766
3.9744 0.00068431 0.00028248
4.0325 0.0011659 0.00038823
4.0905 0.00097614 0.00034861
4.1485 0.00077032 0.00030086
4.2065 0.00087513 0.00032587
4.2645 0.00068279 0.00028185
4.3226 0.0010611 0.00036518
4.3806 0.0011575 0.00038543
4.4386 0.00087219 0.00032477
4.4966 0.0010735 0.00036948
4.5547 0.00086323 0.00032143
4.6127 0.00067527 0.00027875
4.6707 0.0011537 0.00038416
4.7287 0.00068123 0.00028121
4.7867 0.00038875 0.0002048
4.8448 0.00077234 0.00030165
4.9028 0.00086792 0.00032318
4.9608 0.0012511 0.00040435
5.0188 0.0013446 0.00042299
5.0768 0.00086381 0.00032165
5.1349 0.0011624 0.00038704
5.1929 0.00067674 0.00027935
5.2509 0.00086287 0.0003213
5.3089 0.0011438 0.00038086
5.3669 0.00087632 0.00032631
5.425 0.00067298 0.0002778
5.483 0.00077509 0.00030272
5.541 0.00096449 0.00034445
5.599 0.00067826 0.00027998
5.6571 0.00086838 0.00032335
5.7151 0.00068848 0.0002842
5.7731 0.00067611 0.00027909
5.8311 0.00087141 0.00032448
5.8891 0.00049022 0.00023384
5.9472 0.0014398 0.00044192
6.0052 0.00048743 0.00023251
6.0632 0.00048547 0.00023157
6.1212 0.0011749 0.0003912
6.1792 0.00038625 0.00020349
6.2373 0.00048358 0.00023067
6.2953 0.00038783 0.00020432
6.3533 0.00098354 0.00035125
6.4113 0.0007621 0.00029765
6.4694 0.00078632 0.00030711
6.5274 0.000483 0.0002304
6.5854 0.00059427 0.00026189
6.6434 0.00068215 0.00028159
6.7014 0.00077515 0.00030275
6.7595 0.00078125 0.00030513
6.8175 0.00048563 0.00023165
6.8755 0.00078119 0.00030511
6.9335 0.00087627 0.00032629
6.9915 0.00076584 0.00029911
7.0496 0.00039222 0.00020663
7.1076 0.0010815 0.00037221
7.1656 0.0016359 0.00048077
7.2236 0.00057808 0.00025476
7.2816 0.00077337 0.00030205
7.3397 0.00068189 0.00028148
7.3977 0.00087355 0.00032527
7.4557 0.0015519 0.00046566
7.5137 0.0012678 0.00040978
7.5718 0.00067769 0.00027975
7.6298 0.00086837 0.00032335
7.6878 0.0010648 0.00036648
7.7458 0.0010696 0.00036812
7.8038 0.00048426 0.000231
7.8619 0.00096227 0.00034366
7.9199 0.0014361 0.00044078
7.9779 0.00038967 0.00020529
8.0359 0.00077796 0.00030384
8.0939 0.0012525 0.00040483
8.152 0.0011546 0.00038445
8.21 0.00038892 0.00020489
8.268 0.0011487 0.00038248
8.326 0.0006718 0.00027731
8.384 0.0010505 0.00036153
8.4421 0.0009661 0.00034502
8.5001 0.0010588 0.00036439
8.5581 0.00095255 0.00034018
8.6161 0.00057463 0.00025323
8.6742 0.00066884 0.00027609
8.7322 0.00057689 0.00025423
8.7902 0.0003832 0.00020188
8.8482 0.00057847 0.00025493
8.9062 0.00095773 0.00034203
8.9643 0.0015383 0.00046159
9.0223 0.00047721 0.00022764
9.0803 0.00028726 0.00017257
9.1383 0.00096306 0.00034394
9.1963 0.0007717 0.0003014
9.2544 0.0010479 0.00036064
9.3124 0.00086151 0.00032079
9.3704 0.0010676 0.00036743
9.4284 0.00047909 0.00022853
9.4864 0.00095613 0.00034146
9.5445 0.00086812 0.00032326
9.6025 0.00076854 0.00030017
9.6605 0.0014382 0.00044143
9.7185 0.0012375 0.00039997
9.7766 0.00095392 0.00034067
9.8346 0.0008582 0.00031956
9.8926 0.00085726 0.00031921
9.9506 0.00076002 0.00029684
10.009 0.00047836 0.00022818
10.067 0.00076924 0.00030044
10.125 0.001225 0.00039594
10.183 0.00085364 0.00031786
10.241 0.00096094 0.00034318
10.299 0.00066891 0.00027612
10.357 0.00066185 0.00027321
10.415 0.0012335 0.00039868
10.473 0.00047469 0.00022643
10.531 0.0010475 0.00036051
10.589 0.00095266 0.00034022
10.647 0.00084935 0.00031626
10.705 0.0011454 0.00038141
10.763 0.001136 0.00037827
10.821 0.0005716 0.0002519
10.879 0.00056687 0.00024981
10.937 0.00075643 0.00029544
10.995 0.00057064 0.00025147
11.053 0.00038107 0.00020076
11.111 0.00084785 0.00031571
11.169 0.00056972 0.00025107
11.227 0.00047461 0.0002264
11.285 0.0005647 0.00024886
11.343 0.00056612 0.00024948
11.401 0.0012241 0.00039563
11.459 0.0009486 0.00033877
11.517 0.0007645 0.00029859
11.575 0.00065984 0.00027238
11.633 0.0015124 0.00045382
11.691 0.00075665 0.00029552
11.749 0.00047018 0.00022428
11.807 0.00066127 0.00027297
11.865 0.00075725 0.00029576
11.923 0.00075656 0.00029549
11.981 0.0016118 0.00047367
12.039 0.0006531 0.0002696
12.097 0.00084905 0.00031615
12.155 0.00066125 0.00027296
12.213 0.00084268 0.00031378
12.271 0.00074994 0.0002929
12.329 0.00065761 0.00027146
12.388 0.00094636 0.00033797
12.446 0.00065323 0.00026965
12.504 0.00083704 0.00031168
12.562 0.00065277 0.00026946
12.62 0.0002801 0.00016826
12.678 0.0004689 0.00022367
12.736 0.00092864 0.00033165
12.794 0.00037107 0.00019549
12.852 0.00055806 0.00024593
12.91 0.00093709 0.00033466
12.968 0.00055135 0.00024297
13.026 0.0012049 0.00038945
13.084 0.001484 0.00044531
13.142 0.00055684 0.00024539
13.2 0.0012813 0.0004031
13.258 0.0014775 0.00044336
13.316 0.00092348 0.0003298
13.374 0.00064795 0.00026747
13.432 0.0010148 0.00034925
13.49 0.0005541 0.00024419
13.548 0.0011108 0.00036986
13.606 0.00046042 0.00021963
13.664 0.0013777 0.00042285
13.722 0.00046131 0.00022005
13.78 0.00092339 0.00032977
13.838 0.00073777 0.00028815
13.896 0.00073334 0.00028642
13.954 0.00064386 0.00026578
14.012 0.0014686 0.00044067
14.07 0.0004567 0.00021785
14.128 0.00081694 0.0003042
14.186 0.0008288 0.00030861
14.244 0.0011962 0.00038661
14.302 0.00072717 0.00028401
14.36 0.00119 0.0003846
14.418 0.0012746 0.00040097
14.476 0.00054965 0.00024223
14.534 0.00063597 0.00026252
14.592 0.00090646 0.00032372
14.65 0.00099755 0.00034332
14.708 0.00091144 0.0003255
14.766 0.00072331 0.0002825
14.824 0.00072194 0.00028197
14.882 0.0012624 0.00039714
14.94 0.0009954 0.00034258
14.998 0.00072234 0.00028212
15.056 0.00089967 0.0003213
15.114 0.0010848 0.00036123
15.173 0.00081968 0.00030522
15.231 0.00099076 0.00034099
15.289 0.00053675 0.00023654
15.347 0.00089687 0.0003203
15.405 0.00090545 0.00032336
15.463 0.0010769 0.0003586
15.521 0.00071589 0.0002796
15.579 0.0010786 0.00035915
15.637 0.0014365 0.00043106
15.695 0.00071371 0.00027875
15.753 0.0012502 0.0003933
15.811 0.00088536 0.00031619
15.869 0.00062522 0.00025809
15.927 0.0008897 0.00031774
15.985 0.000531 0.00023401
16.043 0.00071148 0.00027788
16.101 0.0011532 0.00037271
16.159 0.00080012 0.00029793
16.217 0.00061508 0.0002539
16.275 0.00061733 0.00025483
16.333 0.0010586 0.00035249
16.391 0.00088359 0.00031556
16.449 0.00088377 0.00031562
16.507 0.00096914 0.00033355
16.565 0.00052833 0.00023283
16.623 0.0010509 0.00034993
16.681 0.0013222 0.00040581
16.739 0.00087142 0.00031121
16.797 0.0003519 0.00018539
16.855 0.00052131 0.00022974
16.913 0.0010435 0.00034745
16.971 0.00095486 0.00032863
17.029 0.00060787 0.00025093
17.087 0.00060643 0.00025033
17.145 0.0011199 0.00036196
17.203 0.0013865 0.00041604
17.261 0.0016336 0.00046256
17.319 0.0012088 0.00038028
17.377 0.0011065 0.00035762
17.435 0.0006854 0.0002677
17.493 0.00094334 0.00032467
17.551 0.0010271 0.00034202
17.609 0.00067306 0.00026288
17.667 0.00076074 0.00028327
17.725 0.0010264 0.00034176
17.783 0.0010267 0.00034189
17.841 0.00067011 0.00026172
17.9 0.0013501 0.00040512
17.958 0.00076124 0.00028346
18.016 0.0010096 0.00033617
18.074 0.00092165 0.0003172
18.132 0.00067561 0.00026387
18.19 0.0010075 0.00033548
18.248 0.00074886 0.00027885
18.306 0.00099684 0.00033193
18.364 0.00092347 0.00031783
18.422 0.00083508 0.00029823
18.48 0.0011628 0.00036582
18.538 0.0011652 0.00036658
18.596 0.00066648 0.00026031
18.654 0.00074789 0.00027848
18.712 0.00099109 0.00033001
18.77 0.0015676 0.00044386
18.828 0.0011594 0.00036475
18.886 0.00041321 0.0001971
18.944 0.00082275 0.00029383
19.002 0.0011488 0.00036141
19.06 0.00090411 0.00031116
19.118 0.00049291 0.00021722
19.176 0.00073839 0.00027495
19.234 0.0011359 0.00035734
19.292 0.00073377 0.00027323
19.35 0.0010574 0.00034176
19.408 0.00098022 0.00032639
19.466 0.0011332 0.0003565
19.524 0.00048621 0.00021427
19.582 0.00080934 0.00028904
19.64 0.0006425 0.00025094
19.698 0.00079473 0.00028382
19.756 0.00047851 0.00021087
19.814 0.0010447 0.00033765
19.872 0.00056028 0.00023128
19.93 0.0011096 0.00034906
19.988 0.0011151 0.00035081
20.046 0.00055758 0.00023017
20.104 0.00078421 0.00028006
20.162 0.0011036 0.00034718
20.22 0.00039346 0.00018769
20.278 0.0010344 0.00033434
20.336 0.0018888 0.0004969
20.394 0.00092867 0.00030923
20.452 0.0011715 0.00035956
20.51 0.00070924 0.00026409
20.568 0.00062743 0.00024505
20.626 0.00077586 0.00027708
20.685 0.0014716 0.00041669
20.743 0.0010849 0.0003413
20.801 0.00069696 0.00025952
20.859 0.00084261 0.00029
20.917 0.00084695 0.00029149
20.975 0.00092111 0.00030671
21.033 0.0011393 0.00034968
21.091 0.0012177 0.00036541
21.149 0.00083492 0.00028735
21.207 0.00083957 0.00028895
21.265 0.00060631 0.0002368
21.323 0.0009016 0.00030021
21.381 0.00068126 0.00025367
21.439 0.001442 0.00040829
21.497 0.0010427 0.00032802
21.555 0.0014784 0.00041168
21.613 0.0013386 0.00038588
21.671 0.00104 0.00032719
21.729 0.00096214 0.00031097
21.787 0.00073172 0.00026132
21.845 0.0014651 0.00040798
21.903 0.00073573 0.00026275
21.961 0.0010191 0.00032061
22.019 0.00093748 0.000303
22.077 0.00086711 0.00028873
22.135 0.0011589 0.00034775
22.193 0.0008619 0.000287
22.251 0.00057033 0.00022275
22.309 0.00078719 0.00027092
22.367 0.00085554 0.00028488
22.425 0.00085554 0.00028488
22.483 0.00056557 0.00022089
22.541 0.0011369 0.00034114
22.599 0.0014187 0.00039505
22.657 0.00091686 0.00029634
22.715 0.00070071 0.00025024
22.773 0.00097463 0.00030662
22.831 0.0013286 0.00037618
22.889 0.0011169 0.00033513
22.947 0.001377 0.00038344
23.005 0.00096323 0.00030303
23.063 0.0010306 0.00031632
23.121 0.0012258 0.00035335
23.179 0.00087625 0.00028321
23.237 0.00088169 0.00028497
23.295 0.001006 0.00030878
23.353 0.0010086 0.00030957
23.412 0.0011311 0.00033241
23.47 0.0004659 0.00019232
23.528 0.0013922 0.00038167
23.586 0.00085112 0.00027509
23.644 0.0010427 0.00031288
23.702 0.0014967 0.00039887
23.76 0.00077967 0.00025961
23.818 0.0012245 0.00034671
23.876 0.00090112 0.00028349
23.934 0.0010212 0.00030643
23.992 0.00050948 0.00019899
24.05 0.00070108 0.00024129
24.108 0.0014452 0.00038513
24.166 0.0011359 0.00032743
24.224 0.0003753 0.00016539
24.282 0.0016208 0.00041639
24.34 0.00080212 0.00025925
24.398 0.00067713 0.00023304
24.456 0.00092454 0.00028377
24.514 0.00079343 0.00025644
24.572 0.00072966 0.00024296
24.63 0.0012082 0.00033645
24.688 0.00084481 0.00026577
24.746 0.0010175 0.00029902
24.804 0.00053222 0.00019818
24.862 0.00094354 0.00028313
24.92 0.0010563 0.0003045
24.978 0.00081311 0.0002558
25.036 0.00069143 0.00023023
25.094 0.0013861 0.00036464
25.152 0.00074374 0.00024039
25.21 0.00051175 0.00019056
25.268 0.0010123 0.0002918
25.326 0.00067722 0.0002255
25.384 0.00083768 0.00025711
25.442 0.00049829 0.00018554
25.5 0.001047 0.00029645
25.558 0.00098555 0.0002841
25.616 0.00070718 0.00022857
25.674 0.0009747 0.00028097
25.732 0.0009597 0.00027665
25.79 0.00090482 0.00026591
25.848 0.00058557 0.00020153
25.906 0.00073066 0.00022986
25.964 0.0011422 0.0003086
26.022 0.001134 0.00030638
26.08 0.0011901 0.00031716
26.138 0.00082156 0.00024652
26.197 0.00081014 0.0002431
26.255 0.00075376 0.00023135
26.313 0.00090378 0.00026053
26.371 0.00089279 0.00025736
26.429 0.0012683 0.00032583
26.487 0.00058048 0.00019329
26.545 0.0011049 0.00029446
26.603 0.00090386 0.00025593
26.661 0.00069931 0.00021464
26.719 0.00082981 0.00023921
26.777 0.00078129 0.0002296
26.835 0.0012666 0.00031856
26.893 0.00084664 0.00023973
26.951 0.0011055 0.00028729
27.009 0.0008349 0.0002364
27.067 0.0010842 0.00028177
27.125 0.0011864 0.00029838
27.183 0.0012608 0.00031107
27.241 0.00078993 0.00022367
27.299 0.0011437 0.00028765
27.357 0.00095717 0.00025181
27.415 0.0010695 0.00027179
27.473 0.0012154 0.00029722
27.531 0.0010386 0.00026393
27.589 0.0010546 0.00026525
27.647 0.00066709 0.0001923
27.705 0.00072713 0.00020248
27.763 0.00099757 0.0002509
27.821 0.00062746 0.00018087
27.879 0.00085086 0.00022113
27.937 0.0009013 0.00022904
27.995 0.00095029 0.00023667
28.053 0.0010282 0.00024931
28.111 0.00081968 0.00021059
28.169 0.0010133 0.00024371
28.227 0.0010721 0.00025216
28.285 0.0010046 0.00023797
28.343 0.0010558 0.00024503
28.401 0.0009418 0.0002231
28.459 0.0010578 0.00024106
28.517 0.0010894 0.00024424
28.575 0.00095518 0.00021895
28.633 0.0011485 0.00025041
28.691 0.0008955 0.00020407
28.749 0.00089849 0.00020145
28.807 0.00093336 0.00020438
28.865 0.0010359 0.00021851
28.924 0.00093356 0.00019692
28.982 0.0011077 0.00022041
29.04 0.0010916 0.00020803
29.098 0.0010844 0.0002139
29.156 0.0010978 0.00021691
29.214 0.00096964 0.00018264
29.272 0.00082508 0.00021443
29.33 0.00085661 0.00024255
29.388 0.00087691 0.00021091
29.446 0.00088025 0.00021718
29.504 0 1
29.562 0 1
29.62 0 1
29.678 0 1
