-29.678 0 1
-29.62 0 1
-29.562 0 1
-29.504 0.0001277 3.6298e-05
-29.446 0.00014693 3.9168e-05
-29.388 0.00010655 3.6705e-05
-29.33 0.00010397 3.2523e-05
-29.272 0.00013398 2.9038e-05
-29.214 0.00012702 2.9775e-05
-29.156 0.0001659 3.7196e-05
-29.098 0.00014747 3.2477e-05
-29.04 0.00012672 3.0153e-05
-28.982 0.00013878 3.3442e-05
-28.924 0.0001544 3.7207e-05
-28.865 0.00014543 3.6112e-05
-28.807 0.00012686 3.2985e-05
-28.749 0.00010052 2.8221e-05
-28.691 0.00015677 3.9893e-05
-28.633 0.00010578 3.0067e-05
-28.575 0.00014984 3.9268e-05
-28.517 0.00013554 3.6821e-05
-28.459 0.00016903 4.3949e-05
-28.401 0.00010679 3.1674e-05
-28.343 0.0001627 4.3369e-05
-28.285 0.00015669 4.2567e-05
-28.227 0.00015462 4.2441e-05
-28.169 5.0527e-05 2.0232e-05
-28.111 8.3965e-05 2.8133e-05
-28.053 0.0001388 3.998e-05
-27.995 0.00019055 5.0794e-05
-27.937 0.0001099 3.4375e-05
-27.879 0.00013954 4.0764e-05
-27.821 7.8347e-05 2.7838e-05
-27.763 0.00014537 4.2467e-05
-27.705 0.00016283 4.6285e-05
-27.647 0.00014253 4.2275e-05
-27.589 0.00013051 4.0048e-05
-27.531 0.00013228 4.0592e-05
-27.473 0.00013476 4.1353e-05
-27.415 0.00015296 4.5369e-05
-27.357 0.0002043 5.6079e-05
-27.299 0.00012515 3.9973e-05
-27.241 0.00010131 3.49e-05
-27.183 0.00019524 5.4814e-05
-27.125 0.00014657 4.4979e-05
-27.067 0.00012175 3.9782e-05
-27.009 0.00011514 3.8577e-05
-26.951 0.0001062 3.6584e-05
-26.893 0.00013542 4.3252e-05
-26.835 0.00010064 3.5758e-05
-26.777 0.00017488 5.187e-05
-26.719 9.3719e-05 3.4478e-05
-26.661 0.00016077 4.9334e-05
-26.603 0.00018287 5.4241e-05
-26.545 0.00015451 4.8331e-05
-26.487 0.0001267 4.2451e-05
-26.429 0.00010853 3.8563e-05
-26.371 8.9986e-05 3.4437e-05
-26.313 0.00016149 5.0514e-05
-26.255 0.00011167 3.9678e-05
-26.197 0.00010271 3.7786e-05
-26.138 0.00017639 5.4128e-05
-26.08 0.00011496 4.0848e-05
-26.022 0.00010422 3.8341e-05
-25.964 0.00012637 4.3533e-05
-25.906 5.3307e-05 2.586e-05
-25.848 0.00013845 4.6388e-05
-25.79 0.00012829 4.4196e-05
-25.732 0.0001404 4.7044e-05
-25.674 0.00011996 4.2623e-05
-25.616 0.0001755 5.4898e-05
-25.558 0.00018716 5.7433e-05
-25.5 0.00011093 4.0809e-05
-25.442 0.00018005 5.6318e-05
-25.384 0.00012396 4.4045e-05
-25.326 0.00012381 4.3991e-05
-25.268 0.00012639 4.4909e-05
-25.21 0.00016123 5.2682e-05
-25.152 0.00015112 5.0633e-05
-25.094 0.00011591 4.2641e-05
-25.036 0.00016361 5.3461e-05
-24.978 0.0001178 4.3337e-05
-24.92 0.00017594 5.6195e-05
-24.862 0.0002002 6.1436e-05
-24.804 0.00016629 5.4338e-05
-24.746 8.4322e-05 3.5595e-05
-24.688 0.00014475 4.9865e-05
-24.63 7.2808e-05 3.2724e-05
-24.572 0.0002067 6.343e-05
-24.514 0.0001983 6.2028e-05
-24.456 0.00018594 5.9387e-05
-24.398 0.00018651 5.957e-05
-24.34 0.00012519 4.6057e-05
-24.282 0.00010066 4.0308e-05
-24.224 0.00015114 5.2067e-05
-24.166 0.00020215 6.3232e-05
-24.108 0.00017912 5.8529e-05
-24.05 0.00014106 5.0121e-05
-23.992 0.00014198 5.0449e-05
-23.934 0.00016667 5.5846e-05
-23.876 0.00013009 4.7858e-05
-23.818 0.00018351 5.9963e-05
-23.76 5.2392e-05 2.7986e-05
-23.702 0.0001703 5.706e-05
-23.644 0.00011817 4.5224e-05
-23.586 6.6052e-05 3.2043e-05
-23.528 0.00011965 4.5789e-05
-23.47 7.9346e-05 3.5662e-05
-23.412 0.00018686 6.1059e-05
-23.353 0.00014865 5.2818e-05
-23.295 0.00010743 4.3017e-05
-23.237 0.00013426 4.9395e-05
-23.179 0.00012216 4.6748e-05
-23.121 0.00016237 5.5937e-05
-23.063 0.00010857 4.3475e-05
-23.005 0.00012195 4.6671e-05
-22.947 8.1781e-05 3.6757e-05
-22.889 0.00019339 6.3193e-05
-22.831 2.7589e-05 2.0186e-05
-22.773 0.00010992 4.4016e-05
-22.715 9.7491e-05 4.1154e-05
-22.657 9.759e-05 4.1196e-05
-22.599 1.4045e-05 1.4291e-05
-22.541 9.8216e-05 4.146e-05
-22.483 0.00018278 6.1243e-05
-22.425 0.00011462 4.5897e-05
-22.367 0.00012684 4.854e-05
-22.309 9.9365e-05 4.1946e-05
-22.251 0.00014346 5.2779e-05
-22.193 0.00011567 4.6319e-05
-22.135 0.00011556 4.6272e-05
-22.077 0.00012985 4.9692e-05
-22.019 0.00015852 5.6324e-05
-21.961 0.00016035 5.6977e-05
-21.903 0.00011689 4.6806e-05
-21.845 7.2791e-05 3.5312e-05
-21.787 0.0001899 6.3627e-05
-21.729 0.00011772 4.714e-05
-21.671 0.00014752 5.427e-05
-21.613 0.00011799 4.7246e-05
-21.555 0.00014913 5.4865e-05
-21.497 0.00023734 7.4241e-05
-21.439 7.4207e-05 3.5999e-05
-21.381 0.00019286 6.4619e-05
-21.323 0.00016471 5.8526e-05
-21.265 0.00013632 5.2167e-05
-21.207 0.00016432 5.8385e-05
-21.149 0.00013552 5.1861e-05
-21.091 0.00013655 5.2256e-05
-21.033 9.1141e-05 4.0964e-05
-20.975 0.00010588 4.4696e-05
-20.917 0.00013698 5.242e-05
-20.859 0.00012275 4.9154e-05
-20.801 0.00010718 4.5247e-05
-20.743 0.00013771 5.27e-05
-20.685 0.00018551 6.3907e-05
-20.626 6.2023e-05 3.3131e-05
-20.568 0.00010777 4.5494e-05
-20.51 0.0001701 6.0439e-05
-20.452 7.7339e-05 3.7519e-05
-20.394 0.00020162 6.7556e-05
-20.336 0.00015644 5.7552e-05
-20.278 0.00014091 5.3924e-05
-20.22 0.00015508 5.7053e-05
-20.162 0.00023731 7.5794e-05
-20.104 0.00010991 4.6395e-05
-20.046 0.00012575 5.0353e-05
-19.988 7.8486e-05 3.8075e-05
-19.93 0.00011082 4.6781e-05
-19.872 7.9275e-05 3.8458e-05
-19.814 7.9136e-05 3.8391e-05
-19.756 0.00017335 6.1593e-05
-19.698 6.3783e-05 3.4071e-05
-19.64 8.0437e-05 3.9022e-05
-19.582 0.00022334 7.2979e-05
-19.524 0.00011133 4.6998e-05
-19.466 0.00014455 5.5317e-05
-19.408 0.000113 4.7701e-05
-19.35 0.00019371 6.6731e-05
-19.292 4.799e-05 2.9139e-05
-19.234 0.00016121 5.9308e-05
-19.176 0.00016215 5.9653e-05
-19.118 9.6833e-05 4.3522e-05
-19.06 0.00019402 6.6838e-05
-19.002 0.00014652 5.6074e-05
-18.944 0.0001147 4.842e-05
-18.886 0.00016269 5.9852e-05
-18.828 9.775e-05 4.3934e-05
-18.77 0.00016338 6.0106e-05
-18.712 0.00023125 7.5563e-05
-18.654 0.0001632 6.0041e-05
-18.596 9.872e-05 4.437e-05
-18.538 0.00016562 6.0929e-05
-18.48 0.00013219 5.2932e-05
-18.422 9.8879e-05 4.4442e-05
-18.364 9.894e-05 4.4469e-05
-18.306 0.00011681 4.9309e-05
-18.248 0.00016635 6.12e-05
-18.19 0.00013362 5.3506e-05
-18.132 0.00014848 5.6823e-05
-18.074 6.6575e-05 3.5563e-05
-18.016 8.369e-05 4.06e-05
-17.958 0.00020112 6.9285e-05
-17.9 0.00011684 4.9321e-05
-17.841 0.0001358 5.4378e-05
-17.783 0.00013543 5.4232e-05
-17.725 0.00015159 5.8011e-05
-17.667 0.00013453 5.3869e-05
-17.609 0.00013696 5.4841e-05
-17.551 0.00011908 5.0268e-05
-17.493 0.00010238 4.6015e-05
-17.435 0.00010121 4.549e-05
-17.377 0.00015365 5.8799e-05
-17.319 8.5395e-05 4.1427e-05
-17.261 0.000103 4.6295e-05
-17.203 6.8151e-05 3.6405e-05
-17.145 8.5335e-05 4.1398e-05
-17.087 0.00015428 5.9041e-05
-17.029 0.0001724 6.3423e-05
-16.971 8.5582e-05 4.1517e-05
-16.913 0.00012045 5.0847e-05
-16.855 0.00011981 5.0576e-05
-16.797 8.6317e-05 4.1874e-05
-16.739 0.00017231 6.3393e-05
-16.681 8.5992e-05 4.1717e-05
-16.623 8.6899e-05 4.2157e-05
-16.565 0.0001383 5.538e-05
-16.507 8.5791e-05 4.1619e-05
-16.449 8.6628e-05 4.2025e-05
-16.391 0.0001903 6.7617e-05
-16.333 5.1663e-05 3.1369e-05
-16.275 8.6779e-05 4.2098e-05
-16.217 6.9577e-05 3.7166e-05
-16.159 6.9603e-05 3.718e-05
-16.101 0.00010459 4.701e-05
-16.043 0.00029547 9.0669e-05
-15.985 0.00015576 5.9608e-05
-15.927 8.746e-05 4.2429e-05
-15.869 0.00015692 6.005e-05
-15.811 0.00010497 4.7181e-05
-15.753 0.000193 6.8576e-05
-15.695 0.00014029 5.6175e-05
-15.637 7.0202e-05 3.75e-05
-15.579 0.00012211 5.1548e-05
-15.521 0.00019357 6.8779e-05
-15.463 0.00017623 6.4834e-05
-15.405 0.0001418 5.6781e-05
-15.347 0.00012315 5.1986e-05
-15.289 0.00016001 6.1234e-05
-15.231 0.00012493 5.2737e-05
-15.173 0 1
-15.114 8.8113e-05 4.2746e-05
-15.056 7.1181e-05 3.8023e-05
-14.998 0.00012446 5.2541e-05
-14.94 0.0001431 5.7302e-05
-14.882 0.00010682 4.8009e-05
-14.824 8.9404e-05 4.3372e-05
-14.766 7.1605e-05 3.825e-05
-14.708 0.00012573 5.3076e-05
-14.65 0.00015911 6.0892e-05
-14.592 7.19e-05 3.8407e-05
-14.534 5.4125e-05 3.2864e-05
-14.476 0.0001079 4.8494e-05
-14.418 0.00010835 4.8698e-05
-14.36 0.00021524 7.415e-05
-14.302 0.00010834 4.8696e-05
-14.244 0.00012617 5.3263e-05
-14.186 0.00010816 4.8612e-05
-14.128 0.00010809 4.8582e-05
-14.07 9.0344e-05 4.3828e-05
-14.012 0.00014294 5.7235e-05
-13.954 0.00010768 4.8399e-05
-13.896 0.00018017 6.6284e-05
-13.838 9.0617e-05 4.396e-05
-13.78 7.2406e-05 3.8677e-05
-13.722 0.00019781 7.0285e-05
-13.664 0.0001083 4.8675e-05
-13.606 0.00014602 5.8469e-05
-13.548 0.00012664 5.3461e-05
-13.49 0.00016326 6.2478e-05
-13.432 0.00014597 5.845e-05
-13.374 7.282e-05 3.8899e-05
-13.316 0.00018173 6.6857e-05
-13.258 9.1187e-05 4.4237e-05
-13.2 0.00025566 8.354e-05
-13.142 0.00010987 4.9383e-05
-13.084 0.00011008 4.9477e-05
-13.026 0.00016407 6.2788e-05
-12.968 0.00014768 5.9134e-05
-12.91 3.6897e-05 2.6997e-05
-12.852 0.00022056 7.5982e-05
-12.794 0.00010925 4.9105e-05
-12.736 0.0001462 5.8543e-05
-12.678 0.00011005 4.946e-05
-12.62 0.00014761 5.9109e-05
-12.562 0.00021915 7.5496e-05
-12.504 7.3397e-05 3.9207e-05
-12.446 0.00013041 5.505e-05
-12.388 0.00010958 4.9251e-05
-12.329 0.00018365 6.7563e-05
-12.271 9.2078e-05 4.4669e-05
-12.213 0.00024002 8.042e-05
-12.155 0.0001106 4.9709e-05
-12.097 0.00012908 5.4491e-05
-12.039 0.00012976 5.4775e-05
-11.981 0.00016714 6.3964e-05
-11.923 9.2679e-05 4.4961e-05
-11.865 7.3682e-05 3.9359e-05
-11.807 0.00018637 6.8564e-05
-11.749 3.7305e-05 2.7295e-05
-11.691 0.00020372 7.2386e-05
-11.633 7.3638e-05 3.9336e-05
-11.575 9.2907e-05 4.5071e-05
-11.517 0.00022375 7.7079e-05
-11.459 0.00014789 5.9218e-05
-11.401 0.00018724 6.8882e-05
-11.343 0.00011163 5.0171e-05
-11.285 9.3362e-05 4.5292e-05
-11.227 0.00014851 5.9468e-05
-11.169 0.00012933 5.4597e-05
-11.111 0.00011152 5.0121e-05
-11.053 0.0001874 6.8941e-05
-10.995 0.00013038 5.5037e-05
-10.937 9.2381e-05 4.4816e-05
-10.879 0.00013061 5.5133e-05
-10.821 5.6381e-05 3.4234e-05
-10.763 0.00014928 5.9775e-05
-10.705 0.00018648 6.8603e-05
-10.647 0.00011254 5.0582e-05
-10.589 0.00011274 5.0673e-05
-10.531 7.5348e-05 4.0249e-05
-10.473 5.5664e-05 3.3798e-05
-10.415 5.6086e-05 3.4055e-05
-10.357 0.00013171 5.5599e-05
-10.299 9.4491e-05 4.584e-05
-10.241 9.3958e-05 4.5581e-05
-10.183 0.00018715 6.8852e-05
-10.125 7.5293e-05 4.022e-05
-10.067 0.00022701 7.8205e-05
-10.009 0.00014984 6.0001e-05
-9.9506 0.00011316 5.0861e-05
-9.8926 7.5545e-05 4.0354e-05
-9.8346 0.00016999 6.5054e-05
-9.7766 0.00018831 6.9276e-05
-9.7185 0.00019043 7.0058e-05
-9.6605 0.00018864 6.9399e-05
-9.6025 9.4685e-05 4.5934e-05
-9.5445 0.00014974 5.9959e-05
-9.4864 0.00018824 6.9253e-05
-9.4284 5.7022e-05 3.4623e-05
-9.3704 0.0001887 6.9422e-05
-9.3124 0.00022554 7.7698e-05
-9.2544 0.00019058 7.0114e-05
-9.1963 0.00020915 7.4316e-05
-9.1383 7.5616e-05 4.0392e-05
-9.0803 0.00013181 5.5641e-05
-9.0223 0.00015228 6.0976e-05
-8.9643 0.00015232 6.0993e-05
-8.9062 0.00015308 6.1299e-05
-8.8482 0.00016994 6.5037e-05
-8.7902 0.00015177 6.0773e-05
-8.7322 0.00019079 7.019e-05
-8.6742 0.00025006 8.3787e-05
-8.6161 0.00018839 6.9307e-05
-8.5581 0.00017212 6.5868e-05
-8.5001 0.000115 5.1687e-05
-8.4421 7.5994e-05 4.0594e-05
-8.384 3.7769e-05 2.7634e-05
-8.326 0.00011425 5.1349e-05
-8.268 0.00019025 6.9993e-05
-8.21 0.00011404 5.1255e-05
-8.152 0.00015236 6.1008e-05
-8.0939 0.00017158 6.5661e-05
-8.0359 0.00019298 7.0997e-05
-7.9779 0.00011486 5.1625e-05
-7.9199 0.00015218 6.0936e-05
-7.8619 9.5324e-05 4.6244e-05
-7.8038 0.00013515 5.7051e-05
-7.7458 0.00013365 5.6419e-05
-7.6878 9.578e-05 4.6465e-05
-7.6298 0.00011408 5.1275e-05
-7.5718 0.00021033 7.4735e-05
-7.5137 0.00011566 5.1986e-05
-7.4557 0.00011417 5.1313e-05
-7.3977 0.00023005 7.9252e-05
-7.3397 0.00013468 5.6853e-05
-7.2816 0.00011517 5.1762e-05
-7.2236 0.00013376 5.6464e-05
-7.1656 0.00019592 7.2077e-05
-7.1076 0.00015586 6.2411e-05
-7.0496 0.00022841 7.8686e-05
-6.9915 9.6792e-05 4.6956e-05
-6.9335 0.00011652 5.2369e-05
-6.8755 0.0001152 5.1777e-05
-6.8175 0.00013564 5.7261e-05
-6.7595 9.5997e-05 4.657e-05
-6.7014 0.0001729 6.6169e-05
-6.6434 0.00011759 5.285e-05
-6.5854 9.5774e-05 4.6462e-05
-6.5274 0.00013495 5.6966e-05
-6.4694 0.00019088 7.0221e-05
-6.4113 0.00013622 5.7504e-05
-6.3533 0.00029067 9.2836e-05
-6.2953 7.7261e-05 4.1271e-05
-6.2373 7.6346e-05 4.0782e-05
-6.1792 0.00027585 9.0137e-05
-6.1212 0.00015396 6.1649e-05
-6.0632 7.6514e-05 4.0872e-05
-6.0052 0.00011462 5.1518e-05
-5.9472 9.8499e-05 4.7784e-05
-5.8891 0.00019083 7.0206e-05
-5.8311 0.00015296 6.1248e-05
-5.7731 9.7583e-05 4.734e-05
-5.7151 0.00017213 6.5872e-05
-5.6571 0.00011699 5.2583e-05
-5.599 9.6802e-05 4.6961e-05
-5.541 0.00024863 8.3307e-05
-5.483 0.00013345 5.6335e-05
-5.425 0.00021402 7.6047e-05
-5.3669 0.00017166 6.5691e-05
-5.3089 0.00013538 5.7149e-05
-5.2509 0.00023276 8.0184e-05
-5.1929 7.7408e-05 4.135e-05
-5.1349 0.00019189 7.0595e-05
-5.0768 0.00013495 5.6967e-05
-5.0188 0.00019349 7.1182e-05
-4.9608 0.00021241 7.5472e-05
-4.9028 0.00017261 6.6058e-05
-4.8448 0.00019206 7.0658e-05
-4.7867 0.00025279 8.47e-05
-4.7287 9.5698e-05 4.6425e-05
-4.6707 3.8571e-05 2.8221e-05
-4.6127 0.0002701 8.8259e-05
-4.5547 0.00011657 5.2392e-05
-4.4966 0.00017439 6.6739e-05
-4.4386 0.00011608 5.2172e-05
-4.3806 0.0002492 8.3496e-05
-4.3226 0.0001164 5.2316e-05
-4.2645 0.00021354 7.5874e-05
-4.2065 0.00031062 9.7163e-05
-4.1485 7.7366e-05 4.1327e-05
-4.0905 0.00025268 8.4663e-05
-4.0325 0.00021331 7.5795e-05
-3.9744 0.00015428 6.1778e-05
-3.9164 0.00015546 6.2252e-05
-3.8584 0.00021429 7.614e-05
-3.8004 0.00017593 6.7328e-05
-3.7424 0.00011631 5.2274e-05
-3.6843 0.00029069 9.2843e-05
-3.6263 0.00017611 6.7397e-05
-3.5683 0.00027212 8.8917e-05
-3.5103 0.00017501 6.6976e-05
-3.4523 0.00021579 7.6673e-05
-3.3942 0.0002521 8.4469e-05
-3.3362 0.00025287 8.4726e-05
-3.2782 0.00019645 7.2273e-05
-3.2202 0.00025432 8.5214e-05
-3.1621 0.00032708 0.00010037
-3.1041 0.00017668 6.7612e-05
-3.0461 0.00036562 0.00010845
-2.9881 0.00040537 0.00011676
-2.9301 0.00020144 7.4107e-05
-2.872 0.00028638 9.1468e-05
-2.814 0.0002749 8.9826e-05
-2.756 0.00031154 9.745e-05
-2.698 0.00019357 7.1214e-05
-2.64 0.00037951 0.00011256
-2.5819 0.00035779 0.00010612
-2.5239 0.0002811 9.185e-05
-2.4659 0.00031495 9.6649e-05
-2.4079 0.0003483 0.00010688
-2.3499 0.00047103 0.00012929
-2.2918 0.00050917 0.00013833
-2.2338 0.00036524 0.00010833
-2.1758 0.00055768 0.00014866
-2.1178 0.00035213 0.00010616
-2.0597 0.00064895 0.00016406
-2.0017 0.00050741 0.00014081
-1.9437 0.000637 0.0001621
-1.8857 0.00048335 0.00013267
-1.8277 0.00056785 0.00015137
-1.7696 0.00088199 0.00021073
-1.7116 0.00080795 0.0001965
-1.6536 0.0010625 0.00024659
-1.5956 0.0014611 0.00032484
-1.5376 0.0015304 0.00033215
-1.4795 0.0019111 0.0004093
-1.4215 0.0026643 0.00054951
-1.3635 0.0036329 0.00073525
-1.3055 0.0061127 0.001197
-1.2475 0.0078741 0.0015305
-1.1894 0.010142 0.0019579
-1.1314 0.012778 0.0024527
-1.0734 0.016065 0.0030764
-1.0154 0.019564 0.0037276
-0.95735 0.022937 0.0043637
-0.89933 0.025902 0.0049219
-0.84131 0.033639 0.0063723
-0.78328 0.033222 0.0062988
-0.72526 0.036081 0.0068359
-0.66724 0.043014 0.0081352
-0.60922 0.045498 0.0086037
-0.5512 0.048653 0.009201
-0.49318 0.049205 0.0093027
-0.43516 0.051189 0.0096734
-0.37714 0.050094 0.0094682
-0.31912 0.048107 0.0090979
-0.26109 0.04753 0.0089888
-0.20307 0.050099 0.0094722
-0.14505 0.040895 0.0077388
-0.087032 0.043004 0.0081359
-0.029011 0.036522 0.0069151
0.029011 0.037147 0.0070343
0.087032 0.024454 0.0046482
0.14505 0.029529 0.005605
0.20307 0.019656 0.0037476
0.26109 0.014133 0.0027101
0.31912 0.01186 0.0022804
0.37714 0.010113 0.0019508
0.43516 0.007449 0.0014513
0.49318 0.0048586 0.00096618
0.5512 0.0036306 0.00073159
0.60922 0.0022135 0.00046261
0.66724 0.0019105 0.00040917
0.72526 0.0011685 0.00026721
0.78328 0.00094743 0.00022133
0.84131 0.00083451 0.00020296
0.89933 0.00083743 0.0002018
0.95735 0.00065143 0.00016577
1.0154 0.00042255 0.00012344
1.0734 0.00047965 0.00013166
1.1314 0.00063048 0.0001627
1.1894 0.00028573 9.1261e-05
1.2475 0.00046397 0.00012735
1.3055 0.00027279 9.1401e-05
1.3635 0.00027445 8.968e-05
1.4215 0.00034234 0.00010505
1.4795 0.00041623 0.00011686
1.5376 0.0003098 9.8946e-05
1.5956 0.00041365 0.00011914
1.6536 0.00034226 0.00010319
1.7116 0.00041114 0.00011842
1.7696 0.00040245 0.00011757
1.8277 0.00017396 6.6575e-05
1.8857 0.00024616 8.2478e-05
1.9437 0.00031687 0.0001012
2.0017 0.000261 8.5284e-05
2.0597 0.00021758 7.731e-05
2.1178 0.00029426 9.3984e-05
2.1758 0.00033787 0.00010368
2.2338 0.00023548 8.1123e-05
2.2918 0.00030816 9.6392e-05
2.3499 0.00028849 9.4268e-05
2.4079 0.00026374 8.6181e-05
2.4659 0.0002841 9.2833e-05
2.5239 0.00028429 9.0799e-05
2.5819 0.00036237 0.00010925
2.64 0.00023634 8.1417e-05
2.698 0.00019438 7.1512e-05
2.756 0.00017809 6.8152e-05
2.814 0.00013407 5.6597e-05
2.872 0.00012239 5.5008e-05
2.9301 0.00015649 6.2661e-05
2.9881 0.00013687 5.7779e-05
3.0461 0.00024034 8.2797e-05
3.1041 0.00019768 7.2723e-05
3.1621 0.0001364 5.7578e-05
3.2202 0.00013874 5.8567e-05
3.2782 0.00017585 6.7296e-05
3.3362 0.00015656 6.269e-05
3.3942 0.00013868 5.8543e-05
3.4523 5.9208e-05 3.595e-05
3.5103 0.00023588 8.1258e-05
3.5683 0.00019563 7.197e-05
3.6263 0.00025524 8.5522e-05
3.6843 0.00029386 9.3855e-05
3.7424 0.00017686 6.7685e-05
3.8004 0.00015837 6.3418e-05
3.8584 0.00015792 6.3234e-05
3.9164 0.00019455 7.1574e-05
3.9744 0.00015895 6.3647e-05
4.0325 0.00013823 5.8352e-05
4.0905 0.00013887 5.8623e-05
4.1485 0.00013699 5.7829e-05
4.2065 0.00023715 8.1696e-05
4.2645 0.00015859 6.3505e-05
4.3226 0.00015684 6.2802e-05
4.3806 0.00015684 6.2802e-05
4.4386 0.00017726 6.7837e-05
4.4966 0.00027769 9.0738e-05
4.5547 0.00015595 6.2446e-05
4.6127 0.00021567 7.6631e-05
4.6707 0.00013678 5.7739e-05
4.7287 0.00017801 6.8124e-05
4.7867 0.00019753 7.2668e-05
4.8448 0.00011773 5.2913e-05
4.9028 0.00021559 7.6605e-05
4.9608 0.0002347 8.0855e-05
5.0188 0.00011711 5.2637e-05
5.0768 0.00023408 8.0639e-05
5.1349 0.00011812 5.3089e-05
5.1929 0.00015719 6.2943e-05
5.2509 0.00023383 8.0552e-05
5.3089 0.00017435 6.6722e-05
5.3669 0.00011874 5.3366e-05
5.425 0.00013678 5.7738e-05
5.483 0.0002166 7.6963e-05
5.541 0.00013722 5.7924e-05
5.599 0.00019693 7.2448e-05
5.6571 9.805e-05 4.7566e-05
5.7151 0.00011994 5.3906e-05
5.7731 0.0001963 7.2218e-05
5.8311 0.0001771 6.7777e-05
5.8891 0.00011956 5.3736e-05
5.9472 0.00013656 5.7646e-05
6.0052 0.00013869 5.8547e-05
6.0632 0.0001184 5.3215e-05
6.1212 0.00015918 6.3742e-05
6.1792 0.00017663 6.7595e-05
6.2373 0.00011794 5.3008e-05
6.2953 0.00013794 5.823e-05
6.3533 0.00019989 7.3539e-05
6.4113 5.8083e-05 3.5267e-05
6.4694 3.9953e-05 2.9232e-05
6.5274 5.8899e-05 3.5763e-05
6.5854 8.0519e-05 4.3011e-05
6.6434 0.00013864 5.8525e-05
6.7014 9.8464e-05 4.7767e-05
6.7595 0.00025802 8.6453e-05
6.8175 0.00013818 5.8331e-05
6.8755 0.00015877 6.3576e-05
6.9335 0.0003364 0.00010323
6.9915 7.7824e-05 4.1572e-05
7.0496 5.9785e-05 3.6301e-05
7.1076 5.9945e-05 3.6398e-05
7.1656 0.00015646 6.2653e-05
7.2236 0.00011749 5.2806e-05
7.2816 0.00013753 5.8057e-05
7.3397 0.00021778 7.7381e-05
7.3977 0.00011836 5.3197e-05
7.4557 0.00017741 6.7894e-05
7.5137 0.00023785 8.1939e-05
7.5718 0.00021644 7.6905e-05
7.6298 0.00011766 5.2882e-05
7.6878 0.00011805 5.3056e-05
7.7458 0.00017786 6.8066e-05
7.8038 0.0001181 5.3083e-05
7.8619 9.7786e-05 4.7438e-05
7.9199 0.00015566 6.2332e-05
7.9779 0.00017819 6.8193e-05
8.0359 9.882e-05 4.794e-05
8.0939 0.00013707 5.7864e-05
8.152 0.00019555 7.194e-05
8.21 1.9761e-05 2.0107e-05
8.268 0.00015564 6.2321e-05
8.326 0.00011703 5.26e-05
8.384 0.0002329 8.0234e-05
8.4421 1.9635e-05 1.9979e-05
8.5001 0.00011737 5.2753e-05
8.5581 5.8079e-05 3.5265e-05
8.6161 0.00011679 5.249e-05
8.6742 0.00011652 5.2369e-05
8.7322 0.00017587 6.7304e-05
8.7902 7.7881e-05 4.1602e-05
8.8482 0.00011757 5.2842e-05
8.9062 0.00013625 5.7518e-05
8.9643 7.8159e-05 4.1751e-05
9.0223 0.00015518 6.2139e-05
9.0803 0.00013623 5.7506e-05
9.1383 0.00013701 5.7838e-05
9.1963 9.8024e-05 4.7554e-05
9.2544 0.00011616 5.2211e-05
9.3124 0.00015564 6.2322e-05
9.3704 0.00021698 7.7097e-05
9.4284 9.737e-05 4.7236e-05
9.4864 0.00013603 5.7422e-05
9.5445 0.00017644 6.7521e-05
9.6025 7.8099e-05 4.1719e-05
9.6605 1.9487e-05 1.9828e-05
9.7185 0.00011608 5.2173e-05
9.7766 0.00019387 7.1324e-05
9.8346 7.752e-05 4.1409e-05
9.8926 0.00017423 6.6677e-05
9.9506 0.00019308 7.1033e-05
10.009 9.7221e-05 4.7164e-05
10.067 0.0001368 5.7747e-05
10.125 0.00015321 6.1352e-05
10.183 0.00013494 5.6963e-05
10.241 0.00013671 5.7711e-05
10.299 9.7106e-05 4.7108e-05
10.357 0.00019216 7.0695e-05
10.415 0.00013499 5.6985e-05
10.473 0.00011577 5.2033e-05
10.531 0.00019354 7.12e-05
10.589 0.00017426 6.6687e-05
10.647 9.5901e-05 4.6523e-05
10.705 0.0001358 5.7326e-05
10.763 0.00013468 5.6854e-05
10.821 5.8086e-05 3.5269e-05
10.879 0.00015361 6.1511e-05
10.937 0.00013452 5.6786e-05
10.995 0.00019329 7.1111e-05
11.053 5.8087e-05 3.527e-05
11.111 7.6585e-05 4.091e-05
11.169 0.00015439 6.1821e-05
11.227 7.7168e-05 4.1221e-05
11.285 0.0001339 5.6523e-05
11.343 0.00013423 5.6666e-05
11.401 7.6547e-05 4.0889e-05
11.459 0.00019279 7.0926e-05
11.517 0.00011653 5.2376e-05
11.575 0.00011495 5.1663e-05
11.633 0.00013448 5.6768e-05
11.691 0.00019223 7.0718e-05
11.749 9.5559e-05 4.6358e-05
11.807 9.5997e-05 4.657e-05
11.865 3.8476e-05 2.8152e-05
11.923 0.00015376 6.1571e-05
11.981 0.00011561 5.1963e-05
12.039 0.00013274 5.6033e-05
12.097 0.00015339 6.1421e-05
12.155 5.7596e-05 3.4972e-05
12.213 0.00013321 5.6232e-05
12.271 0.00011431 5.1379e-05
12.329 0.00013365 5.6419e-05
12.388 0.0001731 6.6246e-05
12.446 0.00013276 5.6044e-05
12.504 0.00011341 5.0974e-05
12.562 0.00013267 5.6004e-05
12.62 7.5903e-05 4.0546e-05
12.678 9.5298e-05 4.6231e-05
12.736 0.00016986 6.5006e-05
12.794 0.00013198 5.5713e-05
12.852 0.00013232 5.5858e-05
12.91 0.00013332 5.6278e-05
12.968 0.00011205 5.0364e-05
13.026 7.5351e-05 4.0251e-05
13.084 9.4253e-05 4.5724e-05
13.142 0.00016976 6.4965e-05
13.2 7.4404e-05 3.9745e-05
13.258 9.3842e-05 4.5525e-05
13.316 0.00013138 5.5461e-05
13.374 0.0001505 6.0265e-05
13.432 0.00011249 5.0561e-05
13.49 0.00016892 6.4645e-05
13.548 9.4063e-05 4.5632e-05
13.606 0.00013101 5.5302e-05
13.664 0.00018666 6.8672e-05
13.722 7.5005e-05 4.0066e-05
13.78 0.00015014 6.0119e-05
13.838 0.00018743 6.8954e-05
13.896 3.7261e-05 2.7263e-05
13.954 9.3469e-05 4.5344e-05
14.012 9.3272e-05 4.5248e-05
14.07 0.0002042 7.2558e-05
14.128 0.00022138 7.6264e-05
14.186 1.8716e-05 1.9044e-05
14.244 0.00022441 7.7307e-05
14.302 7.3895e-05 3.9473e-05
14.36 0.00011162 5.0168e-05
14.418 0.00012952 5.4675e-05
14.476 0.00016757 6.4127e-05
14.534 0.00011079 4.9795e-05
14.592 0.00020265 7.2006e-05
14.65 0.00016588 6.3481e-05
14.708 0.00014819 5.934e-05
14.766 0.00011025 4.9554e-05
14.824 0.00014673 5.8754e-05
14.882 0.00020159 7.1628e-05
14.94 0.00018391 6.766e-05
14.998 9.1755e-05 4.4513e-05
15.056 3.657e-05 2.6757e-05
15.114 0.00025723 8.4052e-05
15.173 0.0001851 6.8097e-05
15.231 0.00010983 4.9365e-05
15.289 0.00010909 4.903e-05
15.347 7.2912e-05 3.8948e-05
15.405 0.00018402 6.77e-05
15.463 7.2959e-05 3.8973e-05
15.521 0.00016368 6.264e-05
15.579 0.00014614 5.8519e-05
15.637 0.00010948 4.9208e-05
15.695 0.00018132 6.6705e-05
15.753 0.00010889 4.8943e-05
15.811 0.00010796 4.8525e-05
15.869 0.00012707 5.364e-05
15.927 5.4247e-05 3.2938e-05
15.985 0.00023382 7.8346e-05
16.043 7.23e-05 3.8621e-05
16.101 0.00010817 4.8617e-05
16.159 0.00012648 5.3391e-05
16.217 0.00014287 5.7208e-05
16.275 0.00010754 4.8335e-05
16.333 0.00010757 4.835e-05
16.391 0.00019754 7.019e-05
16.449 0.00012573 5.3076e-05
16.507 0.00014325 5.7361e-05
16.565 7.1585e-05 3.8239e-05
16.623 0.00012459 5.2595e-05
16.681 0.00010749 4.831e-05
16.739 0.00012398 5.2335e-05
16.797 0.00023244 7.7881e-05
16.855 0.00014127 5.6568e-05
16.913 5.3018e-05 3.2192e-05
16.971 3.5284e-05 2.5817e-05
17.029 0.00017649 6.4929e-05
17.087 8.8037e-05 4.2708e-05
17.145 8.7541e-05 4.2468e-05
17.203 0.00010567 4.7494e-05
17.261 0.00019222 6.8299e-05
17.319 0.00022812 7.6435e-05
17.377 0.00015568 5.9579e-05
17.435 0.00019154 6.8058e-05
17.493 0.00013944 5.5834e-05
17.551 0.00015657 5.9917e-05
17.609 0.00010259 4.6112e-05
17.667 5.1537e-05 3.1293e-05
17.725 0.00012168 5.1367e-05
17.783 5.2169e-05 3.1676e-05
17.841 0.00011917 5.0306e-05
17.9 0.00012004 5.0675e-05
17.958 0.00015471 5.9208e-05
18.016 8.5494e-05 4.1475e-05
18.074 0.00010217 4.5922e-05
18.132 0.00013731 5.4983e-05
18.19 0.00020476 7.054e-05
18.248 8.4554e-05 4.1019e-05
18.306 0.00018571 6.5988e-05
18.364 0.0001365 5.4658e-05
18.422 0.00016972 6.2439e-05
18.48 0.00010128 4.5523e-05
18.538 0.00010149 4.5617e-05
18.596 0.00023705 7.7457e-05
18.654 0.00011822 4.9906e-05
18.712 8.3928e-05 4.0715e-05
18.77 0.00018445 6.5539e-05
18.828 6.7327e-05 3.5964e-05
18.886 0.00013437 5.3805e-05
18.944 5.0164e-05 3.0459e-05
19.002 0.00016677 6.1354e-05
19.06 0.00010023 4.5048e-05
19.118 0.00016696 6.1424e-05
19.176 0.0001334 5.3415e-05
19.234 0.00011543 4.8726e-05
19.292 0.00019884 6.85e-05
19.35 0.00016531 6.0816e-05
19.408 0.00013281 5.3182e-05
19.466 8.2254e-05 3.9903e-05
19.524 9.8817e-05 4.4414e-05
19.582 9.8693e-05 4.4358e-05
19.64 8.1613e-05 3.9592e-05
19.698 0.00019382 6.6771e-05
19.756 0.00011346 4.7896e-05
19.814 3.2664e-05 2.3899e-05
19.872 0.00013014 5.2111e-05
19.93 0.00016108 5.9258e-05
19.988 0.00012951 5.1858e-05
20.046 9.7134e-05 4.3657e-05
20.104 0.00014344 5.4895e-05
20.162 0.00016021 5.8939e-05
20.22 0.00011195 4.726e-05
20.278 0.00019407 6.6855e-05
20.336 0.00011197 4.7265e-05
20.394 0.00014156 5.4173e-05
20.452 6.349e-05 3.3915e-05
20.51 8.0081e-05 3.8849e-05
20.568 0.00017534 6.2301e-05
20.626 0.00015768 5.8011e-05
20.685 0.00017316 6.1527e-05
20.743 7.8747e-05 3.8202e-05
20.801 0.00014165 5.4208e-05
20.859 0.00018682 6.4359e-05
20.917 0.00012519 5.0129e-05
20.975 0.0001248 4.9975e-05
21.033 9.2617e-05 4.1627e-05
21.091 0.00013921 5.3276e-05
21.149 0.00010798 4.5584e-05
21.207 0.0001241 4.9692e-05
21.265 0.00010782 4.5516e-05
21.323 0.0001527 5.6177e-05
21.381 0.00010769 4.546e-05
21.439 0.00015425 5.6745e-05
21.497 9.082e-05 4.082e-05
21.555 0.00012019 4.8127e-05
21.613 0.0001058 4.4663e-05
21.671 0.00010569 4.4615e-05
21.729 0.00016546 5.8791e-05
21.787 0.00022307 7.1247e-05
21.845 0.00010422 4.3995e-05
21.903 0.00011962 4.7901e-05
21.961 0.00010356 4.3717e-05
22.019 8.7938e-05 3.9524e-05
22.077 0.00011749 4.7045e-05
22.135 0.00011777 4.7157e-05
22.193 0.00013138 5.0278e-05
22.251 7.2446e-05 3.5145e-05
22.309 7.2721e-05 3.5279e-05
22.367 0.00013041 4.9907e-05
22.425 0.00013041 4.9907e-05
22.483 0.00015805 5.6158e-05
22.541 0.00015885 5.6443e-05
22.599 0.00014417 5.3037e-05
22.657 0.00014334 5.2734e-05
22.715 0.00015665 5.5662e-05
22.773 4.2447e-05 2.5773e-05
22.831 7.1057e-05 3.4471e-05
22.889 8.5121e-05 3.8258e-05
22.947 0.00022389 7.0032e-05
23.005 6.9917e-05 3.3918e-05
23.063 8.3781e-05 3.7656e-05
23.121 0.00016609 5.7216e-05
23.179 9.5894e-05 4.0481e-05
23.237 0.00016541 5.6983e-05
23.295 0.00014994 5.3277e-05
23.353 0.00012299 4.7068e-05
23.412 0.0001217 4.6575e-05
23.47 0.00013527 4.9764e-05
23.528 0.00022905 7.0288e-05
23.586 7.9838e-05 3.5884e-05
23.644 9.2714e-05 3.9138e-05
23.702 0.00010581 4.2368e-05
23.76 0.00017167 5.7518e-05
23.818 0.00013098 4.8186e-05
23.876 0.00019623 6.2672e-05
23.934 0.00012972 4.7722e-05
23.992 0.00012943 4.7617e-05
24.05 0.00012953 4.7654e-05
24.108 0.00016601 5.5624e-05
24.166 0.00016673 5.5864e-05
24.224 6.3563e-05 3.0836e-05
24.282 8.8685e-05 3.7437e-05
24.34 0.00017556 5.7367e-05
24.398 0.00016264 5.4495e-05
24.456 0.00011274 4.3145e-05
24.514 8.683e-05 3.6654e-05
24.572 6.1789e-05 2.9975e-05
24.63 6.139e-05 2.9782e-05
24.688 0.00015944 5.3421e-05
24.746 0.00013381 4.7545e-05
24.804 8.413e-05 3.5514e-05
24.862 0.00011985 4.4092e-05
24.92 0.00013119 4.6616e-05
24.978 9.4431e-05 3.7813e-05
25.036 0.00010539 4.0334e-05
25.094 0.00019954 6.1231e-05
25.152 0.00013953 4.8067e-05
25.21 0.00015023 5.0338e-05
25.268 0.00013716 4.725e-05
25.326 5.7349e-05 2.7821e-05
25.384 0.0001135 4.1755e-05
25.442 0.00012378 4.3981e-05
25.5 6.7196e-05 3.0202e-05
25.558 0.00016692 5.3312e-05
25.616 0.00012161 4.3212e-05
25.674 0.00016508 5.2725e-05
25.732 0.0001192 4.2353e-05
25.79 0.00017308 5.4138e-05
25.848 0.00017311 5.4147e-05
25.906 0.00011668 4.1458e-05
25.964 0.00011607 4.1242e-05
26.022 0.00012571 4.3308e-05
26.08 0.00011568 4.1103e-05
26.138 8.3486e-05 3.343e-05
26.197 0.0001132 4.0222e-05
26.255 0.00015319 4.8928e-05
26.313 0.00019389 5.7508e-05
26.371 5.0403e-05 2.4451e-05
26.429 0.00020819 5.9966e-05
26.487 0.00012781 4.2823e-05
26.545 0.00015622 4.8865e-05
26.603 9.6684e-05 3.5569e-05
26.661 9.4752e-05 3.4858e-05
26.719 0.00014054 4.4887e-05
26.777 0.00014011 4.4749e-05
26.835 0.00018388 5.3717e-05
26.893 9.962e-05 3.5397e-05
26.951 0.00015278 4.6882e-05
27.009 0.00012503 4.0855e-05
27.067 0.00014984 4.5981e-05
27.125 0.00013778 4.3098e-05
27.183 0.00017083 4.9904e-05
27.241 0.0001352 4.2289e-05
27.299 0.00011622 3.7977e-05
27.357 0.00012969 4.0567e-05
27.415 0.00010466 3.5067e-05
27.473 8.7652e-05 3.1145e-05
27.531 0.00011727 3.7454e-05
27.589 8.4207e-05 2.992e-05
27.647 0.00010545 3.4457e-05
27.705 0.00012561 3.8546e-05
27.763 0.00011585 3.6239e-05
27.821 0.00015586 4.4304e-05
27.879 0.00014526 4.184e-05
27.937 0.0001289 3.8234e-05
27.995 0.00012654 3.7532e-05
28.053 0.00015673 4.3493e-05
28.111 0.00014737 4.1374e-05
28.169 0.00014978 4.1565e-05
28.227 0.00019973 5.1175e-05
28.285 9.3337e-05 2.9196e-05
28.343 0.00012988 3.6465e-05
28.401 0.00013125 3.6424e-05
28.459 0.00014158 3.809e-05
28.517 0.00017108 4.3535e-05
28.575 0.00012618 3.428e-05
28.633 0.00013538 3.5774e-05
28.691 0.00014649 3.7533e-05
28.749 0.00014111 3.5908e-05
28.807 0.00012001 3.1203e-05
28.865 0.00011062 2.8762e-05
28.924 0.00016079 3.7827e-05
28.982 0.00014376 3.3473e-05
29.04 0.00014791 3.2574e-05
29.098 0.00012773 2.9942e-05
29.156 0.00013336 3.1155e-05
29.214 0.00013451 2.9152e-05
29.272 0.00015427 4.3313e-05
29.33 0.00018326 5.3537e-05
29.388 0.00011341 3.2667e-05
29.446 0.00016101 4.3318e-05
29.504 0 1
29.562 0 1
29.62 0 1
29.678 0 1
