-29.678 0 1
-29.62 0 1
-29.562 0 1
-29.504 0.00020752 5.18e-05
-29.446 0.00015212 3.9847e-05
-29.388 0.00018017 5.1874e-05
-29.33 0.00025117 6.1667e-05
-29.272 0.00016259 3.4312e-05
-29.214 0.0001829 4.0253e-05
-29.156 0.00014356 3.2719e-05
-29.098 0.00020062 4.238e-05
-29.04 0.00015892 3.6125e-05
-28.982 0.0002042 4.5752e-05
-28.924 0.0001458 3.5275e-05
-28.865 0.00014792 3.6317e-05
-28.807 0.00013445 3.4196e-05
-28.749 0.00020271 4.8017e-05
-28.691 0.00018713 4.5486e-05
-28.633 0.0001719 4.2908e-05
-28.575 0.00018823 4.6458e-05
-28.517 0.00023675 5.6302e-05
-28.459 0.00020549 5.0717e-05
-28.401 0.00020638 5.1218e-05
-28.343 0.00022459 5.514e-05
-28.285 0.00016305 4.3444e-05
-28.227 0.00016136 4.3392e-05
-28.169 0.00018919 4.9167e-05
-28.111 0.00019347 5.0279e-05
-28.053 0.00021077 5.3975e-05
-27.995 0.0001381 3.976e-05
-27.937 0.00013274 3.8763e-05
-27.879 0.00016854 4.6243e-05
-27.821 0.000117 3.5891e-05
-27.763 0.00018261 4.9587e-05
-27.705 0.00014304 4.1771e-05
-27.647 0.00013772 4.0834e-05
-27.589 0.00018545 5.0882e-05
-27.531 0.0002406 6.2059e-05
-27.473 0.00016852 4.7881e-05
-27.415 0.00016336 4.7035e-05
-27.357 0.00020531 5.5753e-05
-27.299 0.00016125 4.7088e-05
-27.241 0.00017131 4.9325e-05
-27.183 0.00014765 4.4498e-05
-27.125 0.00018329 5.2079e-05
-27.067 0.00021848 5.9329e-05
-27.009 0.00018828 5.3496e-05
-26.951 0.00020523 5.6929e-05
-26.893 0.0001483 4.5494e-05
-26.835 0.00017681 5.1632e-05
-26.777 0.0001512 4.6381e-05
-26.719 0.00018112 5.2891e-05
-26.661 0.00015535 4.7654e-05
-26.603 0.00025111 6.7528e-05
-26.545 0.00019596 5.6421e-05
-26.487 0.0001601 4.9111e-05
-26.429 0.00023835 6.5395e-05
-26.371 0.0001256 4.2071e-05
-26.313 0.00023407 6.4929e-05
-26.255 0.00028448 7.5136e-05
-26.197 0.00012902 4.3218e-05
-26.138 0.00020052 5.8558e-05
-26.08 0.00015148 4.8366e-05
-26.022 0.00013092 4.3853e-05
-25.964 0.00015264 4.8735e-05
-25.906 0.00020604 6.0169e-05
-25.848 0.00024698 6.8509e-05
-25.79 0.00019628 5.8197e-05
-25.732 0.00015654 4.9983e-05
-25.674 0.00024236 6.8016e-05
-25.616 0.00013779 4.6155e-05
-25.558 0.00027659 7.5109e-05
-25.5 0.0002251 6.4809e-05
-25.442 0.00011961 4.2489e-05
-25.384 0.00017423 5.448e-05
-25.326 0.00013051 4.4947e-05
-25.268 0.00015544 5.0775e-05
-25.21 0.00013354 4.599e-05
-25.152 0.00022465 6.5603e-05
-25.094 0.000224 6.5413e-05
-25.036 0.00018068 5.6497e-05
-24.978 0.00015936 5.2056e-05
-24.92 0.00017001 5.4283e-05
-24.862 0.00020484 6.1734e-05
-24.804 0.00021808 6.4659e-05
-24.746 0.00025608 7.2761e-05
-24.688 0.00018649 5.8315e-05
-24.63 0.00021106 6.3611e-05
-24.572 0.00016449 5.3732e-05
-24.514 0.00016766 5.4769e-05
-24.456 0.00021561 6.4981e-05
-24.398 0.00020425 6.2657e-05
-24.34 0.00016936 5.5323e-05
-24.282 0.00018238 5.8231e-05
-24.224 0.00013388 4.7557e-05
-24.166 0.00015871 5.3162e-05
-24.108 0.0002349 6.9646e-05
-24.05 0.00017348 5.6668e-05
-23.992 0.00017461 5.7039e-05
-23.934 0.00013628 4.8409e-05
-23.876 0.00013827 4.9119e-05
-23.818 0.00013932 4.9492e-05
-23.76 0.00017719 5.7881e-05
-23.702 0.0001519 5.2314e-05
-23.644 0.00016494 5.5249e-05
-23.586 0.00011489 4.3956e-05
-23.528 0.000167 5.594e-05
-23.47 0.00016612 5.5645e-05
-23.412 0.00012897 4.7437e-05
-23.353 0.00018281 5.9718e-05
-23.295 0.00019464 6.2145e-05
-23.237 0.00014271 5.0696e-05
-23.179 0.00014427 5.1248e-05
-23.121 0.00018305 5.9795e-05
-23.063 0.00015737 5.4197e-05
-23.005 0.00026188 7.6474e-05
-22.947 0.00015805 5.4432e-05
-22.889 0.00020022 6.3929e-05
-22.831 0.0002266 6.9512e-05
-22.773 0.00014605 5.1881e-05
-22.715 0.00021532 6.7331e-05
-22.657 0.0001886 6.1608e-05
-22.599 0.00023072 7.0776e-05
-22.541 8.1347e-05 3.6556e-05
-22.483 0.00016303 5.6149e-05
-22.425 0.00016613 5.7216e-05
-22.367 0.00017703 5.93e-05
-22.309 9.6016e-05 4.0524e-05
-22.251 0.00016635 5.7292e-05
-22.193 0.00023752 7.2862e-05
-22.135 0.00019541 6.3832e-05
-22.077 0.00019518 6.3757e-05
-22.019 0.00020887 6.669e-05
-21.961 0.00025355 7.6418e-05
-21.903 0.00018354 6.1481e-05
-21.845 0.00019694 6.4334e-05
-21.787 0.00012704 4.8605e-05
-21.729 0.00021329 6.8101e-05
-21.671 0.00018531 6.2072e-05
-21.613 0.00018527 6.2059e-05
-21.555 0.00017293 5.9557e-05
-21.497 0.00018634 6.2418e-05
-21.439 0.00021512 6.8684e-05
-21.381 0.00022936 7.172e-05
-21.323 0.00023151 7.2391e-05
-21.265 0.00011709 4.6875e-05
-21.207 0.00015878 5.6402e-05
-21.149 0.0001746 6.0132e-05
-21.091 0.00020525 6.7046e-05
-21.033 0.00014678 5.3987e-05
-20.975 0.00024847 7.622e-05
-20.917 0.00013236 5.0642e-05
-20.859 0.00011862 4.7487e-05
-20.801 0.00025153 7.716e-05
-20.743 0.0001035 4.3682e-05
-20.685 0.00017926 6.1736e-05
-20.626 8.9899e-05 4.0399e-05
-20.568 0.00016365 5.8131e-05
-20.51 0.00016436 5.8387e-05
-20.452 0.00014946 5.4973e-05
-20.394 0.00016485 5.8561e-05
-20.336 0.00010582 4.466e-05
-20.278 0.0002118 6.9187e-05
-20.22 0.00017982 6.1931e-05
-20.162 0.00021402 6.9913e-05
-20.104 0.00016689 5.9283e-05
-20.046 0.00021264 6.9461e-05
-19.988 0.00024269 7.5887e-05
-19.93 9.1786e-05 4.1247e-05
-19.872 0.00013788 5.2756e-05
-19.814 0.00025999 7.9756e-05
-19.756 0.0001675 5.9501e-05
-19.698 0.00016949 6.0208e-05
-19.64 7.7726e-05 3.7701e-05
-19.582 0.0002004 6.7126e-05
-19.524 0.00012295 4.9222e-05
-19.466 0.00010864 4.5851e-05
-19.408 0.00020278 6.7925e-05
-19.35 0.00023397 7.4704e-05
-19.292 0.0002164 7.069e-05
-19.234 0.00015578 5.7295e-05
-19.176 0.00021936 7.1654e-05
-19.118 0.00021833 7.1319e-05
-19.06 9.3739e-05 4.2125e-05
-19.002 0.00015732 5.7861e-05
-18.944 0.00020584 6.8948e-05
-18.886 9.4323e-05 4.2387e-05
-18.828 0.00015743 5.7901e-05
-18.77 0.00022102 7.2199e-05
-18.712 0.00014365 5.4962e-05
-18.654 0.00022079 7.2122e-05
-18.596 0.00014309 5.4747e-05
-18.538 0.00017604 6.2534e-05
-18.48 9.58e-05 4.3051e-05
-18.422 0.0001274 5.1002e-05
-18.364 0.00014341 5.4869e-05
-18.306 0.00025799 8.0672e-05
-18.248 0.0001929 6.6433e-05
-18.19 8.0698e-05 3.9143e-05
-18.132 0.00023913 7.6351e-05
-18.074 0.00012866 5.151e-05
-18.016 0.00024261 7.7461e-05
-17.958 0.00027532 8.4456e-05
-17.9 0.00014516 5.5538e-05
-17.841 0.00029525 8.8984e-05
-17.783 0.00021266 7.1235e-05
-17.725 0.00021158 7.0871e-05
-17.667 0.00016249 5.9765e-05
-17.609 0.00014888 5.6964e-05
-17.551 0.00014794 5.6604e-05
-17.493 0.0001319 5.2807e-05
-17.435 0.0002119 7.0979e-05
-17.377 0.00023095 7.5441e-05
-17.319 0.00018154 6.4487e-05
-17.261 0.00018247 6.482e-05
-17.203 0.00016464 6.0553e-05
-17.145 0.0001979 6.8157e-05
-17.087 0.00026502 8.2872e-05
-17.029 0.00014993 5.7363e-05
-16.971 0.00014885 5.6953e-05
-16.913 0.00014965 5.7256e-05
-16.855 0.00018193 6.4626e-05
-16.797 0.00016681 6.1355e-05
-16.739 0.00018316 6.5062e-05
-16.681 0.00023266 7.6002e-05
-16.623 0.00013435 5.3788e-05
-16.565 0.00018376 6.5275e-05
-16.507 0.00013264 5.3102e-05
-16.449 0.00015068 5.7649e-05
-16.391 0.00015045 5.7564e-05
-16.333 0.00011648 4.9163e-05
-16.275 0.00020125 6.931e-05
-16.217 8.404e-05 4.0764e-05
-16.159 0.00025221 8.0528e-05
-16.101 0.00026951 8.4276e-05
-16.043 0.00015115 5.7832e-05
-15.985 0.00013379 5.3561e-05
-15.927 0.00028734 8.8145e-05
-15.869 0.00026956 8.4289e-05
-15.811 0.00016906 6.218e-05
-15.753 0.00018649 6.6247e-05
-15.695 0.00011861 5.0062e-05
-15.637 0.00015263 5.8397e-05
-15.579 0.00016857 6.1999e-05
-15.521 0.00015304 5.8553e-05
-15.463 0.00011921 5.0312e-05
-15.405 0.00017128 6.2996e-05
-15.347 6.8e-05 3.632e-05
-15.289 0.00013743 5.5022e-05
-15.231 0.00024144 7.8867e-05
-15.173 0.00017201 6.3267e-05
-15.114 3.4057e-05 2.4917e-05
-15.056 0.00013756 5.5073e-05
-14.998 0.00018899 6.7136e-05
-14.94 0.00012099 5.1066e-05
-14.882 0.00029244 8.971e-05
-14.824 0.00020734 7.1407e-05
-14.766 0.00010379 4.664e-05
-14.708 0.00019092 6.782e-05
-14.65 0.00017084 6.2833e-05
-14.592 0.00029528 9.0579e-05
-14.534 0.00019177 6.8122e-05
-14.476 0.00031278 9.4266e-05
-14.418 0.0001396 5.5887e-05
-14.36 8.6662e-05 4.2036e-05
-14.302 5.2347e-05 3.1781e-05
-14.244 0.00026126 8.3417e-05
-14.186 0.00010451 4.6966e-05
-14.128 0.0002263 7.5803e-05
-14.07 0.00012222 5.1583e-05
-14.012 0.00020718 7.1352e-05
-13.954 0.00036419 0.00010486
-13.896 0.00015669 5.9951e-05
-13.838 0.00015761 6.0304e-05
-13.78 0.00024488 7.9992e-05
-13.722 0.00017377 6.3911e-05
-13.664 0.00022674 7.5948e-05
-13.606 0.00029983 9.1975e-05
-13.548 0.00013986 5.5991e-05
-13.49 0.00019281 6.8493e-05
-13.432 0.00015868 6.0712e-05
-13.374 0.00010555 4.7432e-05
-13.316 0.00019316 6.8618e-05
-13.258 0.00014098 5.6441e-05
-13.2 0.00017646 6.4902e-05
-13.142 0.00014156 5.6673e-05
-13.084 0.00010637 4.7801e-05
-13.026 0.00019377 6.8833e-05
-12.968 0.00019621 6.97e-05
-12.91 0.00028523 8.9189e-05
-12.852 0.00019537 6.9399e-05
-12.794 0.00010557 4.7442e-05
-12.736 0.00015893 6.0809e-05
-12.678 0.00014178 5.6762e-05
-12.62 0.00016047 6.1396e-05
-12.562 0.00015882 6.0767e-05
-12.504 0.00019504 6.9284e-05
-12.446 0.00023402 7.8389e-05
-12.388 0.00022942 7.6847e-05
-12.329 0.00012422 5.2429e-05
-12.271 0.00012456 5.2574e-05
-12.213 0.00012488 5.2708e-05
-12.155 0.00032061 9.6628e-05
-12.097 0.00016037 6.1359e-05
-12.039 0.00016121 6.1678e-05
-11.981 0.00016151 6.1794e-05
-11.923 0.00025075 8.1911e-05
-11.865 0.0002136 7.3562e-05
-11.807 0.00010805 4.8557e-05
-11.749 0.00014419 5.7726e-05
-11.691 0.00017896 6.5821e-05
-11.633 0.00014231 5.6974e-05
-11.575 0.0001616 6.1828e-05
-11.517 0.00014414 5.7705e-05
-11.459 0.00016077 6.151e-05
-11.401 0.00021711 7.4772e-05
-11.343 0.00012584 5.3113e-05
-11.285 0.00018043 6.6362e-05
-11.227 0.00014351 5.7452e-05
-11.169 0.00012497 5.2747e-05
-11.111 0.00014368 5.752e-05
-11.053 0.00010865 4.8824e-05
-10.995 0.00021597 7.438e-05
-10.937 0.00014283 5.7181e-05
-10.879 0.00027043 8.6346e-05
-10.821 0.00019976 7.0961e-05
-10.763 0.00019834 7.0455e-05
-10.705 0.00014415 5.7711e-05
-10.647 0.00021749 7.4904e-05
-10.589 9.0786e-05 4.4036e-05
-10.531 0.00012741 5.3777e-05
-10.473 0.00026894 8.5868e-05
-10.415 0.00016259 6.2207e-05
-10.357 9.0907e-05 4.4095e-05
-10.299 0.00010957 4.9238e-05
-10.241 0.00023606 7.907e-05
-10.183 0.00010851 4.8761e-05
-10.125 0.00018189 6.6899e-05
-10.067 0.00020108 7.143e-05
-10.009 0.00016289 6.2323e-05
-9.9506 0.00018225 6.703e-05
-9.8926 0.0001095 4.9207e-05
-9.8346 0.00012776 5.3921e-05
-9.7766 0.00025474 8.3214e-05
-9.7185 0.00011041 4.9615e-05
-9.6605 0.00030988 9.5058e-05
-9.6025 0.00016469 6.3011e-05
-9.5445 0.00021704 7.4747e-05
-9.4864 0.00021828 7.5175e-05
-9.4284 0.00012857 5.4262e-05
-9.3704 0.00025528 8.339e-05
-9.3124 0.00014529 5.8168e-05
-9.2544 0.0001105 4.9655e-05
-9.1963 0.00014698 5.8844e-05
-9.1383 0.00023747 7.9543e-05
-9.0803 0.00021834 7.5197e-05
-9.0223 0.00012875 5.4341e-05
-8.9643 0.00022078 7.6035e-05
-8.9062 7.3962e-05 3.9504e-05
-8.8482 0.00018246 6.711e-05
-8.7902 0.00014665 5.8712e-05
-8.7322 0.00018436 6.7808e-05
-8.6742 0.00011152 5.0117e-05
-8.6161 0.00016384 6.2686e-05
-8.5581 0.00020327 7.2209e-05
-8.5001 0.00020373 7.237e-05
-8.4421 0.00020194 7.1734e-05
-8.384 0.00012774 5.3912e-05
-8.326 0.00020239 7.1896e-05
-8.268 0.00025738 8.4075e-05
-8.21 0.00018366 6.755e-05
-8.152 0.00012882 5.4369e-05
-8.0939 0.00016579 6.3434e-05
-8.0359 0.00016783 6.4214e-05
-7.9779 0.00018498 6.8038e-05
-7.9199 0.00027572 8.8032e-05
-7.8619 0.00011053 4.9671e-05
-7.8038 0.00022387 7.7101e-05
-7.7458 0.0001845 6.7858e-05
-7.6878 0.0001851 6.8081e-05
-7.6298 0.00029397 9.1922e-05
-7.5718 0.00016629 6.3624e-05
-7.5137 0.00011177 5.0225e-05
-7.4557 0.00016548 6.3314e-05
-7.3977 0.00024083 8.0668e-05
-7.3397 0.0002045 7.2646e-05
-7.2816 0.00025966 8.4821e-05
-7.2236 0.00018464 6.7911e-05
-7.1656 0.00018932 6.9631e-05
-7.1076 0.00020708 7.3562e-05
-7.0496 0.00011036 4.9592e-05
-6.9915 0.00014965 5.9911e-05
-6.9335 9.3824e-05 4.551e-05
-6.8755 0.00018553 6.8237e-05
-6.8175 0.00024342 8.1537e-05
-6.7595 0.00027829 8.8853e-05
-6.7014 0.00016707 6.3924e-05
-6.6434 0.00022725 7.8264e-05
-6.5854 0.00016658 6.3736e-05
-6.5274 0.00011177 5.0227e-05
-6.4694 9.2221e-05 4.4732e-05
-6.4113 0.00026326 8.5996e-05
-6.3533 0.00026215 8.5632e-05
-6.2953 0.00020531 7.2931e-05
-6.2373 0.00018443 6.7834e-05
-6.1792 0.0001904 7.0028e-05
-6.1212 0.00018596 6.8396e-05
-6.0632 0.00024029 8.0488e-05
-6.0052 0.00025844 8.4421e-05
-5.9472 0.00013325 5.624e-05
-5.8891 0.0001844 6.7824e-05
-5.8311 0.0002217 7.6354e-05
-5.7731 0.0003206 9.8347e-05
-5.7151 0.00022177 7.6376e-05
-5.6571 0.00032031 9.8258e-05
-5.599 0.00029933 9.3597e-05
-5.541 0.00014785 5.919e-05
-5.483 0.00020264 7.1983e-05
-5.425 0.00022561 7.77e-05
-5.3669 0.00022116 7.6167e-05
-5.3089 0.00013082 5.5212e-05
-5.2509 0.00020617 7.3237e-05
-5.1929 0.0002244 7.7282e-05
-5.1349 0.00018542 6.8199e-05
-5.0768 0.00022354 7.6988e-05
-5.0188 0.00014957 5.9881e-05
-4.9608 0.00016793 6.4251e-05
-4.9028 0.0001668 6.3818e-05
-4.8448 0.00022271 7.67e-05
-4.7867 0.00013153 5.5513e-05
-4.7287 0.00025892 8.458e-05
-4.6707 0.00020499 7.2819e-05
-4.6127 0.00016779 6.4196e-05
-4.5547 0.00026283 8.5854e-05
-4.4966 0.00018724 6.8867e-05
-4.4386 0.00016825 6.4373e-05
-4.3806 0.00038898 0.00011199
-4.3226 0.0002437 8.163e-05
-4.2645 0.0002251 7.7523e-05
-4.2065 0.00024387 8.1689e-05
-4.1485 0.00033641 0.00010139
-4.0905 0.0002066 7.339e-05
-4.0325 0.00022486 7.7443e-05
-3.9744 0.00013044 5.5055e-05
-3.9164 0.00011267 5.0631e-05
-3.8584 0.00015059 6.0289e-05
-3.8004 0.00020778 7.3809e-05
-3.7424 0.0002435 8.1564e-05
-3.6843 0.00020599 7.3172e-05
-3.6263 0.00024581 8.2337e-05
-3.5683 0.00026294 8.5893e-05
-3.5103 0.00026306 8.5932e-05
-3.4523 0.00028434 9.0785e-05
-3.3942 0.00029982 9.3751e-05
-3.3362 0.00026314 8.5957e-05
-3.2782 0.00030373 9.4975e-05
-3.2202 0.00030246 9.4579e-05
-3.1621 0.00046478 0.00012752
-3.1041 0.00028453 9.0848e-05
-3.0461 0.00016735 6.403e-05
-2.9881 0.00039171 0.00011278
-2.9301 0.00017518 6.7026e-05
-2.872 0.00023983 8.0336e-05
-2.814 0.00024666 8.2622e-05
-2.756 0.00043275 0.00012144
-2.698 0.00029928 9.3582e-05
-2.64 0.00030881 9.6564e-05
-2.5819 0.00036393 0.00010628
-2.5239 0.00023282 8.0182e-05
-2.4659 0.00037595 0.00010824
-2.4079 0.00059392 0.00015557
-2.3499 0.00052798 0.00013945
-2.2918 0.00041632 0.00011829
-2.2338 0.00050153 0.00013487
-2.1758 0.00038492 0.00011241
-2.1178 0.00064271 0.00016347
-2.0597 0.00064499 0.00016196
-2.0017 0.00044945 0.0001277
-1.9437 0.0004888 0.00013145
-1.8857 0.00048574 0.0001319
-1.8277 0.00074468 0.00018481
-1.7696 0.00059288 0.00015292
-1.7116 0.00092942 0.00021852
-1.6536 0.00093164 0.00021985
-1.5956 0.0011732 0.00026812
-1.5376 0.0013396 0.0002943
-1.4795 0.0018467 0.00039522
-1.4215 0.0025745 0.00053058
-1.3635 0.0032343 0.00065789
-1.3055 0.0049134 0.00096891
-1.2475 0.0062725 0.0012265
-1.1894 0.0096687 0.0018655
-1.1314 0.011216 0.0021554
-1.0734 0.014637 0.0028035
-1.0154 0.0168 0.0032034
-0.95735 0.023542 0.0044716
-0.89933 0.024819 0.0047122
-0.84131 0.031135 0.0058944
-0.78328 0.033052 0.0062593
-0.72526 0.035462 0.0067116
-0.66724 0.040305 0.0076173
-0.60922 0.04674 0.0088273
-0.5512 0.047567 0.0089868
-0.49318 0.048861 0.0092278
-0.43516 0.051521 0.0097251
-0.37714 0.051464 0.009715
-0.31912 0.049634 0.0093747
-0.26109 0.046568 0.008798
-0.20307 0.049565 0.0093613
-0.14505 0.041732 0.0078873
-0.087032 0.045408 0.0085784
-0.029011 0.03667 0.006935
0.029011 0.037316 0.0070579
0.087032 0.025266 0.0047947
0.14505 0.029765 0.0056424
0.20307 0.020066 0.0038196
0.26109 0.016147 0.0030842
0.31912 0.012707 0.0024357
0.37714 0.010848 0.0020854
0.43516 0.0074241 0.0014437
0.49318 0.0055826 0.0010998
0.5512 0.0032497 0.00065769
0.60922 0.0026202 0.00053749
0.66724 0.0014963 0.00032872
0.72526 0.0011865 0.00026902
0.78328 0.00098592 0.00022726
0.84131 0.00099838 0.00023309
0.89933 0.0008092 0.00019489
0.95735 0.00044433 0.00012325
1.0154 0.00071454 0.00018055
1.0734 0.00048202 0.00013089
1.1314 0.00038077 0.00011119
1.1894 0.00047858 0.00012996
1.2475 0.00057386 0.00014802
1.3055 0.00046636 0.00013088
1.3635 0.00051146 0.00013754
1.4215 0.0006616 0.00016827
1.4795 0.00040221 0.00011287
1.5376 0.00039914 0.00011656
1.5956 0.0003426 0.00010326
1.6536 0.00018374 6.7578e-05
1.7116 0.00039728 0.00011438
1.7696 0.00023333 8.0358e-05
1.8277 0.00044827 0.00012434
1.8857 0.00031105 9.5417e-05
1.9437 0.00024495 8.436e-05
2.0017 0.00043234 0.00011993
2.0597 0.00032492 9.9673e-05
2.1178 0.00018956 6.9721e-05
2.1758 0.00021125 7.5042e-05
2.2338 0.00028443 9.0815e-05
2.2918 0.00020472 7.2722e-05
2.3499 0.00029868 9.5365e-05
2.4079 0.00029126 9.1076e-05
2.4659 0.00019609 7.2122e-05
2.5239 0.00020145 7.1561e-05
2.5819 0.00035016 0.00010553
2.64 0.00028546 9.1145e-05
2.698 0.0003381 0.0001019
2.756 0.00026769 8.7442e-05
2.814 0.00020359 7.2319e-05
2.872 0.00027595 9.014e-05
2.9301 0.00028352 9.0524e-05
2.9881 0.00028341 9.049e-05
3.0461 0.00023224 7.9984e-05
3.1041 0.00026742 8.7354e-05
3.1621 0.00018828 6.9251e-05
3.2202 0.00026813 8.7586e-05
3.2782 0.00030208 9.4459e-05
3.3362 9.455e-05 4.5862e-05
3.3942 0.00024887 8.3364e-05
3.4523 0.00020978 7.4519e-05
3.5103 0.00022793 7.8497e-05
3.5683 0.00013233 5.5849e-05
3.6263 0.00015178 6.0764e-05
3.6843 0.00026502 8.6572e-05
3.7424 0.00022787 7.8479e-05
3.8004 0.00024868 8.33e-05
3.8584 0.00030519 9.543e-05
3.9164 0.0001692 6.4735e-05
3.9744 0.00021119 7.5019e-05
4.0325 0.00028622 9.1387e-05
4.0905 0.00024921 8.3477e-05
4.1485 0.00037821 0.00011045
4.2065 7.6385e-05 4.0798e-05
4.2645 0.00019156 7.0456e-05
4.3226 0.00022732 7.829e-05
4.3806 0.00013261 5.5968e-05
4.4386 0.00011419 5.1316e-05
4.4966 0.0001725 6.5999e-05
4.5547 0.00032022 9.8231e-05
4.6127 0.0002084 7.4029e-05
4.6707 0.00028322 9.0428e-05
4.7287 0.00024846 8.3225e-05
4.7867 0.00024813 8.3114e-05
4.8448 0.00026544 8.6708e-05
4.9028 0.00028408 9.0704e-05
4.9608 0.00026459 8.6432e-05
5.0188 0.00030178 9.4364e-05
5.0768 0.00028274 9.0274e-05
5.1349 0.00017121 6.5505e-05
5.1929 0.00018986 6.9832e-05
5.2509 0.00020712 7.3573e-05
5.3089 0.00018719 6.8849e-05
5.3669 0.00019122 7.0332e-05
5.425 0.00018881 6.9444e-05
5.483 5.7082e-05 3.4657e-05
5.541 0.00015153 6.0665e-05
5.599 0.0001332 5.622e-05
5.6571 0.00028423 9.0752e-05
5.7151 0.00032836 0.00010073
5.7731 0.00013278 5.6041e-05
5.8311 0.00036128 0.00010712
5.8891 0.00013478 5.6887e-05
5.9472 0.0001131 5.0827e-05
6.0052 0.00019145 7.0417e-05
6.0632 0.00013348 5.6335e-05
6.1212 0.00011536 5.1843e-05
6.1792 0.00017068 6.5302e-05
6.2373 0.00018994 6.9859e-05
6.2953 0.00013329 5.6257e-05
6.3533 0.00027042 8.8335e-05
6.4113 0.00020579 7.3104e-05
6.4694 0.00027024 8.8277e-05
6.5274 0.00018971 6.9776e-05
6.5854 0.00017506 6.698e-05
6.6434 0.00032535 9.9803e-05
6.7014 0.00028543 9.1136e-05
6.7595 0.00019179 7.0539e-05
6.8175 0.0001526 6.1092e-05
6.8755 0.00011506 5.1707e-05
6.9335 0.00024857 8.3264e-05
6.9915 0.000188 6.9147e-05
7.0496 0.00011554 5.1922e-05
7.1076 0.00013516 5.7044e-05
7.1656 0.00017009 6.5077e-05
7.2236 0.00017029 6.5156e-05
7.2816 0.00017087 6.5375e-05
7.3397 7.6523e-05 4.0872e-05
7.3977 0.00013343 5.6316e-05
7.4557 0.00019048 7.0059e-05
7.5137 0.00026814 8.7591e-05
7.5718 0.00013309 5.6173e-05
7.6298 0.00028423 9.0751e-05
7.6878 0.00011407 5.126e-05
7.7458 0.00015277 6.1161e-05
7.8038 0.00013314 5.6195e-05
7.8619 0.00018898 6.9507e-05
7.9199 0.00018802 6.9154e-05
7.9779 0.00022958 7.9068e-05
8.0359 0.00026737 8.7339e-05
8.0939 0.00020814 7.3938e-05
8.152 0.00013227 5.5826e-05
8.21 0.00015276 6.1156e-05
8.268 0.00020679 7.3456e-05
8.326 0.00024502 8.2073e-05
8.384 0.00013128 5.5409e-05
8.4421 0.00030357 9.4924e-05
8.5001 0.00017012 6.509e-05
8.5581 0.0002619 8.5552e-05
8.6161 0.00020689 7.3494e-05
8.6742 9.3824e-05 4.551e-05
8.7322 0.00016994 6.5021e-05
8.7902 0.00016933 6.4785e-05
8.8482 0.00015147 6.0642e-05
8.9062 0.0002257 7.7733e-05
8.9643 0.00020769 7.3778e-05
9.0223 0.00020618 7.3241e-05
9.0803 5.6415e-05 3.4251e-05
9.1383 0.00011348 5.0996e-05
9.1963 0.00020839 7.4024e-05
9.2544 0.00014967 5.9918e-05
9.3124 0.00011279 5.0688e-05
9.3704 9.5302e-05 4.6227e-05
9.4284 0.00016936 6.4798e-05
9.4864 0.00018777 6.9063e-05
9.5445 5.683e-05 3.4503e-05
9.6025 0.0001132 5.087e-05
9.6605 0.00016947 6.484e-05
9.7185 0.00028042 8.9534e-05
9.7766 0.00018734 6.8903e-05
9.8346 0.00014982 5.9978e-05
9.8926 0.00016836 6.4415e-05
9.9506 0.00018657 6.8622e-05
10.009 0.0001691 6.4698e-05
10.067 0.00015107 6.0481e-05
10.125 0.00025909 8.4634e-05
10.183 0.00014902 5.9659e-05
10.241 0.00011323 5.0884e-05
10.299 9.3833e-05 4.5514e-05
10.357 0.00018569 6.8295e-05
10.415 0.00016771 6.4167e-05
10.473 0.00013051 5.5084e-05
10.531 0.00016831 6.4397e-05
10.589 0.00013096 5.5275e-05
10.647 0.0001668 6.382e-05
10.705 0.00011248 5.0545e-05
10.763 0.0002231 7.6836e-05
10.821 0.00022451 7.7322e-05
10.879 0.0002041 7.2502e-05
10.937 7.4277e-05 3.9672e-05
10.995 0.0001681 6.4317e-05
11.053 0.00022452 7.7323e-05
11.111 0.00011101 4.9884e-05
11.169 0.00014918 5.9725e-05
11.227 0.00018642 6.8565e-05
11.285 0.0002218 7.6388e-05
11.343 0.00020383 7.2406e-05
11.401 9.2458e-05 4.4847e-05
11.459 0.00033533 0.00010106
11.517 0.00015014 6.0108e-05
11.575 0.00020363 7.2336e-05
11.633 0.00011138 5.0053e-05
11.691 0.00018575 6.8318e-05
11.749 0.00011081 4.9794e-05
11.807 0.00014842 5.9419e-05
11.865 0.00014872 5.9538e-05
11.923 0.00018573 6.831e-05
11.981 0.00022344 7.6951e-05
12.039 0.00021988 7.5726e-05
12.097 0.00018527 6.8143e-05
12.155 0.00018552 6.8233e-05
12.213 0.00020227 7.1852e-05
12.271 0.00016569 6.3395e-05
12.329 0.00012915 5.4508e-05
12.388 0.0002602 8.4996e-05
12.446 0.00016494 6.3108e-05
12.504 0.00021918 7.5486e-05
12.562 0.00021976 7.5687e-05
12.62 0.0002017 7.1649e-05
12.678 0.00012892 5.4412e-05
12.736 0.00018238 6.7078e-05
12.794 0.00014575 5.8349e-05
12.852 0.00018266 6.7183e-05
12.91 0.00016563 6.3371e-05
12.968 9.0232e-05 4.3767e-05
13.026 0.00014562 5.8299e-05
13.084 0.00027323 8.7239e-05
13.142 0.00010936 4.9143e-05
13.2 0.00012582 5.3103e-05
13.258 0.00019949 7.0866e-05
13.316 0.00012695 5.3582e-05
13.374 0.00016361 6.2597e-05
13.432 0.00019929 7.0793e-05
13.49 0.00010882 4.8901e-05
13.548 0.00010907 4.9015e-05
13.606 0.00016276 6.2273e-05
13.664 0.00018037 6.6341e-05
13.722 0.00023555 7.8901e-05
13.78 0.00016321 6.2445e-05
13.838 0.00014489 5.8007e-05
13.896 0.00019803 7.0345e-05
13.954 0.00021677 7.4654e-05
14.012 0.0001442 5.7732e-05
14.07 0.00017938 6.5977e-05
14.128 0.0003387 0.00010042
14.186 7.2341e-05 3.8638e-05
14.244 0.00010842 4.8723e-05
14.302 0.00016066 6.147e-05
14.36 0.00014381 5.7574e-05
14.418 0.00016091 6.1566e-05
14.476 0.00016192 6.1951e-05
14.534 0.00010705 4.8109e-05
14.592 0.00016022 6.13e-05
14.65 0.0001781 6.5505e-05
14.708 0.0001969 6.9943e-05
14.766 0.00021308 7.3383e-05
14.824 0.00019495 6.9251e-05
14.882 0.00014167 5.6716e-05
14.94 8.8857e-05 4.3101e-05
14.998 0.00014186 5.6793e-05
15.056 0.00015902 6.0841e-05
15.114 0.00021305 7.3375e-05
15.173 0.00017886 6.5786e-05
15.231 7.0754e-05 3.7791e-05
15.289 0.00024596 8.0345e-05
15.347 0.00010568 4.7491e-05
15.405 7.1128e-05 3.7991e-05
15.463 0.000141 5.6449e-05
15.521 0.00015817 6.0516e-05
15.579 0.00017652 6.4924e-05
15.637 0.00015869 6.0717e-05
15.695 0.00021025 7.2409e-05
15.753 0.00019291 6.8527e-05
15.811 0.00019126 6.7942e-05
15.869 0.00028065 8.7758e-05
15.927 0.00022715 7.6086e-05
15.985 0.00012166 5.1349e-05
16.043 0.00022705 7.6055e-05
16.101 0.00017421 6.4073e-05
16.159 0.00020951 7.2156e-05
16.217 0.00017256 6.3469e-05
16.275 0.00013856 5.547e-05
16.333 0.00025987 8.2974e-05
16.391 0.00024294 7.9358e-05
16.449 0.00017356 6.3837e-05
16.507 0.00024224 7.9128e-05
16.565 0.00012105 5.1091e-05
16.623 0.00015479 5.9224e-05
16.681 0.00025966 8.2905e-05
16.739 8.5569e-05 4.1506e-05
16.797 0.00015549 5.9494e-05
16.855 0.00015357 5.8757e-05
16.913 0.000222 7.4363e-05
16.971 0.00027276 8.5291e-05
17.029 0.00010233 4.5983e-05
17.087 0.00018715 6.6482e-05
17.145 0.00023685 7.737e-05
17.203 0.00013614 5.4505e-05
17.261 0.00010131 4.5528e-05
17.319 0.00018652 6.6258e-05
17.377 0.00020058 6.908e-05
17.435 0.00011778 4.971e-05
17.493 0.0002021 6.9605e-05
17.551 0.00023534 7.6876e-05
17.609 0.00023132 7.5563e-05
17.667 0.0001494 5.7162e-05
17.725 0.00018477 6.5636e-05
17.783 0.00010082 4.5307e-05
17.841 0.00018095 6.4279e-05
17.9 0.000116 4.8958e-05
17.958 0.0001495 5.7199e-05
18.016 0.00013218 5.2918e-05
18.074 0.00013164 5.2701e-05
18.132 0.00013268 5.3119e-05
18.19 0.00013191 5.2809e-05
18.248 0.00017975 6.3852e-05
18.306 0.00013051 5.225e-05
18.364 0.00018136 6.4424e-05
18.422 0.0002132 7.1414e-05
18.48 0.00017943 6.3738e-05
18.538 0.00019615 6.7553e-05
18.596 0.00024542 7.8359e-05
18.654 0.00014688 5.6196e-05
18.712 0.00034062 9.807e-05
18.77 0.00012962 5.1895e-05
18.828 0.00024396 7.7895e-05
18.886 0.00014607 5.5887e-05
18.944 0.00017774 6.3137e-05
19.002 0.00019338 6.66e-05
19.06 0.00020984 7.0289e-05
19.118 0.0001452 5.5556e-05
19.176 0.00016112 5.9261e-05
19.234 0.00017527 6.2261e-05
19.292 0.00019214 6.6173e-05
19.35 0.00015974 5.8752e-05
19.408 0.00016042 5.9003e-05
19.466 0.00020665 6.9221e-05
19.524 0.00027054 8.2992e-05
19.582 0.00014305 5.4732e-05
19.64 0.00014195 5.4312e-05
19.698 0.00021851 7.1377e-05
19.756 0.00015662 5.7606e-05
19.814 6.3126e-05 3.3717e-05
19.872 0.00012575 5.0344e-05
19.93 0.00012452 4.985e-05
19.988 0.00017207 6.1123e-05
20.046 0.00018772 6.4651e-05
20.104 0.00020021 6.7064e-05
20.162 0.00020125 6.7412e-05
20.22 0.00018545 6.387e-05
20.278 0.00018753 6.4584e-05
20.336 0.00010819 4.5664e-05
20.394 0.00012159 4.8677e-05
20.452 0.00018405 6.3387e-05
20.51 0.00018572 6.3961e-05
20.568 0.00010782 4.5506e-05
20.626 0.00013713 5.2468e-05
20.685 0.00018254 6.2865e-05
20.743 0.00015219 5.5974e-05
20.801 0.00012167 4.8709e-05
20.859 0.00025574 7.8451e-05
20.917 0.00015121 5.5615e-05
20.975 0.00022612 7.2197e-05
21.033 0.00017899 6.1644e-05
21.091 0.00020926 6.8355e-05
21.149 0.00025341 7.7735e-05
21.207 0.00019486 6.5271e-05
21.265 0.00022326 7.1284e-05
21.323 0.0001328 5.0809e-05
21.381 0.00020812 6.7984e-05
21.439 0.00016395 5.824e-05
21.497 0.00020477 6.689e-05
21.555 0.00017421 5.9997e-05
21.613 0.00021908 6.9948e-05
21.671 0.00013131 5.0238e-05
21.729 0.00018895 6.3292e-05
21.787 0.00017244 5.9389e-05
21.845 0.00011509 4.6077e-05
21.903 0.00023118 7.2289e-05
21.961 0.00021444 6.8467e-05
22.019 0.00015579 5.534e-05
22.077 0.00029801 8.5802e-05
22.135 0.00017069 5.8787e-05
22.193 0.00011285 4.5177e-05
22.251 0.00014001 5.1495e-05
22.309 0.00014054 5.1691e-05
22.367 0.00012601 4.8214e-05
22.425 0.00014002 5.1498e-05
22.483 0.00019438 6.3494e-05
22.541 0.00019536 6.3816e-05
22.599 0.00016717 5.7573e-05
22.657 0.00013851 5.0944e-05
22.715 0.00015137 5.3772e-05
22.773 0.00021875 6.8402e-05
22.831 0.00012359 4.7287e-05
22.889 0.0001645 5.6655e-05
22.947 0.0001893 6.1837e-05
23.005 4.0536e-05 2.4611e-05
23.063 0.00022938 7.0364e-05
23.121 0.00016049 5.5272e-05
23.179 0.00018532 6.0538e-05
23.237 0.00018647 6.0913e-05
23.295 0.0001844 6.0236e-05
23.353 0.00021128 6.6066e-05
23.412 0.00016987 5.6899e-05
23.47 0.00022221 6.8164e-05
23.528 0.00026039 7.604e-05
23.586 0.00018001 5.8802e-05
23.644 0.00011519 4.4071e-05
23.702 0.00020448 6.3939e-05
23.76 0.00016588 5.5564e-05
23.818 0.0002025 6.3322e-05
23.876 0.00016433 5.5045e-05
23.934 0.00016295 5.4582e-05
23.992 0.00021262 6.5223e-05
24.05 0.00013768 4.8909e-05
24.108 0.00019744 6.1737e-05
24.166 0.00021068 6.4628e-05
24.224 0.00012284 4.5181e-05
24.282 0.00022036 6.6414e-05
24.34 0.00021811 6.5737e-05
24.398 9.6713e-05 3.8719e-05
24.456 0.00014526 5.0026e-05
24.514 9.5889e-05 3.8389e-05
24.572 0.00026271 7.4645e-05
24.63 0.00020169 6.1871e-05
24.688 0.00022517 6.6761e-05
24.746 0.00019982 6.1298e-05
24.804 0.0001742 5.5621e-05
24.862 0.00019688 6.0395e-05
24.92 0.0001383 4.763e-05
24.978 0.00020531 6.1877e-05
25.036 0.000215 6.3747e-05
25.094 0.00014744 4.9389e-05
25.152 0.00017977 5.6213e-05
25.21 0.00014517 4.8627e-05
25.268 0.00013253 4.5644e-05
25.326 0.0001995 6.0126e-05
25.384 0.00019741 5.9497e-05
25.442 0.00010873 3.9992e-05
25.5 0.00022726 6.5432e-05
25.558 0.00011828 4.2017e-05
25.616 0.00020298 6.0183e-05
25.674 0.00023396 6.6475e-05
25.732 0.00029318 7.8117e-05
25.79 0.00022996 6.534e-05
25.848 0.00018818 5.6715e-05
25.906 0.00022549 6.4069e-05
25.964 0.00022432 6.3736e-05
26.022 0.00020246 5.9123e-05
26.08 0.00014227 4.6473e-05
26.138 0.00018151 5.4705e-05
26.197 0.00017899 5.3945e-05
26.255 0.00017764 5.3537e-05
26.313 0.0002268 6.3647e-05
26.371 0.00013637 4.4547e-05
26.429 0.00018202 5.3967e-05
26.487 0.0001615 4.9541e-05
26.545 0.00018869 5.5103e-05
26.603 0.00014948 4.6742e-05
26.661 0.00018312 5.3474e-05
26.719 0.00017202 5.1003e-05
26.777 0.00020759 5.8257e-05
26.835 0.00017768 5.1886e-05
26.893 0.00017502 5.1111e-05
26.951 0.00019973 5.6052e-05
27.009 0.00016397 4.8615e-05
27.067 0.00021293 5.842e-05
27.125 0.00011649 3.8054e-05
27.183 0.00028062 7.1372e-05
27.241 0.00023678 6.254e-05
27.299 0.00017648 5.0144e-05
27.357 0.00025064 6.4646e-05
27.415 0.0001867 5.1789e-05
27.473 0.0002002 5.4363e-05
27.531 0.00013598 4.0981e-05
27.589 0.00017013 4.7745e-05
27.647 0.00017468 4.8454e-05
27.705 0.0002142 5.6107e-05
27.763 0.00018192 4.94e-05
27.821 0.00017799 4.8334e-05
27.879 0.000127 3.7654e-05
27.937 0.00021634 5.5402e-05
27.995 0.00017376 4.6725e-05
28.053 0.00017669 4.7077e-05
28.111 0.00018574 4.8653e-05
28.169 0.00015679 4.2577e-05
28.227 0.00015791 4.2464e-05
28.285 0.00015783 4.2054e-05
28.343 0.00014733 3.962e-05
28.401 0.00015325 4.0477e-05
28.459 0.00014694 3.8811e-05
28.517 0.0001799 4.4905e-05
28.575 0.00019697 4.7878e-05
28.633 0.00016239 4.0779e-05
28.691 0.00021447 5.0425e-05
28.749 0.00021656 5.0228e-05
28.807 0.00019826 4.6135e-05
28.865 0.00019655 4.5173e-05
28.924 0.0001678 3.892e-05
28.982 0.00021231 4.6331e-05
29.04 0.00015233 3.3242e-05
29.098 0.00017667 3.9097e-05
29.156 0.00019578 4.2864e-05
29.214 0.00019043 3.9586e-05
29.272 0.00020741 5.3497e-05
29.33 0.00033646 8.3502e-05
29.388 0.00019831 4.9216e-05
29.446 0.00022473 5.5468e-05
29.504 0 1
29.562 0 1
29.62 0 1
29.678 0 1
