-29.678 0 1
-29.62 0 1
-29.562 0 1
-29.504 0.00018706 4.7338e-05
-29.446 0.00018404 4.5699e-05
-29.388 0.00021882 5.9158e-05
-29.33 0.00017863 4.696e-05
-29.272 0.00015358 3.2304e-05
-29.214 0.000144 3.2527e-05
-29.156 0.00016429 3.6336e-05
-29.098 0.0001545 3.3327e-05
-29.04 0.00015845 3.5698e-05
-28.982 0.00018536 4.176e-05
-28.924 0.00013637 3.313e-05
-28.865 0.00019589 4.516e-05
-28.807 0.0001668 4.0131e-05
-28.749 0.00014914 3.7256e-05
-28.691 0.00015297 3.8455e-05
-28.633 0.00019141 4.6271e-05
-28.575 0.00017991 4.4413e-05
-28.517 0.00016801 4.2515e-05
-28.459 0.00019123 4.7484e-05
-28.401 0.0002131 5.2036e-05
-28.343 0.00020379 5.0601e-05
-28.285 0.0001371 3.7868e-05
-28.227 0.0001876 4.815e-05
-28.169 0.00014967 4.0886e-05
-28.111 0.00018979 4.9084e-05
-28.053 0.00013784 3.9005e-05
-27.995 0.00015482 4.2763e-05
-27.937 0.0001823 4.8348e-05
-27.879 0.00017195 4.6485e-05
-27.821 0.00018228 4.8798e-05
-27.763 0.00017913 4.8427e-05
-27.705 0.00016136 4.5096e-05
-27.647 0.00015643 4.4268e-05
-27.589 0.00010915 3.4739e-05
-27.531 0.00014751 4.2912e-05
-27.473 0.00022542 5.8765e-05
-27.415 0.00014499 4.2829e-05
-27.357 0.00013943 4.1872e-05
-27.299 0.00020563 5.5592e-05
-27.241 0.00011203 3.6485e-05
-27.183 0.00013679 4.1815e-05
-27.125 0.00013894 4.2472e-05
-27.067 0.00014013 4.2838e-05
-27.009 0.00020988 5.7334e-05
-26.951 0.00015938 4.7081e-05
-26.893 0.00011981 3.9016e-05
-26.835 0.00018211 5.2227e-05
-26.777 0.00013959 4.3504e-05
-26.719 8.8835e-05 3.2595e-05
-26.661 0.0001255 4.087e-05
-26.603 0.00012773 4.1596e-05
-26.545 0.00010985 3.7727e-05
-26.487 0.00011086 3.8074e-05
-26.429 0.00017769 5.249e-05
-26.371 0.00024641 6.6617e-05
-26.313 0.00011481 3.9431e-05
-26.255 0.00017321 5.2015e-05
-26.197 0.00012657 4.2272e-05
-26.138 0.0001672 5.1112e-05
-26.08 0.00013869 4.5165e-05
-26.022 0.0001383 4.504e-05
-25.964 0.00014973 4.7654e-05
-25.906 0.00015159 4.8245e-05
-25.848 0.00024228 6.692e-05
-25.79 0.00024321 6.7179e-05
-25.732 0.00011261 3.99e-05
-25.674 0.00017573 5.3719e-05
-25.616 0.00014556 4.7405e-05
-25.558 9.3921e-05 3.5855e-05
-25.5 0.00017875 5.4643e-05
-25.442 0.00014933 4.8631e-05
-25.384 0.00016023 5.0995e-05
-25.326 0.00012802 4.397e-05
-25.268 0.00017426 5.4308e-05
-25.21 0.00017466 5.4432e-05
-25.152 0.00015426 5.0237e-05
-25.094 0.00017579 5.4784e-05
-25.036 0.00019939 5.9878e-05
-24.978 0.00014516 4.8482e-05
-24.92 0.00013342 4.5824e-05
-24.862 0.00024559 6.9497e-05
-24.804 0.00014637 4.8886e-05
-24.746 0.00021695 6.4085e-05
-24.688 0.00018294 5.7014e-05
-24.63 0.00016103 5.2442e-05
-24.572 0.00018441 5.747e-05
-24.514 0.00016447 5.3561e-05
-24.456 0.0001645 5.3572e-05
-24.398 0.00014143 4.8576e-05
-24.34 0.00013054 4.625e-05
-24.282 0.00015505 5.1785e-05
-24.224 0.00016714 5.4432e-05
-24.166 0.00015569 5.1998e-05
-24.108 0.00023042 6.8066e-05
-24.05 8.5087e-05 3.5846e-05
-23.992 0.00011011 4.2036e-05
-23.934 8.507e-05 3.5839e-05
-23.876 0.00012331 4.5244e-05
-23.818 0.00012425 4.5588e-05
-23.76 8.6908e-05 3.6613e-05
-23.702 0.000149 5.1176e-05
-23.644 6.2231e-05 3.0143e-05
-23.586 0.00022539 6.7687e-05
-23.528 0.00020163 6.2838e-05
-23.47 0.00018803 5.9843e-05
-23.412 0.00016447 5.4932e-05
-23.353 0.00012809 4.7e-05
-23.295 0.00014002 4.9609e-05
-23.237 0.00022908 6.8794e-05
-23.179 9.0059e-05 3.7941e-05
-23.121 0.00016674 5.5689e-05
-23.063 0.00016723 5.5854e-05
-23.005 0.00014129 5.006e-05
-22.947 0.00018088 5.8905e-05
-22.889 0.00023569 7.0779e-05
-22.831 0.00014383 5.0961e-05
-22.773 0.00010419 4.1629e-05
-22.715 6.6007e-05 3.1973e-05
-22.657 0.00017179 5.7377e-05
-22.599 0.00011982 4.5742e-05
-22.541 0.00019949 6.3492e-05
-22.483 0.00015993 5.4928e-05
-22.425 0.00012223 4.6661e-05
-22.367 0.00012023 4.5898e-05
-22.309 0.00016146 5.5455e-05
-22.251 0.00010879 4.3465e-05
-22.193 6.8529e-05 3.3194e-05
-22.135 0.00015061 5.3363e-05
-22.077 0.00019146 6.2351e-05
-22.019 0.00017757 5.9308e-05
-21.961 0.00016582 5.695e-05
-21.903 0.0001108 4.4268e-05
-21.845 0.00019319 6.2916e-05
-21.787 0.00026308 7.7712e-05
-21.729 0.00018133 6.0563e-05
-21.671 0.00023771 7.2667e-05
-21.613 0.00019572 6.3739e-05
-21.555 0.00014136 5.1868e-05
-21.497 0.00012655 4.8311e-05
-21.439 0.00014068 5.1618e-05
-21.381 0.00021093 6.7132e-05
-21.323 0.00014194 5.2079e-05
-21.265 0.000201 6.5457e-05
-21.207 0.00015575 5.5185e-05
-21.149 7.1364e-05 3.4567e-05
-21.091 0.00018696 6.2442e-05
-21.033 0.00018718 6.2517e-05
-20.975 0.00020072 6.5368e-05
-20.917 0.00011541 4.6111e-05
-20.859 0.00020362 6.6312e-05
-20.801 0.00013063 4.9868e-05
-20.743 7.2518e-05 3.5126e-05
-20.685 0.00020515 6.6809e-05
-20.626 8.8187e-05 3.9566e-05
-20.568 0.00017512 6.0146e-05
-20.51 0.00020521 6.6828e-05
-20.452 0.00014662 5.3796e-05
-20.394 0.00017642 6.059e-05
-20.336 0.00014829 5.4408e-05
-20.278 0.00025229 7.7124e-05
-20.22 4.41e-05 2.6751e-05
-20.162 8.9978e-05 4.0369e-05
-20.104 0.00022324 7.105e-05
-20.046 0.00013409 5.1191e-05
-19.988 0.00014879 5.4594e-05
-19.93 0.00019508 6.5156e-05
-19.872 0.00016532 5.8573e-05
-19.814 0.00015002 5.5046e-05
-19.756 0.0001195 4.7744e-05
-19.698 0.00015115 5.5458e-05
-19.64 6.0996e-05 3.2542e-05
-19.582 0.00013609 5.1955e-05
-19.524 0.00016583 5.8757e-05
-19.466 4.5671e-05 2.7704e-05
-19.408 0.00013771 5.2573e-05
-19.35 0.00013771 5.2571e-05
-19.292 0.00022744 7.2388e-05
-19.234 0.00016809 5.9557e-05
-19.176 9.2219e-05 4.1375e-05
-19.118 0.00019887 6.6421e-05
-19.06 9.1953e-05 4.1256e-05
-19.002 0.00018518 6.3602e-05
-18.944 0.00010872 4.5804e-05
-18.886 0.00020047 6.6957e-05
-18.828 0.00015443 5.6662e-05
-18.77 0.00012389 4.9499e-05
-18.712 0.00017223 6.1022e-05
-18.654 0.00026299 8.0395e-05
-18.596 0.00018715 6.4277e-05
-18.538 0.00017269 6.1185e-05
-18.48 0.00017229 6.1044e-05
-18.422 0.00015621 5.7316e-05
-18.364 0.00018757 6.4421e-05
-18.306 0.00017399 6.1646e-05
-18.248 0.00011038 4.6502e-05
-18.19 0.00011083 4.6689e-05
-18.132 7.8192e-05 3.7875e-05
-18.074 0.00012621 5.0426e-05
-18.016 7.9328e-05 3.8425e-05
-17.958 0.00012709 5.0778e-05
-17.9 0.00011075 4.6657e-05
-17.841 0.00017699 6.2711e-05
-17.783 0.00016047 5.8879e-05
-17.725 0.00014369 5.4853e-05
-17.667 7.9699e-05 3.8605e-05
-17.609 0.00014605 5.5754e-05
-17.551 6.45e-05 3.4411e-05
-17.493 0.00016174 5.9345e-05
-17.435 0.0001599 5.8668e-05
-17.377 0.00014564 5.5598e-05
-17.319 0.0001457 5.5623e-05
-17.261 8.1363e-05 3.9411e-05
-17.203 0.00011305 4.7627e-05
-17.145 0.00012942 5.1708e-05
-17.087 0.00012999 5.1935e-05
-17.029 0.00013073 5.2231e-05
-16.971 9.7346e-05 4.3675e-05
-16.913 0.00021204 7.0819e-05
-16.855 0.00012979 5.1856e-05
-16.797 0.00019636 6.7442e-05
-16.739 0.00016334 5.993e-05
-16.681 0.00011412 4.8076e-05
-16.623 0.00016474 6.0446e-05
-16.565 0.0001311 5.2377e-05
-16.507 0.00014638 5.588e-05
-16.449 6.5691e-05 3.5047e-05
-16.391 9.839e-05 4.4144e-05
-16.333 0.00014691 5.6085e-05
-16.275 0.00013161 5.2583e-05
-16.217 0.00014839 5.6649e-05
-16.159 0.00018143 6.4284e-05
-16.101 0.00014871 5.6773e-05
-16.043 0.0001977 6.79e-05
-15.985 0.00021326 7.1227e-05
-15.927 0.00018239 6.4621e-05
-15.869 0.00011569 4.8737e-05
-15.811 0.00016584 6.0848e-05
-15.753 0.00016631 6.1021e-05
-15.695 0.00011635 4.9019e-05
-15.637 0.00014972 5.7158e-05
-15.579 0.00014882 5.6813e-05
-15.521 8.3401e-05 4.0398e-05
-15.463 0.00018375 6.5106e-05
-15.405 0.00021842 7.295e-05
-15.347 0.00025014 7.9612e-05
-15.289 8.4261e-05 4.0814e-05
-15.231 0.00013534 5.4071e-05
-15.173 0.00010124 4.5423e-05
-15.114 0.00016704 6.1291e-05
-15.056 8.434e-05 4.0853e-05
-14.998 0.00013483 5.387e-05
-14.94 0.00011869 5.0002e-05
-14.882 0.00016875 6.1917e-05
-14.824 0.00016949 6.2189e-05
-14.766 0.00023756 7.7363e-05
-14.708 0.00025539 8.1281e-05
-14.65 8.3791e-05 4.0587e-05
-14.592 0.00013631 5.4459e-05
-14.534 0.00010261 4.6036e-05
-14.476 0.00017046 6.2543e-05
-14.418 0.00013694 5.4711e-05
-14.36 0.00022103 7.3822e-05
-14.302 0.00015405 5.8809e-05
-14.244 0.00013668 5.461e-05
-14.186 0.00020504 7.0422e-05
-14.128 0.0002903 8.8743e-05
-14.07 6.8509e-05 3.655e-05
-14.012 0.00018629 6.6006e-05
-13.954 0.00015311 5.845e-05
-13.896 0.00011955 5.0365e-05
-13.838 6.8716e-05 3.666e-05
-13.78 0.00018874 6.6873e-05
-13.722 0.00015341 5.8565e-05
-13.664 0.00025664 8.1678e-05
-13.606 0.00013841 5.5299e-05
-13.548 0.00017149 6.2923e-05
-13.49 0.00018914 6.7015e-05
-13.432 0.00017295 6.3459e-05
-13.374 0.00010354 4.6453e-05
-13.316 0.00020671 7.0996e-05
-13.258 0.0001383 5.5254e-05
-13.2 0.00020772 7.1342e-05
-13.142 0.00015622 5.9639e-05
-13.084 0.00013913 5.5586e-05
-13.026 0.00010368 4.6517e-05
-12.968 0.00013998 5.5927e-05
-12.91 0.00017487 6.4164e-05
-12.852 0.00019165 6.7902e-05
-12.794 0.00015534 5.9303e-05
-12.736 6.9291e-05 3.6967e-05
-12.678 8.6926e-05 4.2105e-05
-12.62 0.00012243 5.1579e-05
-12.562 0.00017311 6.3516e-05
-12.504 6.9573e-05 3.7117e-05
-12.446 0.00012361 5.2077e-05
-12.388 0.00024236 7.8928e-05
-12.329 8.704e-05 4.2161e-05
-12.271 0.00019202 6.8033e-05
-12.213 0.00017501 6.4213e-05
-12.155 0.00012231 5.1527e-05
-12.097 0.00024471 7.9693e-05
-12.039 0.00022842 7.6289e-05
-11.981 0.00010562 4.7388e-05
-11.923 0.00014056 5.6158e-05
-11.865 0.00017461 6.4065e-05
-11.807 0.00015899 6.0697e-05
-11.749 0.00015913 6.0747e-05
-11.691 0.00017555 6.4412e-05
-11.633 0.00012215 5.1461e-05
-11.575 0.00014091 5.6296e-05
-11.517 0.00019441 6.8883e-05
-11.459 8.7613e-05 4.2438e-05
-11.401 0.00028397 8.8499e-05
-11.343 0.00022926 7.6569e-05
-11.285 0.0001239 5.2196e-05
-11.227 0.00015837 6.0459e-05
-11.169 0.00014011 5.5978e-05
-11.111 0.0001057 4.7425e-05
-11.053 0.0001421 5.6775e-05
-10.995 0.00014124 5.6429e-05
-10.937 0.00017513 6.4259e-05
-10.879 0.00022991 7.6789e-05
-10.821 0.00017814 6.5364e-05
-10.763 0.00010612 4.7613e-05
-10.705 0.00022979 7.6747e-05
-10.647 0.00012445 5.2431e-05
-10.589 0.00014249 5.693e-05
-10.531 7.1422e-05 3.8104e-05
-10.473 0.00019346 6.8547e-05
-10.415 0.00012405 5.226e-05
-10.357 8.9175e-05 4.3195e-05
-10.299 0.0002687 8.5519e-05
-10.241 0.00012469 5.2529e-05
-10.183 0.0001774 6.5091e-05
-10.125 0.00010705 4.8031e-05
-10.067 0.00012552 5.2882e-05
-10.009 0.0001953 6.9196e-05
-9.9506 0.0001609 6.1424e-05
-9.8926 0.00012531 5.2794e-05
-9.8346 0.00017903 6.5691e-05
-9.7766 8.9246e-05 4.3229e-05
-9.7185 0.00025271 8.2298e-05
-9.6605 0.00019669 6.9689e-05
-9.6025 0.0001436 5.7373e-05
-9.5445 0.00015968 6.0958e-05
-9.4864 0.00017844 6.5471e-05
-9.4284 0.0002162 7.4255e-05
-9.3704 0.00016098 6.1457e-05
-9.3124 7.1263e-05 3.8019e-05
-9.2544 9.0327e-05 4.3753e-05
-9.1963 0.00021628 7.4281e-05
-9.1383 0.00021503 7.3852e-05
-9.0803 0.00014279 5.7049e-05
-9.0223 0.00010826 4.857e-05
-8.9643 0.00016243 6.2008e-05
-8.9062 0.00010883 4.8828e-05
-8.8482 0.00012529 5.2784e-05
-8.7902 0.00019781 7.0085e-05
-8.7322 0.00021702 7.4536e-05
-8.6742 0.00014587 5.8279e-05
-8.6161 0.00023215 7.7535e-05
-8.5581 0.00023566 7.8708e-05
-8.5001 0.00025435 8.2832e-05
-8.4421 7.2034e-05 3.843e-05
-8.384 0.0001432 5.7214e-05
-8.326 0.00014439 5.7689e-05
-8.268 0.00012624 5.3183e-05
-8.21 0.00019818 7.0216e-05
-8.152 0.00014442 5.7699e-05
-8.0939 7.2282e-05 3.8563e-05
-8.0359 0.00012805 5.3946e-05
-7.9779 0.00025405 8.2733e-05
-7.9199 0.00014425 5.7632e-05
-7.8619 0.0001265 5.3292e-05
-7.8038 0.0001464 5.8494e-05
-7.7458 0.00021718 7.459e-05
-7.6878 0.00014526 5.8037e-05
-7.6298 0.00014418 5.7606e-05
-7.5718 0.00012687 5.345e-05
-7.5137 0.00027409 8.7234e-05
-7.4557 7.2146e-05 3.849e-05
-7.3977 7.2689e-05 3.878e-05
-7.3397 0.00016414 6.266e-05
-7.2816 0.00016375 6.2511e-05
-7.2236 0.00018112 6.6457e-05
-7.1656 0.00026 8.4671e-05
-7.1076 0.00012927 5.446e-05
-7.0496 0.00021651 7.4361e-05
-6.9915 0.0002202 7.5627e-05
-6.9335 0.00018407 6.7539e-05
-6.8755 9.0997e-05 4.4077e-05
-6.8175 0.00023878 7.9752e-05
-6.7595 0.00014559 5.8169e-05
-6.7014 0.00012747 5.3703e-05
-6.6434 0.00018577 6.8161e-05
-6.5854 0.00018157 6.662e-05
-6.5274 0.0002741 8.7238e-05
-6.4694 0.00016284 6.2164e-05
-6.4113 0.00027669 8.8062e-05
-6.3533 0.00016531 6.3109e-05
-6.2953 0.00018309 6.7178e-05
-6.2373 0.00019901 7.0511e-05
-6.1792 0.00022412 7.6976e-05
-6.1212 0.00023714 7.9204e-05
-6.0632 0.00019945 7.0667e-05
-6.0052 0.00025352 8.256e-05
-5.9472 0.00016806 6.4158e-05
-5.8891 0.00019898 7.0501e-05
-5.8311 0.00027185 8.6521e-05
-5.7731 9.2498e-05 4.4805e-05
-5.7151 3.6257e-05 2.6511e-05
-5.6571 0.00012938 5.4506e-05
-5.599 7.3406e-05 3.9162e-05
-5.541 0.00014503 5.7945e-05
-5.483 0.00018071 6.6305e-05
-5.425 0.00011066 4.9647e-05
-5.3669 0.00027118 8.6309e-05
-5.3089 0.00016499 6.2986e-05
-5.2509 0.0001287 5.422e-05
-5.1929 0.00012841 5.4096e-05
-5.1349 0.00020008 7.089e-05
-5.0768 0.00012792 5.389e-05
-5.0188 0.00012838 5.4086e-05
-4.9608 0.00014643 5.8503e-05
-4.9028 0.00025452 8.2887e-05
-4.8448 0.00025487 8.3003e-05
-4.7867 0.00011059 4.9618e-05
-4.7287 0.00032656 9.8067e-05
-4.6707 9.1403e-05 4.4274e-05
-4.6127 0.00020117 7.1275e-05
-4.5547 0.00020257 7.1774e-05
-4.4966 0.00022041 7.57e-05
-4.4386 0.00025673 8.3609e-05
-4.3806 3.634e-05 2.6571e-05
-4.3226 0.000331 9.9401e-05
-4.2645 0.00018401 6.7516e-05
-4.2065 0.00023923 7.9901e-05
-4.1485 0.00014667 5.8599e-05
-4.0905 0.00025794 8.4e-05
-4.0325 0.00031249 9.5527e-05
-3.9744 0.00025592 8.3343e-05
-3.9164 0.00022104 7.5918e-05
-3.8584 0.00020312 7.1967e-05
-3.8004 0.00033353 0.00010016
-3.7424 0.00023886 7.9778e-05
-3.6843 0.00025717 8.3751e-05
-3.6263 0.00031532 9.6393e-05
-3.5683 0.00016582 6.3301e-05
-3.5103 0.00033178 9.9635e-05
-3.4523 0.00029752 9.2721e-05
-3.3942 0.00022058 7.5759e-05
-3.3362 0.00018438 6.7651e-05
-3.2782 0.00020484 7.2576e-05
-3.2202 0.00027816 8.8529e-05
-3.1621 0.00010942 4.9094e-05
-3.1041 0.00026051 8.4837e-05
-3.0461 0.00027361 8.708e-05
-2.9881 0.00027446 8.7352e-05
-2.9301 0.00015275 6.1029e-05
-2.872 0.00021717 7.4587e-05
-2.814 0.00031641 9.6726e-05
-2.756 0.00023994 8.0137e-05
-2.698 0.00027523 8.7596e-05
-2.64 0.000284 9.0387e-05
-2.5819 0.00023205 7.7502e-05
-2.5239 0.00028548 9.0858e-05
-2.4659 0.00021074 7.2378e-05
-2.4079 0.00029131 9.2713e-05
-2.3499 0.00044649 0.00012197
-2.2918 0.0005012 0.00013417
-2.2338 0.00030976 9.4693e-05
-2.1758 0.00030207 9.4141e-05
-2.1178 0.00037086 0.00010789
-2.0597 0.00038665 0.00010942
-2.0017 0.00038077 0.00011248
-1.9437 0.00051501 0.00013539
-1.8857 0.00065975 0.00016481
-1.8277 0.00061516 0.00015789
-1.7696 0.00065429 0.00016345
-1.7116 0.00061997 0.00015689
-1.6536 0.00072739 0.00017857
-1.5956 0.0010143 0.0002354
-1.5376 0.0010752 0.00024161
-1.4795 0.0013539 0.0002988
-1.4215 0.0014717 0.00031896
-1.3635 0.0022054 0.00045944
-1.3055 0.0037932 0.00075115
-1.2475 0.0048605 0.00095212
-1.1894 0.0068592 0.0013251
-1.1314 0.0096204 0.0018384
-1.0734 0.012194 0.0023229
-1.0154 0.014736 0.0027895
-0.95735 0.020649 0.0038918
-0.89933 0.021476 0.0040464
-0.84131 0.029111 0.0054632
-0.78328 0.03075 0.0057729
-0.72526 0.032406 0.0060807
-0.66724 0.038268 0.0071676
-0.60922 0.0437 0.0081799
-0.5512 0.044079 0.0082543
-0.49318 0.04694 0.0087848
-0.43516 0.049057 0.0091766
-0.37714 0.048767 0.0091231
-0.31912 0.048959 0.0091621
-0.26109 0.049179 0.0092022
-0.20307 0.048102 0.0090024
-0.14505 0.043709 0.008182
-0.087032 0.044672 0.0083618
-0.029011 0.036973 0.0069271
0.029011 0.038561 0.007224
0.087032 0.030073 0.0056449
0.14505 0.034221 0.0064193
0.20307 0.026152 0.0049166
0.26109 0.021355 0.0040247
0.31912 0.019346 0.0036486
0.37714 0.016543 0.0031261
0.43516 0.010573 0.0020165
0.49318 0.0087078 0.0016716
0.5512 0.0066292 0.0012813
0.60922 0.0045286 0.00088844
0.66724 0.0032596 0.00065578
0.72526 0.0021777 0.00045287
0.78328 0.0014853 0.00031943
0.84131 0.0010359 0.00023804
0.89933 0.0006675 0.00016574
0.95735 0.00047219 0.00012766
1.0154 0.00074099 0.00018399
1.0734 0.00069108 0.0001706
1.1314 0.0006163 0.00015704
1.1894 0.00045141 0.00012331
1.2475 0.0004222 0.00011662
1.3055 0.00031824 9.9181e-05
1.3635 0.00040881 0.00011569
1.4215 0.0003245 9.9198e-05
1.4795 0.00039454 0.00011026
1.5376 0.00029365 9.346e-05
1.5956 0.00026139 8.5126e-05
1.6536 0.00019826 7.0246e-05
1.7116 0.00024125 8.0576e-05
1.7696 0.00022889 7.8611e-05
1.8277 0.00034812 0.00010283
1.8857 0.00034102 0.00010074
1.9437 0.00020024 7.347e-05
2.0017 0.0003711 0.00010643
2.0597 0.00029999 9.3491e-05
2.1178 0.00035331 0.00010437
2.1758 0.0002449 8.1796e-05
2.2338 0.00027901 8.8801e-05
2.2918 0.00014605 5.8352e-05
2.3499 0.00027346 8.9055e-05
2.4079 0.00017857 6.552e-05
2.4659 0.00015388 6.1482e-05
2.5239 0.00026947 8.5764e-05
2.5819 0.00015266 6.0993e-05
2.64 0.00028003 8.9123e-05
2.698 0.00016583 6.3306e-05
2.756 0.00024383 8.1437e-05
2.814 0.00014524 5.8029e-05
2.872 0.00025136 8.395e-05
2.9301 0.00016687 6.3705e-05
2.9881 0.00018534 6.8006e-05
3.0461 0.00015188 6.0681e-05
3.1041 0.00013116 5.5257e-05
3.1621 0.00014776 5.9034e-05
3.2202 0.00026302 8.5655e-05
3.2782 0.0001852 6.7954e-05
3.3362 0.0002968 9.2497e-05
3.3942 0.00016902 6.4523e-05
3.4523 9.3538e-05 4.5308e-05
3.5103 9.316e-05 4.5125e-05
3.5683 0.00027815 8.8527e-05
3.6263 0.00018611 6.8286e-05
3.6843 0.00016713 6.3802e-05
3.7424 0.00022353 7.6772e-05
3.8004 0.00020642 7.3136e-05
3.8584 0.00028066 8.9326e-05
3.9164 9.2207e-05 4.4664e-05
3.9744 0.000113 5.0698e-05
4.0325 0.00016846 6.4311e-05
4.0905 9.4026e-05 4.5544e-05
4.1485 0.0001113 4.9936e-05
4.2065 0.00024352 8.1335e-05
4.2645 0.00028187 8.9709e-05
4.3226 0.00024158 8.0685e-05
4.3806 0.00014866 5.9396e-05
4.4386 0.00013069 5.5057e-05
4.4966 9.4007e-05 4.5535e-05
4.5547 0.00020326 7.2015e-05
4.6127 0.00022301 7.6594e-05
4.6707 9.2608e-05 4.4858e-05
4.7287 0.00026248 8.5478e-05
4.7867 0.00013106 5.5215e-05
4.8448 0.00018599 6.8242e-05
4.9028 0.00014862 5.9381e-05
4.9608 0.00020393 7.2256e-05
5.0188 0.00022202 7.6254e-05
5.0768 0.00014792 5.9099e-05
5.1349 3.7321e-05 2.7289e-05
5.1929 0.00013037 5.4924e-05
5.2509 0.00014776 5.9035e-05
5.3089 0.00011018 4.9431e-05
5.3669 0.00024385 8.1445e-05
5.425 0.00022225 7.6334e-05
5.483 0.00016799 6.413e-05
5.541 0.00014865 5.9389e-05
5.599 0.00014933 5.9663e-05
5.6571 0.00022306 7.661e-05
5.7151 0.00018948 6.9522e-05
5.7731 0.00022329 7.6689e-05
5.8311 0.00011192 5.0212e-05
5.8891 0.00013222 5.5701e-05
5.9472 0.0002219 7.6212e-05
6.0052 0.00018781 6.8909e-05
6.0632 0.00018705 6.8631e-05
6.1212 0.00018861 6.9204e-05
6.1792 0.00024184 8.0771e-05
6.2373 0.00020495 7.2617e-05
6.2953 0.00018679 6.8535e-05
6.3533 0.00018948 6.9522e-05
6.4113 0.00018352 6.7337e-05
6.4694 5.6806e-05 3.4459e-05
6.5274 0.00014888 5.9482e-05
6.5854 0.00013357 5.627e-05
6.6434 0.00015019 6.0005e-05
6.7014 7.4666e-05 3.9835e-05
6.7595 5.644e-05 3.4237e-05
6.8175 0.00014969 5.9806e-05
6.8755 0.00022574 7.7532e-05
6.9335 0.00020633 7.3104e-05
6.9915 7.3769e-05 3.9356e-05
7.0496 0.00022668 7.7854e-05
7.1076 0.00015152 6.0539e-05
7.1656 0.00016685 6.3696e-05
7.2236 0.00014849 5.9326e-05
7.2816 0.00018624 6.8333e-05
7.3397 0.00020643 7.314e-05
7.3977 0.00016829 6.4245e-05
7.4557 0.00022422 7.701e-05
7.5137 0.00013152 5.5407e-05
7.5718 0.00014921 5.9613e-05
7.6298 0.00022305 7.6608e-05
7.6878 0.00016784 6.4075e-05
7.7458 0.0001124 5.0427e-05
7.8038 0.00020524 7.2719e-05
7.8619 0.00011123 4.9903e-05
7.9199 0.00014755 5.8952e-05
7.9779 0.00026274 8.5566e-05
8.0359 0.00018734 6.8738e-05
8.0939 0.00012993 5.4738e-05
8.152 0.00018536 6.8011e-05
8.21 0.00018731 6.8727e-05
8.268 9.2203e-05 4.4662e-05
8.326 9.2443e-05 4.4778e-05
8.384 0.00023916 7.9879e-05
8.4421 0.00018612 6.8289e-05
8.5001 0.00014834 5.9267e-05
8.5581 0.00014681 5.8654e-05
8.6161 0.0001107 4.9667e-05
8.6742 0.00022089 7.5865e-05
8.7322 0.0001667 6.364e-05
8.7902 0.00022147 7.6063e-05
8.8482 0.00016716 6.3816e-05
8.9062 0.00016605 6.3392e-05
8.9643 0.00014817 5.92e-05
9.0223 9.1934e-05 4.4531e-05
9.0803 0.00014757 5.8961e-05
9.1383 0.00011132 4.9944e-05
9.1963 0.00014867 5.9397e-05
9.2544 0.00018352 6.7336e-05
9.3124 0.00018441 6.7663e-05
9.3704 0.00013088 5.5139e-05
9.4284 0.00011076 4.9691e-05
9.4864 0.00011052 4.9585e-05
9.5445 0.00018583 6.8182e-05
9.6025 0.00018507 6.7906e-05
9.6605 0.00016624 6.3463e-05
9.7185 5.5016e-05 3.3372e-05
9.7766 0.00022052 7.574e-05
9.8346 0.00025718 8.3755e-05
9.8926 0.00020185 7.1518e-05
9.9506 5.4906e-05 3.3306e-05
10.009 0.00018431 6.7626e-05
10.067 0.00022229 7.6346e-05
10.125 0.00025415 8.2768e-05
10.183 0.00010963 4.9188e-05
10.241 0.00016661 6.3605e-05
10.299 0.00018409 6.7546e-05
10.357 0.00014572 5.822e-05
10.415 0.00016452 6.2805e-05
10.473 0.00010974 4.9234e-05
10.531 0.00014676 5.8636e-05
10.589 0.00018353 6.734e-05
10.647 0.00021817 7.493e-05
10.705 0.00012872 5.4229e-05
10.763 0.00020061 7.1079e-05
10.821 0.00014682 5.8661e-05
10.879 0.00018201 6.6783e-05
10.937 1.8216e-05 1.8528e-05
10.995 9.161e-05 4.4375e-05
11.053 9.1766e-05 4.445e-05
11.111 0.00012704 5.3521e-05
11.169 0.00014634 5.8469e-05
11.227 0.00020115 7.1271e-05
11.285 9.0657e-05 4.3913e-05
11.343 0.00014542 5.8099e-05
11.401 0.00012698 5.3494e-05
11.459 0.00020102 7.1224e-05
11.517 0.00014728 5.8843e-05
11.575 0.00018159 6.663e-05
11.633 0.00014568 5.8204e-05
11.691 0.00012755 5.3734e-05
11.749 0.00018116 6.647e-05
11.807 0.00010919 4.8991e-05
11.865 0.00014588 5.8285e-05
11.923 9.1094e-05 4.4124e-05
11.981 0.00020091 7.1186e-05
12.039 0.00023366 7.8042e-05
12.097 0.00023627 7.8911e-05
12.155 0.00014559 5.8167e-05
12.213 0.00010823 4.8557e-05
12.271 0.00012642 5.3258e-05
12.329 0.00014479 5.7846e-05
12.388 0.00018232 6.6894e-05
12.446 0.00017978 6.5963e-05
12.504 0.00016125 6.156e-05
12.562 0.00016168 6.1724e-05
12.62 0.00016188 6.18e-05
12.678 0.0001626 6.2073e-05
12.736 0.00010734 4.8159e-05
12.794 0.00017871 6.5573e-05
12.852 0.00010751 4.8235e-05
12.91 0.00018053 6.6239e-05
12.968 0.00014162 5.6582e-05
13.026 0.00014285 5.7073e-05
13.084 0.00017868 6.5562e-05
13.142 0.00017879 6.56e-05
13.2 8.8159e-05 4.2702e-05
13.258 0.00021348 7.3322e-05
13.316 0.00016012 6.1125e-05
13.374 0.00019616 6.95e-05
13.432 0.00010663 4.7842e-05
13.49 0.00016012 6.1126e-05
13.548 0.00017832 6.5429e-05
13.606 7.0959e-05 3.7857e-05
13.664 0.00024771 8.067e-05
13.722 7.1097e-05 3.793e-05
13.78 0.00017789 6.527e-05
13.838 0.00017766 6.5188e-05
13.896 0.00012362 5.2079e-05
13.954 8.8599e-05 4.2916e-05
14.012 0.00010609 4.76e-05
14.07 0.00015837 6.0459e-05
14.128 0.00017487 6.4162e-05
14.186 0.00012419 5.2318e-05
14.244 0.00021271 7.3057e-05
14.302 0.00022764 7.6031e-05
14.36 0.00014107 5.6363e-05
14.418 0.00012277 5.1722e-05
14.476 0.00015883 6.0636e-05
14.534 8.7513e-05 4.239e-05
14.592 0.00010478 4.7009e-05
14.65 0.00019218 6.809e-05
14.708 0.00015803 6.0328e-05
14.766 0.00012193 5.1366e-05
14.824 0.00010431 4.68e-05
14.882 0.00015634 5.9684e-05
14.94 0.0001569 5.9896e-05
14.998 8.6974e-05 4.2129e-05
15.056 0.00012132 5.1113e-05
15.114 0.00017416 6.3902e-05
15.173 0.00010527 4.7232e-05
15.231 0.00017352 6.3666e-05
15.289 0.00022404 7.4828e-05
15.347 0.0001555 5.9364e-05
15.405 0.00013955 5.5754e-05
15.463 0.00027663 8.6211e-05
15.521 0.00012068 5.0839e-05
15.579 0.00019047 6.7487e-05
15.637 0.00015567 5.9428e-05
15.695 0.00010312 4.6266e-05
15.753 0.00018924 6.7048e-05
15.811 0.00017056 6.2583e-05
15.869 6.8827e-05 3.6719e-05
15.927 0.00010284 4.614e-05
15.985 6.8197e-05 3.6383e-05
16.043 5.1399e-05 3.1179e-05
16.101 8.5444e-05 4.1387e-05
16.159 0.00011989 5.0507e-05
16.217 0.00015235 5.816e-05
16.275 0.00023785 7.746e-05
16.333 0.00013596 5.432e-05
16.391 0.00013618 5.4408e-05
16.449 0.00017026 6.247e-05
16.507 0.00015276 5.8316e-05
16.565 0.0001866 6.6115e-05
16.623 0.0002362 7.692e-05
16.681 0.00010188 4.5711e-05
16.739 5.0364e-05 3.055e-05
16.797 0.00018643 6.6054e-05
16.855 0.00026781 8.3465e-05
16.913 0.00016752 6.1465e-05
16.971 0.00010034 4.5017e-05
17.029 6.6918e-05 3.5701e-05
17.087 0.00025035 7.9677e-05
17.145 0.00016596 6.0893e-05
17.203 0.00025041 7.9697e-05
17.261 0.0001822 6.4556e-05
17.319 9.9801e-05 4.4777e-05
17.377 0.00011478 4.8354e-05
17.435 0.00014855 5.6709e-05
17.493 0.00018173 6.439e-05
17.551 0.00013192 5.2706e-05
17.609 0.00011346 4.7798e-05
17.667 0.00011399 4.8021e-05
17.725 0.00013182 5.2666e-05
17.783 0.00014835 5.6634e-05
17.841 9.6822e-05 4.344e-05
17.9 9.7534e-05 4.3759e-05
17.958 0.00011406 4.8053e-05
18.016 0.00019449 6.68e-05
18.074 0.00022598 7.3593e-05
18.132 0.00011389 4.7979e-05
18.19 6.4698e-05 3.4517e-05
18.248 9.6178e-05 4.3151e-05
18.306 0.00012803 5.1151e-05
18.364 0.00022642 7.3738e-05
18.422 0.0001287 5.142e-05
18.48 8.0006e-05 3.8753e-05
18.538 0.00016034 5.8832e-05
18.596 0.0001605 5.8889e-05
18.654 0.00020811 6.9508e-05
18.712 6.3644e-05 3.3954e-05
18.77 0.00014305 5.461e-05
18.828 0.00023932 7.6167e-05
18.886 0.00015921 5.8415e-05
18.944 0.0001268 5.0661e-05
19.002 0.00015808 5.8003e-05
19.06 0.00015834 5.8098e-05
19.118 0.00015826 5.8069e-05
19.176 0.00015805 5.7993e-05
19.234 0.00018756 6.4419e-05
19.292 0.00017277 6.1216e-05
19.35 0.0001567 5.7494e-05
19.408 6.2946e-05 3.3582e-05
19.466 0.00014034 5.3576e-05
19.524 9.3667e-05 4.2025e-05
19.582 0.00029624 8.7509e-05
19.64 0.00018566 6.3767e-05
19.698 6.1241e-05 3.2672e-05
19.756 0.0002151 7.0049e-05
19.814 0.00020125 6.7217e-05
19.872 0.00016962 6.0097e-05
19.93 0.00021375 6.9611e-05
19.988 0.00010741 4.5252e-05
20.046 0.00012276 4.9048e-05
20.104 0.00013597 5.1907e-05
20.162 0.00015186 5.572e-05
20.22 0.00013644 5.2087e-05
20.278 0.00019928 6.6559e-05
20.336 0.00010613 4.4712e-05
20.394 0.00010436 4.3967e-05
20.452 0.00012036 4.8089e-05
20.51 7.5908e-05 3.6769e-05
20.568 7.5546e-05 3.6593e-05
20.626 0.00013452 5.1354e-05
20.685 0.00014922 5.4749e-05
20.743 0.00013436 5.1292e-05
20.801 0.00022378 7.1222e-05
20.859 0.00016233 5.7514e-05
20.917 0.00011866 4.741e-05
20.975 8.8725e-05 3.9807e-05
21.033 0.00010242 4.3149e-05
21.091 0.00020527 6.6849e-05
21.149 0.00020471 6.6667e-05
21.207 0.00022056 7.0196e-05
21.265 0.00021901 6.9703e-05
21.323 0.00018817 6.2845e-05
21.381 0.00016041 5.6834e-05
21.439 0.00016083 5.6983e-05
21.497 0.00012913 4.9297e-05
21.555 0.00014241 5.2251e-05
21.613 0.00022923 7.144e-05
21.671 0.0001288 4.9172e-05
21.729 8.5548e-05 3.8382e-05
21.787 0.00012687 4.8433e-05
21.845 0.00015524 5.5003e-05
21.903 0.00015591 5.5241e-05
21.961 0.00015426 5.4656e-05
22.019 0.00013893 5.0974e-05
22.077 0.00020881 6.6457e-05
22.135 0.00019535 6.3618e-05
22.193 0.00017988 6.0079e-05
22.251 0.00019228 6.2618e-05
22.309 0.00016544 5.682e-05
22.367 0.00020602 6.557e-05
22.425 0.00013735 5.0395e-05
22.483 0.00016343 5.6132e-05
22.541 0.00017795 5.9434e-05
22.599 0.00015032 5.326e-05
22.657 0.00016305 5.5998e-05
22.715 0.00012149 4.638e-05
22.773 0.0001207 4.6079e-05
22.831 9.4296e-05 3.9726e-05
22.889 0.00021516 6.7055e-05
22.947 0.00026528 7.7171e-05
23.005 0.00010604 4.2366e-05
23.063 0.00017207 5.7468e-05
23.121 0.00013119 4.8137e-05
23.179 0.00015582 5.3518e-05
23.237 0.00016986 5.673e-05
23.295 0.00010337 4.1298e-05
23.353 0.00023316 7.002e-05
23.412 0.00015381 5.2828e-05
23.47 0.00017951 5.8459e-05
23.528 0.00011494 4.3881e-05
23.586 0.00018919 6.0214e-05
23.644 0.00020087 6.2603e-05
23.702 0.00015044 5.1668e-05
23.76 0.00012517 4.5926e-05
23.818 0.00014899 5.1169e-05
23.876 0.000186 5.9198e-05
23.934 0.00023362 6.9011e-05
23.992 0.0001963 6.1178e-05
24.05 0.00013506 4.7854e-05
24.108 0.00019368 6.0359e-05
24.166 7.2941e-05 3.2725e-05
24.224 0.0002169 6.5136e-05
24.282 0.00022817 6.7401e-05
24.34 0.00016641 5.4195e-05
24.398 0.00016602 5.4068e-05
24.456 5.937e-05 2.8758e-05
24.514 0.00012934 4.5825e-05
24.572 0.00014057 4.8278e-05
24.63 0.00016294 5.3062e-05
24.688 0.0002325 6.7637e-05
24.746 0.00013837 4.7522e-05
24.804 0.0001481 4.9464e-05
24.862 0.00012497 4.4277e-05
24.92 0.00011305 4.1481e-05
24.978 0.00019021 5.8147e-05
25.036 0.0001554 5.0609e-05
25.094 0.00021139 6.2444e-05
25.152 7.7151e-05 3.2503e-05
25.21 0.00024099 6.8198e-05
25.268 0.00011917 4.2225e-05
25.326 8.6977e-05 3.475e-05
25.384 0.0001291 4.434e-05
25.442 0.00017066 5.3186e-05
25.5 0.00019108 5.7383e-05
25.558 0.00011603 4.111e-05
25.616 0.00014672 4.778e-05
25.674 0.00010432 3.8276e-05
25.732 0.00017461 5.3379e-05
25.79 0.0001333 4.452e-05
25.848 0.00015383 4.8959e-05
25.906 0.00020109 5.8498e-05
25.964 0.00013003 4.3427e-05
26.022 0.00016881 5.1606e-05
26.08 0.00017943 5.3884e-05
26.138 0.00021762 6.1585e-05
26.197 0.00015607 4.864e-05
26.255 0.00011617 3.9898e-05
26.313 0.00014509 4.6178e-05
26.371 0.00011466 3.9381e-05
26.429 0.00015975 4.8836e-05
26.487 0.00012115 4.0462e-05
26.545 0.00017584 5.1943e-05
26.603 0.0001283 4.1784e-05
26.661 8.9814e-05 3.2954e-05
26.719 0.00012434 4.0492e-05
26.777 9.7391e-05 3.4507e-05
26.835 0.00013072 4.1604e-05
26.893 0.00017169 4.9945e-05
26.951 0.00014482 4.427e-05
27.009 0.00016084 4.7512e-05
27.067 0.00017545 5.0317e-05
27.125 0.00010611 3.5441e-05
27.183 0.00012144 3.8651e-05
27.241 0.00020024 5.47e-05
27.299 0.00015738 4.5783e-05
27.357 0.00015366 4.4702e-05
27.415 0.00014499 4.2829e-05
27.473 0.00018883 5.1584e-05
27.531 0.00022972 5.9411e-05
27.589 0.00017415 4.8102e-05
27.647 0.00015707 4.4449e-05
27.705 0.00011206 3.4925e-05
27.763 0.00019904 5.2326e-05
27.821 0.00012759 3.7691e-05
27.879 0.00015736 4.3465e-05
27.937 0.00014148 4.0037e-05
27.995 0.00015151 4.1848e-05
28.053 0.00019189 4.9627e-05
28.111 0.00017006 4.5102e-05
28.169 0.00015381 4.1581e-05
28.227 0.00016638 4.3738e-05
28.285 0.00016589 4.3246e-05
28.343 0.000182 4.6056e-05
28.401 0.00012441 3.4365e-05
28.459 0.00015905 4.0824e-05
28.517 0.00017648 4.3819e-05
28.575 0.00017941 4.4045e-05
28.633 0.00015045 3.8073e-05
28.691 0.00015569 3.8657e-05
28.749 0.00016916 4.0698e-05
28.807 0.00019449 4.4983e-05
28.865 0.00014883 3.5643e-05
28.924 0.00019509 4.3733e-05
28.982 0.00014141 3.2497e-05
29.04 0.00017894 3.7933e-05
29.098 0.00014719 3.316e-05
29.156 0.00014586 3.3035e-05
29.214 0.00016308 3.4098e-05
29.272 0.00010173 3.1704e-05
29.33 0.00013897 4.331e-05
29.388 0.00016382 4.2046e-05
29.446 0.00014132 3.8605e-05
29.504 0 1
29.562 0 1
29.62 0 1
29.678 0 1
