-29.678 0 1
-29.62 0 1
-29.562 0 1
-29.504 0.00016207 4.028e-05
-29.446 0.00020437 4.7632e-05
-29.388 0.00018268 4.8733e-05
-29.33 0.00020532 4.975e-05
-29.272 0.00019118 3.8918e-05
-29.214 0.00016836 3.6236e-05
-29.156 0.00016739 3.6027e-05
-29.098 0.00020103 4.1467e-05
-29.04 0.00018623 3.9981e-05
-28.982 0.00021322 4.589e-05
-28.924 0.00019596 4.3206e-05
-28.865 0.00018841 4.229e-05
-28.807 0.00020749 4.6371e-05
-28.749 0.00021516 4.8294e-05
-28.691 0.00024733 5.4833e-05
-28.633 0.00017311 4.0915e-05
-28.575 0.00015781 3.8238e-05
-28.517 0.00019535 4.584e-05
-28.459 0.00020834 4.872e-05
-28.401 0.00020236 4.7829e-05
-28.343 0.00018359 4.4484e-05
-28.285 0.00017713 4.3551e-05
-28.227 0.00017724 4.3808e-05
-28.169 0.00019492 4.7451e-05
-28.111 0.00019458 4.7601e-05
-28.053 0.0002137 5.1545e-05
-27.995 0.00011001 3.1292e-05
-27.937 0.00016655 4.2708e-05
-27.879 0.0001538 4.0337e-05
-27.821 0.00016747 4.3253e-05
-27.763 0.00020829 5.1483e-05
-27.705 0.00013053 3.6248e-05
-27.647 0.00017087 4.4464e-05
-27.589 0.00019179 4.8847e-05
-27.531 0.00020583 5.1758e-05
-27.473 0.00018639 4.814e-05
-27.415 0.00016563 4.4187e-05
-27.357 0.00018615 4.8439e-05
-27.299 0.00019006 4.9456e-05
-27.241 0.00015509 4.2601e-05
-27.183 0.0001497 4.1572e-05
-27.125 0.0001964 5.1106e-05
-27.067 0.00018531 4.9006e-05
-27.009 0.00014968 4.2052e-05
-26.951 0.00022109 5.6309e-05
-26.893 0.00019238 5.0876e-05
-26.835 0.00020167 5.2893e-05
-26.777 0.00024348 6.1224e-05
-26.719 0.00016528 4.5898e-05
-26.661 0.00019457 5.1906e-05
-26.603 0.00016974 4.7137e-05
-26.545 0.00015611 4.4405e-05
-26.487 0.00017187 4.7729e-05
-26.429 0.00021025 5.56e-05
-26.371 0.00020571 5.4878e-05
-26.313 0.00020025 5.3914e-05
-26.255 0.00017903 4.9717e-05
-26.197 0.00015849 4.568e-05
-26.138 0.0001906 5.2357e-05
-26.08 0.00014591 4.3304e-05
-26.022 0.00016847 4.7922e-05
-25.964 0.00020119 5.4697e-05
-25.906 0.00018018 5.0622e-05
-25.848 0.00023476 6.1572e-05
-25.79 0.00025924 6.6477e-05
-25.732 0.00015079 4.4752e-05
-25.674 0.00022437 5.9855e-05
-25.616 0.00014508 4.3767e-05
-25.558 0.0002346 6.2041e-05
-25.5 0.00018747 5.267e-05
-25.442 0.00022325 6.0109e-05
-25.384 0.00017389 5.0119e-05
-25.326 0.00014886 4.4909e-05
-25.268 0.0001773 5.1102e-05
-25.21 0.00023694 6.3209e-05
-25.152 0.00018791 5.3451e-05
-25.094 0.00018737 5.3296e-05
-25.036 0.00017174 5.0204e-05
-24.978 0.00028564 7.3248e-05
-24.92 0.00018962 5.3935e-05
-24.862 0.00026826 6.9805e-05
-24.804 0.00017456 5.1028e-05
-24.746 0.00018588 5.3574e-05
-24.688 0.00021272 5.9074e-05
-24.63 0.00016941 5.0281e-05
-24.572 0.00018762 5.4077e-05
-24.514 0.00015482 4.7536e-05
-24.456 0.00019128 5.5131e-05
-24.398 0.00022841 6.2742e-05
-24.34 0.00024838 6.6873e-05
-24.282 0.00024963 6.7212e-05
-24.224 0.00016659 5.0256e-05
-24.166 0.00017639 5.2351e-05
-24.108 0.00024443 6.6454e-05
-24.05 0.00022614 6.2801e-05
-23.992 0.0001233 4.1332e-05
-23.934 0.00014131 4.5158e-05
-23.876 0.00018162 5.3903e-05
-23.818 0.00020226 5.8297e-05
-23.76 0.00025986 6.9964e-05
-23.702 0.00013476 4.4057e-05
-23.644 0.00019296 5.6408e-05
-23.586 0.00018443 5.4738e-05
-23.528 0.00016607 5.0991e-05
-23.47 0.00015547 4.866e-05
-23.412 0.00018634 5.5305e-05
-23.353 0.00022839 6.4164e-05
-23.295 0.00013814 4.5162e-05
-23.237 0.00018745 5.5633e-05
-23.179 0.0001496 4.7806e-05
-23.121 0.00014914 4.766e-05
-23.063 0.00019944 5.8302e-05
-23.005 0.00025888 7.0382e-05
-22.947 0.00010015 3.6861e-05
-22.889 0.00020301 5.9344e-05
-22.831 0.00012163 4.1922e-05
-22.773 0.00017164 5.2701e-05
-22.715 0.00023538 6.6128e-05
-22.657 0.00011269 4.0057e-05
-22.599 0.00013417 4.4976e-05
-22.541 0.00021651 6.2402e-05
-22.483 0.0001653 5.1735e-05
-22.425 0.00020003 5.9366e-05
-22.367 0.00020711 6.0543e-05
-22.309 0.00021904 6.3132e-05
-22.251 0.00013704 4.594e-05
-22.193 0.00022312 6.4307e-05
-22.135 0.00016982 5.315e-05
-22.077 0.00015902 5.0817e-05
-22.019 0.0001906 5.7499e-05
-21.961 0.00021423 6.2626e-05
-21.903 0.00016105 5.1464e-05
-21.845 0.00026743 7.3461e-05
-21.787 0.00021467 6.2753e-05
-21.729 0.00011894 4.2281e-05
-21.671 0.00017343 5.428e-05
-21.613 0.00011921 4.2376e-05
-21.555 0.0001315 4.5322e-05
-21.497 0.0001417 4.7502e-05
-21.439 0.00027264 7.489e-05
-21.381 0.00019622 5.9194e-05
-21.323 0.00013203 4.5506e-05
-21.265 0.00013355 4.603e-05
-21.207 0.0002305 6.6436e-05
-21.149 0.00017703 5.5405e-05
-21.091 0.00016723 5.3439e-05
-21.033 0.00012278 4.3645e-05
-20.975 0.00018894 5.8014e-05
-20.917 0.0002013 6.0728e-05
-20.859 0.00024805 7.0555e-05
-20.801 0.00012376 4.3995e-05
-20.743 0.00017989 5.6301e-05
-20.685 0.00022719 6.6412e-05
-20.626 0.00015951 5.2149e-05
-20.568 0.00012444 4.4236e-05
-20.51 0.00011362 4.1819e-05
-20.452 0.00023868 6.8793e-05
-20.394 0.00010257 3.9267e-05
-20.336 0.00010345 3.9606e-05
-20.278 0.00014956 5.0135e-05
-20.22 0.00013674 4.7129e-05
-20.162 0.000186 5.8213e-05
-20.104 0.00024228 6.983e-05
-20.046 0.00019635 6.0287e-05
-19.988 0.00011534 4.2451e-05
-19.93 0.00019776 6.0721e-05
-19.872 0.00015145 5.0771e-05
-19.814 0.00027912 7.7512e-05
-19.756 9.2635e-05 3.7107e-05
-19.698 0.0001406 4.8459e-05
-19.64 0.00017731 5.6663e-05
-19.582 0.00017583 5.6189e-05
-19.524 0.00023373 6.8326e-05
-19.466 0.00014162 4.8809e-05
-19.408 0.00026096 7.4227e-05
-19.35 0.00013047 4.638e-05
-19.292 0.00010579 4.05e-05
-19.234 0.00026061 7.4128e-05
-19.176 0.00013106 4.6589e-05
-19.118 0.00017788 5.6844e-05
-19.06 0.00019008 5.9492e-05
-19.002 0.00014355 4.9477e-05
-18.944 0.0001204 4.4313e-05
-18.886 0.00015541 5.2096e-05
-18.828 0.00013168 4.681e-05
-18.77 0.00018008 5.7546e-05
-18.712 0.00030343 8.3349e-05
-18.654 0.0001559 5.2262e-05
-18.596 0.00018135 5.7952e-05
-18.538 0.00017037 5.57e-05
-18.48 0.0001457 5.0216e-05
-18.422 0.00012109 4.4567e-05
-18.364 0.00015752 5.2805e-05
-18.306 8.583e-05 3.6243e-05
-18.248 0.00017113 5.5948e-05
-18.19 0.00020864 6.4062e-05
-18.132 0.00020609 6.3278e-05
-18.074 0.00026906 7.6531e-05
-18.016 0.00017219 5.6292e-05
-17.958 9.8522e-05 3.9465e-05
-17.9 0.00025756 7.4233e-05
-17.841 0.00011226 4.2977e-05
-17.783 9.9517e-05 3.9863e-05
-17.725 0.00017327 5.6645e-05
-17.667 0.00016063 5.3849e-05
-17.609 0.00023901 7.0936e-05
-17.551 0.000175 5.7213e-05
-17.493 0.00021315 6.5445e-05
-17.435 0.0002479 7.2468e-05
-17.377 0.00020071 6.2817e-05
-17.319 0.0001757 5.744e-05
-17.261 0.00010092 4.0423e-05
-17.203 0.00016275 5.4559e-05
-17.145 0.00021319 6.546e-05
-17.087 0.00017634 5.7651e-05
-17.029 0.00017735 5.798e-05
-16.971 0.0001635 5.481e-05
-16.913 0.00021495 6.5999e-05
-16.855 0.00017607 5.7563e-05
-16.797 0.00017759 5.806e-05
-16.739 0.00013928 4.951e-05
-16.681 0.00012637 4.6511e-05
-16.623 0.00019156 6.1216e-05
-16.565 0.00021595 6.6307e-05
-16.507 0.00020173 6.3135e-05
-16.449 0.00012731 4.6855e-05
-16.391 0.00012712 4.6785e-05
-16.333 0.00012654 4.6572e-05
-16.275 0.00016579 5.5577e-05
-16.217 0.00010225 4.0958e-05
-16.159 0.00024293 7.2101e-05
-16.101 0.0001409 5.0087e-05
-16.043 0.00012771 4.7003e-05
-15.985 0.00017804 5.8205e-05
-15.927 0.00017994 5.8829e-05
-15.869 0.00020498 6.4154e-05
-15.811 0.00019283 6.1623e-05
-15.753 0.0001676 5.6183e-05
-15.695 9.0197e-05 3.8087e-05
-15.637 0.00015475 5.3336e-05
-15.579 0.00016664 5.5861e-05
-15.521 0.00023275 7.0215e-05
-15.463 0.00019424 6.2073e-05
-15.405 0.00013024 4.7935e-05
-15.347 0.00015513 5.3465e-05
-15.289 0.00015676 5.403e-05
-15.231 0.00011803 4.5185e-05
-15.173 0.00027469 7.9172e-05
-15.114 0.00025898 7.5707e-05
-15.056 0.00018306 5.9848e-05
-14.998 0.00011759 4.5016e-05
-14.94 0.00023659 7.1373e-05
-14.882 0.00017006 5.7008e-05
-14.824 0.0002365 7.1346e-05
-14.766 0.000171 5.7323e-05
-14.708 0.00018478 6.0408e-05
-14.65 0.00012991 4.7811e-05
-14.592 0.00021133 6.6141e-05
-14.534 0.00015908 5.4829e-05
-14.476 0.00015856 5.465e-05
-14.418 0.00018577 6.0733e-05
-14.36 0.00022406 6.8797e-05
-14.302 0.00019903 6.3602e-05
-14.244 0.00013245 4.8746e-05
-14.186 0.00023842 7.1926e-05
-14.128 0.0001059 4.242e-05
-14.07 0.00018588 6.0768e-05
-14.012 0.00026257 7.6756e-05
-13.954 0.00013188 4.8536e-05
-13.896 0.00013239 4.8725e-05
-13.838 7.9902e-05 3.5922e-05
-13.78 0.00018621 6.0878e-05
-13.722 0.00017178 5.7584e-05
-13.664 0.00015915 5.4853e-05
-13.606 0.00010729 4.2978e-05
-13.548 0.00017282 5.7934e-05
-13.49 0.00014662 5.212e-05
-13.432 9.385e-05 3.963e-05
-13.374 0.00014715 5.2307e-05
-13.316 0.00014689 5.2215e-05
-13.258 0.00012061 4.6173e-05
-13.2 0.00020128 6.4321e-05
-13.142 0.00013456 4.9523e-05
-13.084 0.00016178 5.5757e-05
-13.026 0.00018753 6.131e-05
-12.968 0.00016277 5.6099e-05
-12.91 0.00023045 7.076e-05
-12.852 0.00025661 7.6159e-05
-12.794 0.00018732 6.124e-05
-12.736 0.00020143 6.4369e-05
-12.678 0.00016172 5.5738e-05
-12.62 0.0001627 5.6075e-05
-12.562 0.00012077 4.6237e-05
-12.504 8.0899e-05 3.637e-05
-12.446 0.0001232 4.7166e-05
-12.388 0.00016104 5.5503e-05
-12.329 0.0002429 7.3278e-05
-12.271 0.00017591 5.8971e-05
-12.213 0.00027133 7.9316e-05
-12.155 0.00013545 4.985e-05
-12.097 0.0001897 6.2018e-05
-12.039 0.00017707 5.9358e-05
-11.981 0.0001774 5.9469e-05
-11.923 0.00017706 5.9356e-05
-11.865 0.00016242 5.598e-05
-11.807 8.2167e-05 3.6941e-05
-11.749 0.00017818 5.9729e-05
-11.691 0.00027217 7.9563e-05
-11.633 0.00017585 5.8951e-05
-11.575 0.0002048 6.5448e-05
-11.517 0.00016441 5.6664e-05
-11.459 0.00013583 4.9992e-05
-11.401 0.00015134 5.3797e-05
-11.343 0.00015038 5.3455e-05
-11.285 0.00019209 6.2798e-05
-11.227 0.00016369 5.6416e-05
-11.169 0.00017649 5.9165e-05
-11.111 0.00017754 5.9516e-05
-11.053 0.00011016 4.4126e-05
-10.995 0.00010949 4.3856e-05
-10.937 0.00021722 6.7985e-05
-10.879 0.00026049 7.731e-05
-10.821 0.00019333 6.3206e-05
-10.763 0.00016453 5.6707e-05
-10.705 0.00010962 4.3909e-05
-10.647 0.00012404 4.7488e-05
-10.589 0.00023472 7.2071e-05
-10.531 0.0001661 5.7246e-05
-10.473 0.00017724 5.9416e-05
-10.415 0.00013737 5.0559e-05
-10.357 0.00022121 6.9233e-05
-10.299 0.00019441 6.3558e-05
-10.241 0.0001657 5.7108e-05
-10.183 0.00015127 5.3774e-05
-10.125 0.00016598 5.7205e-05
-10.067 0.00019461 6.3624e-05
-10.009 0.00017892 5.9978e-05
-9.9506 0.00019402 6.3431e-05
-9.8926 0.00016653 5.7396e-05
-9.8346 0.0001943 6.3523e-05
-9.7766 0.00019371 6.333e-05
-9.7185 0.00027986 8.1809e-05
-9.6605 0.00016633 5.7328e-05
-9.6025 0.00013915 5.1212e-05
-9.5445 0.00013753 5.0618e-05
-9.4864 0.00011066 4.4326e-05
-9.4284 0.00019553 6.3924e-05
-9.3704 0.00024959 7.5295e-05
-9.3124 0.00015192 5.4003e-05
-9.2544 0.00012604 4.8252e-05
-9.1963 0.00018163 6.0886e-05
-9.1383 0.00016669 5.745e-05
-9.0803 0.00022138 6.9286e-05
-9.0223 0.00015385 5.4691e-05
-8.9643 0.00019587 6.4034e-05
-8.9062 0.00018279 6.1276e-05
-8.8482 0.000222 6.948e-05
-8.7902 6.97e-05 3.3821e-05
-8.7322 0.00012617 4.8304e-05
-8.6742 0.00016961 5.8458e-05
-8.6161 0.0001938 6.3359e-05
-8.5581 0.00023889 7.335e-05
-8.5001 0.00025351 7.6477e-05
-8.4421 0.00015356 5.4587e-05
-8.384 0.00019427 6.3512e-05
-8.326 0.00019588 6.4039e-05
-8.268 0.0001398 5.1452e-05
-8.21 0.00022345 6.9936e-05
-8.152 0.00015393 5.4719e-05
-8.0939 0.00018211 6.1047e-05
-8.0359 0.0001418 5.219e-05
-7.9779 0.00014067 5.1771e-05
-7.9199 0.00018171 6.0913e-05
-7.8619 0.00014009 5.1558e-05
-7.8038 0.00025536 7.7036e-05
-7.7458 0.0001403 5.1634e-05
-7.6878 0.00022521 7.0486e-05
-7.6298 0.00012574 4.8139e-05
-7.5718 0.00012645 4.841e-05
-7.5137 0.00021247 6.7899e-05
-7.4557 0.00020973 6.7021e-05
-7.3977 0.00015496 5.5083e-05
-7.3397 0.00021206 6.7767e-05
-7.2816 0.00014104 5.1908e-05
-7.2236 0.00016849 5.807e-05
-7.1656 0.00021594 6.9007e-05
-7.1076 0.00012884 4.9325e-05
-7.0496 0.00015385 5.469e-05
-6.9915 0.0001138 4.5583e-05
-6.9335 0.00015696 5.5796e-05
-6.8755 0.00012697 4.861e-05
-6.8175 0.00019934 6.5171e-05
-6.7595 0.00026805 7.9554e-05
-6.7014 0.00018351 6.1519e-05
-6.6434 5.7602e-05 3.0776e-05
-6.5854 0.00025335 7.643e-05
-6.5274 0.00018415 6.1732e-05
-6.4694 0.00025246 7.6161e-05
-6.4113 0.00024309 7.4639e-05
-6.3533 0.00034173 9.4901e-05
-6.2953 0.00014193 5.2236e-05
-6.2373 9.8173e-05 4.1455e-05
-6.1792 0.0002027 6.6267e-05
-6.1212 0.00016969 5.8485e-05
-6.0632 0.00015461 5.4961e-05
-6.0052 0.00028075 8.207e-05
-5.9472 0.00015923 5.6602e-05
-5.8891 0.0003085 8.775e-05
-5.8311 0.00019669 6.4303e-05
-5.7731 0.00018643 6.2496e-05
-5.7151 0.00018269 6.1243e-05
-5.6571 0.00011462 4.5914e-05
-5.599 0.00022762 7.1238e-05
-5.541 8.4321e-05 3.7909e-05
-5.483 0.00022414 7.0149e-05
-5.425 0.00011437 4.5815e-05
-5.3669 0.00022423 7.018e-05
-5.3089 0.00021316 6.8119e-05
-5.2509 0.00018528 6.2112e-05
-5.1929 0.00018486 6.1969e-05
-5.1349 0.0001128 4.5184e-05
-5.0768 0.00022665 7.0937e-05
-5.0188 0.00034122 9.4758e-05
-4.9608 0.00024121 7.4062e-05
-4.9028 0.00015502 5.5107e-05
-4.8448 0.00016935 5.8368e-05
-4.7867 0.0001286 4.9231e-05
-4.7287 0.00021096 6.7414e-05
-4.6707 0.00028342 8.2851e-05
-4.6127 0.00021265 6.7955e-05
-4.5547 0.00022841 7.1487e-05
-4.4966 0.00022781 7.13e-05
-4.4386 0.00025588 7.7194e-05
-4.3806 0.00015494 5.5077e-05
-4.3226 0.00015681 5.574e-05
-4.2645 0.00021396 6.8375e-05
-4.2065 0.00024251 7.4462e-05
-4.1485 0.00021318 6.8125e-05
-4.0905 0.00014282 5.2564e-05
-4.0325 0.00037048 0.00010072
-3.9744 0.00021256 6.7925e-05
-3.9164 0.00025703 7.754e-05
-3.8584 0.00014314 5.2682e-05
-3.8004 0.00030164 8.6939e-05
-3.7424 0.00031336 8.9133e-05
-3.6843 0.00031328 8.911e-05
-3.6263 0.00021568 6.8923e-05
-3.5683 0.00028564 8.3501e-05
-3.5103 0.00020004 6.5399e-05
-3.4523 0.0003027 8.7247e-05
-3.3942 0.00027074 8.0353e-05
-3.3362 0.00018581 6.2287e-05
-3.2782 0.00031758 9.0333e-05
-3.2202 0.0002875 8.4044e-05
-3.1621 0.00028275 8.2654e-05
-3.1041 0.00028849 8.4333e-05
-3.0461 0.00022624 7.0807e-05
-2.9881 0.00032623 9.1655e-05
-2.9301 0.00037004 0.00010165
-2.872 0.00021044 6.7247e-05
-2.814 0.00028856 8.4355e-05
-2.756 0.00031476 8.9533e-05
-2.698 0.00042671 0.00011191
-2.64 0.00036692 0.00010079
-2.5819 0.00041512 0.00010887
-2.5239 0.00038359 0.00010429
-2.4659 0.00038118 0.00010169
-2.4079 0.00039142 0.00010642
-2.3499 0.0004984 0.00012533
-2.2918 0.00044609 0.00011608
-2.2338 0.00040963 0.00010833
-2.1758 0.00042442 0.00011224
-2.1178 0.00050311 0.0001273
-2.0597 0.00059946 0.00014459
-2.0017 0.00063694 0.00015581
-1.9437 0.00064703 0.00015411
-1.8857 0.0008808 0.00020005
-1.8277 0.0010431 0.00023264
-1.7696 0.00098622 0.00021995
-1.7116 0.0012156 0.00026377
-1.6536 0.0014024 0.00030001
-1.5956 0.0014365 0.00030803
-1.5376 0.0016934 0.00035223
-1.4795 0.001966 0.00040754
-1.4215 0.0022113 0.00045222
-1.3635 0.0033143 0.00066268
-1.3055 0.0044646 0.00087574
-1.2475 0.0053907 0.0010518
-1.1894 0.0072377 0.0014003
-1.1314 0.010489 0.002012
-1.0734 0.011993 0.0022994
-1.0154 0.015424 0.0029406
-0.95735 0.019007 0.0036168
-0.89933 0.024354 0.0046242
-0.84131 0.029648 0.0056179
-0.78328 0.033914 0.0064248
-0.72526 0.036472 0.0069062
-0.66724 0.042461 0.0080308
-0.60922 0.047399 0.0089616
-0.5512 0.048425 0.0091578
-0.49318 0.051597 0.0097537
-0.43516 0.053063 0.010028
-0.37714 0.053029 0.010022
-0.31912 0.052694 0.0099614
-0.26109 0.047996 0.0090764
-0.20307 0.047987 0.009075
-0.14505 0.043768 0.0082784
-0.087032 0.041786 0.0079056
-0.029011 0.034819 0.0065921
0.029011 0.033148 0.0062786
0.087032 0.025433 0.0048262
0.14505 0.026558 0.00504
0.20307 0.01966 0.0037404
0.26109 0.015504 0.0029583
0.31912 0.013341 0.0025494
0.37714 0.011562 0.0022136
0.43516 0.0087548 0.0016861
0.49318 0.0065102 0.001265
0.5512 0.00483 0.000946
0.60922 0.0035377 0.00070118
0.66724 0.0025416 0.00051632
0.72526 0.0018773 0.00039022
0.78328 0.0012183 0.00026255
0.84131 0.0011096 0.00024464
0.89933 0.00096497 0.00021566
0.95735 0.00081655 0.00018744
1.0154 0.00080728 0.00018878
1.0734 0.0006767 0.00016055
1.1314 0.00075283 0.00017605
1.1894 0.00068586 0.0001621
1.2475 0.0005182 0.00012879
1.3055 0.00055508 0.00013958
1.3635 0.00050417 0.00012757
1.4215 0.0005031 0.00012813
1.4795 0.00047872 0.00012038
1.5376 0.00034905 9.8064e-05
1.5956 0.00050658 0.00012818
1.6536 0.00058682 0.00014285
1.7116 0.00033088 9.2959e-05
1.7696 0.00048793 0.00012512
1.8277 0.00049711 0.00012578
1.8857 0.00034784 9.5547e-05
1.9437 0.00038806 0.00010659
2.0017 0.00030137 8.5723e-05
2.0597 0.00040696 0.00010857
2.1178 0.00033154 9.3146e-05
2.1758 0.00045271 0.0001178
2.2338 0.00041816 0.00011058
2.2918 0.00035381 9.7187e-05
2.3499 0.00034826 9.7843e-05
2.4079 0.00033223 9.2261e-05
2.4659 0.00025349 7.7833e-05
2.5239 0.00033423 9.2818e-05
2.5819 0.0002071 6.7707e-05
2.64 0.00027496 8.1606e-05
2.698 0.0002571 7.7561e-05
2.756 0.00027625 8.199e-05
2.814 0.0002674 7.9363e-05
2.872 0.00026979 8.139e-05
2.9301 0.00027309 8.1051e-05
2.9881 0.00024425 7.4997e-05
3.0461 0.00022075 7.0545e-05
3.1041 0.00027598 8.1908e-05
3.1621 0.00032931 9.2518e-05
3.2202 0.0003204 9.1135e-05
3.2782 0.00025843 7.7961e-05
3.3362 0.00027321 8.1088e-05
3.3942 0.00024748 7.5988e-05
3.4523 0.00015952 5.6706e-05
3.5103 0.00020221 6.6108e-05
3.5683 0.00014375 5.2905e-05
3.6263 0.00010099 4.2645e-05
3.6843 0.00012956 4.9599e-05
3.7424 0.00018772 6.2929e-05
3.8004 0.00026184 7.8991e-05
3.8584 0.00017405 5.9989e-05
3.9164 0.00020014 6.5431e-05
3.9744 0.00020439 6.6821e-05
4.0325 0.00027569 8.1823e-05
4.0905 0.00017493 6.0291e-05
4.1485 0.00023008 7.2009e-05
4.2065 0.00017426 6.0058e-05
4.2645 0.00014567 5.3612e-05
4.3226 0.00010084 4.2581e-05
4.3806 0.00024489 7.5193e-05
4.4386 0.0001592 5.6591e-05
4.4966 0.0002332 7.2984e-05
4.5547 0.00017189 5.9241e-05
4.6127 0.00020169 6.5939e-05
4.6707 0.00030151 8.6903e-05
4.7287 0.00024707 7.5862e-05
4.7867 0.00027577 8.1846e-05
4.8448 0.00017301 5.9629e-05
4.9028 0.00025923 7.8204e-05
4.9608 0.00021558 6.889e-05
5.0188 0.00018645 6.2504e-05
5.0768 0.00015767 5.6047e-05
5.1349 0.00014466 5.3239e-05
5.1929 0.00017325 5.9712e-05
5.2509 0.00010023 4.2322e-05
5.3089 0.00017082 5.8872e-05
5.3669 0.0002472 7.5902e-05
5.425 0.00017229 5.9381e-05
5.483 0.0002315 7.2455e-05
5.541 7.2018e-05 3.4946e-05
5.599 0.00011576 4.637e-05
5.6571 0.00023055 7.2156e-05
5.7151 0.00020563 6.7228e-05
5.7731 0.00012982 4.9699e-05
5.8311 0.00013014 4.9821e-05
5.8891 0.00029284 8.5604e-05
5.9472 0.00015768 5.6052e-05
6.0052 0.00020382 6.6635e-05
6.0632 0.000145 5.3366e-05
6.1212 0.00010235 4.3218e-05
6.1792 0.00011537 4.6212e-05
6.2373 0.00015888 5.6477e-05
6.2953 0.00024616 7.5581e-05
6.3533 0.0002497 7.6669e-05
6.4113 0.00025608 7.7253e-05
6.4694 0.0002055 6.7184e-05
6.5274 0.00021639 6.9151e-05
6.5854 0.00014791 5.4438e-05
6.6434 0.00018919 6.3422e-05
6.7014 0.00015917 5.6582e-05
6.7595 0.00020418 6.6751e-05
6.8175 0.00024658 7.5712e-05
6.8755 0.00021874 6.9902e-05
6.9335 0.00015994 5.6856e-05
6.9915 0.00017155 5.9127e-05
7.0496 0.00027823 8.2575e-05
7.1076 0.00017619 6.0725e-05
7.1656 0.00014371 5.2892e-05
7.2236 0.00018705 6.2704e-05
7.2816 0.00024543 7.5357e-05
7.3397 0.00020367 6.6584e-05
7.3977 0.00018844 6.3168e-05
7.4557 0.00015933 5.6638e-05
7.5137 0.0002476 7.6023e-05
7.5718 0.00014458 5.3212e-05
7.6298 0.00010086 4.2591e-05
7.6878 0.00020239 6.6168e-05
7.7458 0.00013069 5.0034e-05
7.8038 0.00014464 5.3233e-05
7.8619 0.00017245 5.9435e-05
7.9199 0.00024306 7.4631e-05
7.9779 0.00014548 5.3544e-05
8.0359 0.00021784 6.9613e-05
8.0939 0.00014389 5.2957e-05
8.152 0.00015806 5.6186e-05
8.21 0.00017424 6.0054e-05
8.268 0.00017154 5.9123e-05
8.326 0.00011466 4.5928e-05
8.384 0.00019966 6.5275e-05
8.4421 0.00021642 6.9158e-05
8.5001 0.00024436 7.5029e-05
8.5581 0.00012803 4.9014e-05
8.6161 0.00021454 6.8558e-05
8.6742 9.9885e-05 4.2178e-05
8.7322 0.00022974 7.1903e-05
8.7902 0.00017168 5.917e-05
8.8482 0.00015838 5.63e-05
8.9062 0.00011442 4.5833e-05
8.9643 0.00021537 6.8823e-05
9.0223 0.00025656 7.7398e-05
9.0803 0.000143 5.2629e-05
9.1383 0.00018697 6.2677e-05
9.1963 0.00017287 5.958e-05
9.2544 0.00014226 5.2358e-05
9.3124 0.00020014 6.543e-05
9.3704 0.00013045 4.994e-05
9.4284 0.00027188 8.0692e-05
9.4864 0.00011423 4.5757e-05
9.5445 0.00017286 5.9577e-05
9.6025 0.00017216 5.9336e-05
9.6605 0.00011455 4.5885e-05
9.7185 0.00015638 5.5588e-05
9.7766 0.00028492 8.3288e-05
9.8346 0.00022785 7.1311e-05
9.8926 0.00019915 6.5107e-05
9.9506 0.0001135 4.5465e-05
10.009 0.00015716 5.5867e-05
10.067 0.00018668 6.2579e-05
10.125 0.0001548 5.5028e-05
10.183 0.00021247 6.7898e-05
10.241 0.00014351 5.2816e-05
10.299 0.00012844 4.917e-05
10.357 0.00018356 6.1535e-05
10.415 0.00011336 4.5409e-05
10.473 0.00021267 6.7961e-05
10.531 0.00014221 5.2339e-05
10.589 0.00011382 4.5591e-05
10.647 0.00014094 5.187e-05
10.705 0.00018532 6.2122e-05
10.763 0.00015551 5.5282e-05
10.821 0.00027031 8.0227e-05
10.879 0.00019753 6.4579e-05
10.937 0.00018357 6.1537e-05
10.995 0.00017044 5.8742e-05
11.053 0.00019918 6.5119e-05
11.111 0.00019696 6.4392e-05
11.169 0.00021271 6.7973e-05
11.227 0.00015593 5.543e-05
11.285 0.0001265 4.8428e-05
11.343 0.00012682 4.855e-05
11.401 5.6246e-05 3.0051e-05
11.459 0.00018416 6.1736e-05
11.517 0.00014271 5.2524e-05
11.575 0.00019708 6.4431e-05
11.633 0.00023998 7.3684e-05
11.691 0.00014125 5.1985e-05
11.749 0.00022469 7.0324e-05
11.807 0.00016929 5.8348e-05
11.865 0.0001979 6.4701e-05
11.923 0.00014123 5.1979e-05
11.981 0.00022654 7.0902e-05
12.039 0.00018114 6.0721e-05
12.097 0.00011271 4.5147e-05
12.155 0.00015518 5.5162e-05
12.213 0.00018178 6.0936e-05
12.271 0.000126 4.8236e-05
12.329 0.0001403 5.1634e-05
12.388 7.0665e-05 3.4289e-05
12.446 0.00018117 6.0733e-05
12.504 0.00020834 6.6578e-05
12.562 0.00025067 7.5622e-05
12.62 0.00016732 5.7668e-05
12.678 0.00015405 5.4763e-05
12.736 0.00029124 8.3941e-05
12.794 0.00019395 6.3409e-05
12.852 0.00015279 5.4313e-05
12.91 0.00012595 4.8218e-05
12.968 0.00016468 5.6756e-05
13.026 0.00015226 5.4125e-05
13.084 0.00019392 6.3398e-05
13.142 0.00019403 6.3435e-05
13.2 0.00017768 5.9564e-05
13.258 0.00011033 4.4194e-05
13.316 0.00022066 6.9061e-05
13.374 0.00016588 5.7172e-05
13.432 0.00011021 4.4148e-05
13.49 9.654e-05 4.0766e-05
13.548 0.00019353 6.327e-05
13.606 0.00019253 6.2942e-05
13.664 9.6012e-05 4.0543e-05
13.722 0.00020668 6.6046e-05
13.78 0.00015169 5.3922e-05
13.838 0.0001515 5.3853e-05
13.896 0.0002601 7.7196e-05
13.954 0.00020604 6.5844e-05
14.012 0.00015078 5.3598e-05
14.07 0.00019097 6.2434e-05
14.128 0.00017623 5.9075e-05
14.186 0.00020629 6.5922e-05
14.244 0.00017863 5.9883e-05
14.302 0.00012217 4.6772e-05
14.36 0.00016404 5.6536e-05
14.418 0.00028551 8.2292e-05
14.476 0.00024626 7.429e-05
14.534 0.00028493 8.2123e-05
14.592 0.00023013 7.0661e-05
14.65 0.00024378 7.3542e-05
14.708 0.00016334 5.6295e-05
14.766 0.00010802 4.3269e-05
14.824 0.00016172 5.5738e-05
14.882 0.00017506 5.8684e-05
14.94 0.00014865 5.2843e-05
14.998 0.00014833 5.2727e-05
15.056 0.0001881 6.1495e-05
15.114 0.00028352 8.1717e-05
15.173 0.00019042 6.2253e-05
15.231 0.00020176 6.4476e-05
15.289 0.00016032 5.5254e-05
15.347 0.00025448 7.5528e-05
15.405 9.4654e-05 3.9969e-05
15.463 0.00010722 4.2949e-05
15.521 0.00013364 4.9184e-05
15.579 0.00013423 4.9402e-05
15.637 0.00020112 6.4271e-05
15.695 0.00022649 6.9544e-05
15.753 0.00013336 4.9081e-05
15.811 0.000238 7.1798e-05
15.869 0.00012005 4.5958e-05
15.927 0.0001993 6.369e-05
15.985 0.0001586 5.4662e-05
16.043 0.0001461 5.1934e-05
16.101 0.00018546 6.0632e-05
16.159 0.00018587 6.0767e-05
16.217 0.00018371 6.006e-05
16.275 0.00017121 5.7395e-05
16.333 0.00010539 4.2218e-05
16.391 0.00014515 5.1598e-05
16.449 0.00018478 6.0408e-05
16.507 0.00022368 6.8679e-05
16.565 0.0002367 7.1408e-05
16.623 0.00011771 4.5063e-05
16.681 0.00034225 9.3048e-05
16.739 0.00014315 5.0887e-05
16.797 0.00021021 6.579e-05
16.855 0.00024653 7.3169e-05
16.913 0.00016882 5.6592e-05
16.971 0.00020742 6.4916e-05
17.029 0.00028531 8.1154e-05
17.087 9.0565e-05 3.8243e-05
17.145 0.00014151 5.0305e-05
17.203 3.8823e-05 2.3576e-05
17.261 0.00020544 6.4299e-05
17.319 0.00015473 5.3329e-05
17.377 0.00017795 5.8176e-05
17.435 0.00020472 6.4071e-05
17.493 0.00024334 7.222e-05
17.551 0.00025566 7.4735e-05
17.609 0.00023872 7.0851e-05
17.667 0.00023984 7.1182e-05
17.725 0.0001916 6.1227e-05
17.783 0.00028111 7.9961e-05
17.841 0.00020015 6.2641e-05
17.9 0.00013861 4.9274e-05
17.958 0.00012631 4.6489e-05
18.016 0.00023872 7.085e-05
18.074 0.00016267 5.453e-05
18.132 0.00011351 4.3455e-05
18.19 0.00018808 6.0102e-05
18.248 0.00016154 5.4152e-05
18.306 0.00014887 5.1308e-05
18.364 7.5224e-05 3.3819e-05
18.422 0.00012471 4.5898e-05
18.48 0.00014885 5.1301e-05
18.538 0.00018644 5.9581e-05
18.596 0.00016174 5.422e-05
18.654 0.00022338 6.7388e-05
18.712 0.00017268 5.6453e-05
18.77 0.00024643 7.2036e-05
18.828 0.00022262 6.716e-05
18.886 0.00016044 5.3784e-05
18.944 0.00011058 4.2335e-05
19.002 0.00014705 5.0682e-05
19.06 0.00020867 6.407e-05
19.118 0.00011042 4.2271e-05
19.176 0.00013478 4.7909e-05
19.234 0.00013328 4.7378e-05
19.292 0.00015828 5.3061e-05
19.35 0.0002065 6.3405e-05
19.408 0.00021958 6.6242e-05
19.466 0.00015714 5.2679e-05
19.524 0.00024203 7.0753e-05
19.582 0.00013295 4.7261e-05
19.64 0.00016791 5.4896e-05
19.698 0.00021363 6.4448e-05
19.756 0.00021438 6.4674e-05
19.814 0.00014401 4.9634e-05
19.872 0.0002032 6.2393e-05
19.93 0.00011836 4.356e-05
19.988 0.00013085 4.6512e-05
20.046 0.0002736 7.6867e-05
20.104 0.00012883 4.5794e-05
20.162 0.00016481 5.3881e-05
20.22 0.00027029 7.5939e-05
20.278 0.00017825 5.6962e-05
20.336 0.00012929 4.5958e-05
20.394 0.00020803 6.2759e-05
20.452 0.00017495 5.5906e-05
20.51 0.00020007 6.143e-05
20.568 0.00014055 4.8441e-05
20.626 0.00013904 4.7921e-05
20.685 0.00017351 5.5446e-05
20.743 0.00019673 6.0406e-05
20.801 0.00017347 5.5436e-05
20.859 0.00016015 5.2359e-05
20.917 0.00014948 5.011e-05
20.975 0.00017195 5.4948e-05
21.033 0.00019282 5.9205e-05
21.091 0.00014776 4.9533e-05
21.149 0.00020403 6.1552e-05
21.207 0.00019377 5.9497e-05
21.265 0.00015846 5.1804e-05
21.323 0.00024685 7.0214e-05
21.381 0.00016956 5.4187e-05
21.439 0.00018134 5.6756e-05
21.497 0.0002002 6.0397e-05
21.555 0.00017663 5.5281e-05
21.613 0.0001888 5.7972e-05
21.671 0.00026626 7.3942e-05
21.729 0.00014369 4.8167e-05
21.787 0.00021855 6.3888e-05
21.845 0.00018598 5.7105e-05
21.903 8.7899e-05 3.5209e-05
21.961 0.00013045 4.4961e-05
22.019 0.00011846 4.2111e-05
22.077 0.00015108 4.9391e-05
22.135 0.00017307 5.4166e-05
22.193 0.00026816 7.366e-05
22.251 0.00017035 5.3315e-05
22.309 0.00016031 5.1228e-05
22.367 0.000181 5.5576e-05
22.425 0.00011712 4.1633e-05
22.483 0.00025339 7.0367e-05
22.541 0.00011672 4.1492e-05
22.599 0.00016949 5.3047e-05
22.657 0.00012639 4.3562e-05
22.715 0.00011511 4.0918e-05
22.773 0.00020793 6.0783e-05
22.831 0.00018797 5.6705e-05
22.889 0.00022934 6.5234e-05
22.947 0.00019536 5.7981e-05
23.005 0.00019522 5.7941e-05
23.063 0.00021547 6.2102e-05
23.121 0.00014238 4.6548e-05
23.179 0.00022145 6.2991e-05
23.237 0.0001418 4.6358e-05
23.295 0.00011018 3.9165e-05
23.353 0.00021087 6.0778e-05
23.412 0.00015898 4.9757e-05
23.47 0.00019879 5.8112e-05
23.528 0.00019801 5.7883e-05
23.586 0.00022488 6.318e-05
23.644 9.7323e-05 3.5819e-05
23.702 0.00014577 4.6584e-05
23.76 0.00020376 5.8729e-05
23.818 0.0003176 8.1443e-05
23.876 0.00019225 5.6199e-05
23.934 0.0001811 5.375e-05
23.992 0.00019973 5.7566e-05
24.05 0.00013325 4.3564e-05
24.108 0.00027212 7.1964e-05
24.166 0.00011309 3.8976e-05
24.224 0.00018682 5.4613e-05
24.282 0.00021412 6.0156e-05
24.34 0.00016586 5.0036e-05
24.398 0.00016547 4.9919e-05
24.456 0.0002025 5.7601e-05
24.514 0.00018229 5.3289e-05
24.572 0.00019977 5.6824e-05
24.63 0.00018044 5.2747e-05
24.688 0.00019826 5.6393e-05
24.746 0.00016089 4.8537e-05
24.804 0.00019429 5.5264e-05
24.862 0.00024659 6.5783e-05
24.92 0.0001928 5.4842e-05
24.978 0.00018214 5.2498e-05
25.036 0.00029257 7.4513e-05
25.094 0.00017249 5.0424e-05
25.152 0.00019651 5.5209e-05
25.21 0.00019531 5.4871e-05
25.268 0.00021836 5.9367e-05
25.326 0.00023598 6.2954e-05
25.384 0.00021684 5.8952e-05
25.442 0.0001819 5.1741e-05
25.5 0.00015636 4.6405e-05
25.558 0.00023713 6.2709e-05
25.616 0.00015435 4.5811e-05
25.674 0.00013747 4.2211e-05
25.732 0.00013536 4.1562e-05
25.79 0.00018282 5.1362e-05
25.848 0.00015105 4.483e-05
25.906 0.00021044 5.6659e-05
25.964 0.00017833 5.0101e-05
26.022 0.00011547 3.6899e-05
26.08 0.00019319 5.3066e-05
26.138 0.0001457 4.3241e-05
26.197 0.0001966 5.3451e-05
26.255 0.00015009 4.3875e-05
26.313 0.00012747 3.914e-05
26.371 0.00013333 4.0222e-05
26.429 0.00021126 5.5868e-05
26.487 0.00021672 5.684e-05
26.545 0.00022958 5.9294e-05
26.603 0.00019182 5.1645e-05
26.661 0.00021583 5.6163e-05
26.719 0.00022719 5.8259e-05
26.777 0.0002059 5.4002e-05
26.835 0.00021618 5.5833e-05
26.893 0.00018633 4.9708e-05
26.951 0.00022452 5.7183e-05
27.009 0.0001575 4.3738e-05
27.067 0.00015544 4.3166e-05
27.125 0.00020881 5.3545e-05
27.183 0.0001569 4.31e-05
27.241 0.00019868 5.1314e-05
27.299 0.0001891 4.9206e-05
27.357 0.00016081 4.3297e-05
27.415 0.00021887 5.471e-05
27.473 0.00014638 4.0209e-05
27.531 0.00017233 4.5199e-05
27.589 0.00019125 4.8709e-05
27.647 0.00019925 5.0102e-05
27.705 0.00020089 5.0215e-05
27.763 0.00019686 4.9208e-05
27.821 0.00015617 4.096e-05
27.879 0.00019823 4.8996e-05
27.937 0.00017448 4.4149e-05
27.995 0.00019575 4.8129e-05
28.053 0.00020633 4.9995e-05
28.111 0.00018833 4.6304e-05
28.169 0.0001605 4.0612e-05
28.227 0.00023571 5.4937e-05
28.285 0.00020575 4.8814e-05
28.343 0.00019088 4.5648e-05
28.401 0.00019289 4.5763e-05
28.459 0.00017724 4.2387e-05
28.517 0.00024033 5.4188e-05
28.575 0.00014621 3.5768e-05
28.633 0.00020582 4.6988e-05
28.691 0.00023485 5.2168e-05
28.749 0.00019822 4.4694e-05
28.807 0.00020197 4.4953e-05
28.865 0.00019666 4.3438e-05
28.924 0.00020322 4.4095e-05
28.982 0.00020529 4.3628e-05
29.04 0.00020164 4.1591e-05
29.098 0.00020243 4.2725e-05
29.156 0.00017337 3.7315e-05
29.214 0.00017928 3.6683e-05
29.272 0.00014786 3.878e-05
29.33 0.00018179 4.8945e-05
29.388 0.00021033 4.9021e-05
29.446 0.00015337 3.8807e-05
29.504 0 1
29.562 0 1
29.62 0 1
29.678 0 1
