-29.678 0 1
-29.62 0 1
-29.562 0 1
-29.504 0.0020036 0.00042691
-29.446 0.0023604 0.00046224
-29.388 0.0025076 0.00057255
-29.33 0.0025151 0.00051618
-29.272 0.0024771 0.00036467
-29.214 0.0021362 0.0003529
-29.156 0.0029527 0.00045616
-29.098 0.0023138 0.00035746
-29.04 0.0023408 0.00038566
-28.982 0.0025404 0.00042571
-28.924 0.002496 0.00043088
-28.865 0.0027222 0.00046993
-28.807 0.0025256 0.00045211
-28.749 0.0024687 0.0004526
-28.691 0.0023633 0.0004453
-28.633 0.0018608 0.00038191
-28.575 0.002769 0.00051031
-28.517 0.0029446 0.00053986
-28.459 0.0025666 0.00049581
-28.401 0.0027044 0.00051903
-28.343 0.0022489 0.00046155
-28.285 0.0023324 0.0004787
-28.227 0.0033641 0.00062327
-28.169 0.0021141 0.00045512
-28.111 0.0016215 0.00038631
-28.053 0.0021433 0.0004664
-27.995 0.002278 0.0004904
-27.937 0.0022991 0.00049494
-27.879 0.0013866 0.00036086
-27.821 0.0023841 0.00051324
-27.763 0.0028891 0.00058792
-27.705 0.0020129 0.00046584
-27.647 0.0026679 0.00056284
-27.589 0.0018469 0.000447
-27.531 0.0030115 0.00061808
-27.473 0.0025705 0.00055936
-27.415 0.0018526 0.00045587
-27.357 0.0025645 0.00056436
-27.299 0.0021819 0.00051215
-27.241 0.0017662 0.00045062
-27.183 0.0023086 0.00053427
-27.125 0.0023449 0.00054267
-27.067 0.0031838 0.0006653
-27.009 0.0020381 0.00050152
-26.951 0.0024068 0.000557
-26.893 0.0034942 0.00071713
-26.835 0.0014355 0.00041046
-26.777 0.001733 0.00046064
-26.719 0.003039 0.00066131
-26.661 0.0020774 0.00052023
-26.603 0.0034231 0.00072216
-26.545 0.0026264 0.00060781
-26.487 0.0020389 0.0005202
-26.429 0.0021673 0.00054276
-26.371 0.0014642 0.0004307
-26.313 0.0023227 0.00057155
-26.255 0.003929 0.00080638
-26.197 0.0018264 0.00049657
-26.138 0.0020622 0.00053667
-26.08 0.0017491 0.00048723
-26.022 0.0028344 0.00065595
-25.964 0.0027539 0.0006464
-25.906 0.0021189 0.00055143
-25.848 0.0036762 0.00078328
-25.79 0.002684 0.00063944
-25.732 0.0012427 0.00040461
-25.674 0.0026236 0.00063497
-25.616 0.0022948 0.00058549
-25.558 0.0016123 0.00047424
-25.5 0.0024367 0.00061022
-25.442 0.0030604 0.00070825
-25.384 0.0012967 0.00042217
-25.326 0.0023546 0.00060075
-25.268 0.0036057 0.00079348
-25.21 0.0024093 0.00061469
-25.152 0.0027967 0.00067685
-25.094 0.0015762 0.00047812
-25.036 0.0028116 0.00068046
-24.978 0.002218 0.00058954
-24.92 0.0024539 0.00062608
-24.862 0.0033261 0.00075942
-24.804 0.002982 0.00071044
-24.746 0.0017641 0.0005189
-24.688 0.0027759 0.00068306
-24.63 0.0025386 0.0006477
-24.572 0.0024165 0.00062889
-24.514 0.0024632 0.00064103
-24.456 0.002723 0.00068191
-24.398 0.0024712 0.00064312
-24.34 0.002881 0.00070892
-24.282 0.0021059 0.00058661
-24.224 0.0022397 0.00060894
-24.166 0.0019824 0.00056685
-24.108 0.001606 0.00050385
-24.05 0.0018779 0.00055239
-23.992 0.0033754 0.00079228
-23.934 0.0034869 0.00080695
-23.876 0.0020412 0.00058365
-23.818 0.0031535 0.00076322
-23.76 0.0032882 0.00078341
-23.702 0.0023295 0.00063333
-23.644 0.0027469 0.00070085
-23.586 0.0038692 0.00087214
-23.528 0.0031985 0.00077409
-23.47 0.0030433 0.00074885
-23.412 0.0019546 0.00057495
-23.353 0.0028271 0.00072131
-23.295 0.0025284 0.00067205
-23.237 0.0021067 0.00060238
-23.179 0.0019877 0.00058467
-23.121 0.0022646 0.00063084
-23.063 0.003549 0.00083303
-23.005 0.0032601 0.000789
-22.947 0.0025664 0.00068215
-22.889 0.0030344 0.00075991
-22.831 0.0020201 0.00059422
-22.773 0.0018685 0.00056679
-22.715 0.0017482 0.00054847
-22.657 0.002625 0.00069772
-22.599 0.0013223 0.00046974
-22.541 0.0020547 0.0006044
-22.483 0.0022061 0.00063081
-22.425 0.0040465 0.00092391
-22.367 0.0026535 0.00070531
-22.309 0.0034151 0.00082652
-22.251 0.002251 0.00064365
-22.193 0.0025712 0.00069906
-22.135 0.0028708 0.00074711
-22.077 0.0021128 0.00062149
-22.019 0.002864 0.00074534
-21.961 0.0021348 0.00062796
-21.903 0.0024454 0.00068119
-21.845 0.0019797 0.00060053
-21.787 0.0013752 0.00048854
-21.729 0.0018471 0.00057951
-21.671 0.0021603 0.00063545
-21.613 0.0035483 0.00085876
-21.555 0.003432 0.0008445
-21.497 0.002793 0.00074239
-21.439 0.0018629 0.00058447
-21.381 0.0024829 0.00069163
-21.323 0.0026628 0.00072395
-21.265 0.0025349 0.00070613
-21.207 0.0031251 0.00079732
-21.149 0.0022051 0.00064862
-21.091 0.0034915 0.00085915
-21.033 0.0038135 0.00090855
-20.975 0.0026897 0.00073128
-20.917 0.0022288 0.00065561
-20.859 0.0025681 0.00071536
-20.801 0.0036839 0.00089157
-20.743 0.0022407 0.00065911
-20.685 0.0032341 0.00082515
-20.626 0.001622 0.00055026
-20.568 0.0017715 0.00057677
-20.51 0.0021028 0.00063787
-20.452 0.0030742 0.00080003
-20.394 0.002758 0.00074984
-20.336 0.0016364 0.00055515
-20.278 0.0027841 0.00075694
-20.22 0.0019466 0.00061072
-20.162 0.0021514 0.0006526
-20.104 0.0029562 0.00078577
-20.046 0.0024663 0.00070521
-19.988 0.0031197 0.00081189
-19.93 0.0023184 0.00068196
-19.872 0.002156 0.00065402
-19.814 0.0016556 0.00056167
-19.756 0.0028023 0.00076188
-19.698 0.002502 0.00071541
-19.64 0.0035338 0.00088497
-19.582 0.001335 0.00049967
-19.524 0.00083184 0.00038579
-19.466 0.00168 0.00056995
-19.408 0.0015197 0.00053989
-19.35 0.0020262 0.0006357
-19.292 0.0020079 0.00062996
-19.234 0.0013491 0.00050494
-19.176 0.0027138 0.00075595
-19.118 0.0028699 0.00078026
-19.06 0.002706 0.00075377
-19.002 0.0013624 0.00050993
-18.944 0.0023996 0.00070585
-18.886 0.001872 0.00060948
-18.828 0.0027267 0.00075953
-18.77 0.0023926 0.00070378
-18.712 0.0020734 0.00065049
-18.654 0.0027315 0.00076088
-18.596 0.0029258 0.00079547
-18.538 0.0017324 0.00058773
-18.48 0.0029383 0.00079887
-18.422 0.0018962 0.00061738
-18.364 0.0015524 0.0005515
-18.306 0.0026182 0.00074866
-18.248 0.0040023 0.00096862
-18.19 0.0020966 0.00065776
-18.132 0.0022435 0.00068054
-18.074 0.0027856 0.00077595
-18.016 0.0015758 0.00055979
-17.958 0.0017532 0.00059477
-17.9 0.0033173 0.0008633
-17.841 0.0021308 0.00066849
-17.783 0.0023021 0.00069834
-17.725 0.0017618 0.00059771
-17.667 0.0022867 0.00069367
-17.609 0.0017908 0.00060753
-17.551 0.0016015 0.00056894
-17.493 0.0023203 0.00070386
-17.435 0.0022939 0.00069583
-17.377 0.0030358 0.00082537
-17.319 0.0028584 0.00079624
-17.261 0.0021549 0.00067606
-17.203 0.001604 0.00056983
-17.145 0.0010712 0.00045667
-17.087 0.0032276 0.00085789
-17.029 0.0019836 0.00064584
-16.971 0.0025066 0.00073731
-16.913 0.0028799 0.00080223
-16.855 0.0025065 0.00073728
-16.797 0.0023475 0.00071211
-16.739 0.0032444 0.00086238
-16.681 0.0010794 0.00046019
-16.623 0.0019998 0.0006511
-16.565 0.0023509 0.00071312
-16.507 0.0023332 0.00070778
-16.449 0.0016311 0.00057945
-16.391 0.0021715 0.00068129
-16.333 0.002702 0.00077262
-16.275 0.00090773 0.00042099
-16.217 0.0014556 0.00054482
-16.159 0.0010921 0.0004656
-16.101 0.0029175 0.00081271
-16.043 0.0021817 0.00068446
-15.985 0.0025344 0.0007455
-15.927 0.0014638 0.00054788
-15.869 0.0025533 0.00075104
-15.811 0.0018301 0.00062087
-15.753 0.0029364 0.00081797
-15.695 0.002568 0.00075538
-15.637 0.0018358 0.00062282
-15.579 0.003832 0.00095963
-15.521 0.0018407 0.00062448
-15.463 0.0022121 0.00069402
-15.405 0.0020395 0.00066403
-15.347 0.0020243 0.00065908
-15.289 0.0024176 0.00073337
-15.231 0.0022402 0.00070283
-15.173 0.0018621 0.00063172
-15.114 0.0035024 0.00091149
-15.056 0.0020476 0.00066666
-14.998 0.0022319 0.00070021
-14.94 0.0020582 0.00067012
-14.882 0.0018622 0.00063177
-14.824 0.0033667 0.00089488
-14.766 0.0028088 0.00080314
-14.708 0.0013152 0.0005227
-14.65 0.0016644 0.00059128
-14.592 0.0024443 0.00074147
-14.534 0.0035857 0.00093316
-14.476 0.0011286 0.00048117
-14.418 0.0015112 0.00056561
-14.36 0.0031896 0.0008672
-14.302 0.0018889 0.00064081
-14.244 0.0011313 0.0004823
-14.186 0.0024513 0.00074358
-14.128 0.0028266 0.00080825
-14.07 0.0022681 0.00071156
-14.012 0.0024296 0.00073701
-13.954 0.0022528 0.00070678
-13.896 0.0033924 0.00090171
-13.838 0.0024645 0.00074759
-13.78 0.0032189 0.00087515
-13.722 0.0030097 0.00083837
-13.664 0.0028321 0.0008098
-13.606 0.00095462 0.00044273
-13.548 0.0013247 0.00052649
-13.49 0.0026565 0.00078141
-13.432 0.0017177 0.00061023
-13.374 0.0015234 0.00057022
-13.316 0.0034217 0.0009095
-13.258 0.0022892 0.0007182
-13.2 0.0024833 0.00075329
-13.142 0.0024902 0.00075538
-13.084 0.0019192 0.00065108
-13.026 0.0020976 0.00068294
-12.968 0.0028964 0.0008282
-12.91 0.0025087 0.00076101
-12.852 0.0021149 0.00068857
-12.794 0.0022857 0.00071709
-12.736 0.0013381 0.00053182
-12.678 0.0023022 0.00072228
-12.62 0.0030882 0.00086024
-12.562 0.0015283 0.00057202
-12.504 0.0021113 0.00068742
-12.446 0.0017539 0.00062307
-12.388 0.0017194 0.00061081
-12.329 0.0038421 0.00098026
-12.271 0.0017337 0.00061591
-12.213 0.0019313 0.00065519
-12.155 0.0017353 0.00061649
-12.097 0.0025076 0.00076067
-12.039 0.0021329 0.00069443
-11.981 0.0017484 0.00062111
-11.923 0.00096945 0.00044962
-11.865 0.0021195 0.00069008
-11.807 0.0019495 0.00066138
-11.749 0.0031218 0.0008696
-11.691 0.0017435 0.0006194
-11.633 0.0023108 0.00072498
-11.575 0.0023324 0.00073175
-11.517 0.0013653 0.0005426
-11.459 0.0029005 0.00082938
-11.401 0.0019585 0.00066445
-11.343 0.0019461 0.00066022
-11.285 0.0015625 0.00058485
-11.227 0.0017477 0.00062087
-11.169 0.0025125 0.00076214
-11.111 0.00077766 0.0004004
-11.053 0.0019602 0.00066502
-10.995 0.0025327 0.00076829
-10.937 0.0011596 0.00049438
-10.879 0.0019517 0.00066212
-10.821 0.0023591 0.00074011
-10.763 0.0023422 0.00073483
-10.705 0.0023407 0.00073436
-10.647 0.0011772 0.00050188
-10.589 0.0015724 0.00058855
-10.531 0.0031527 0.0008782
-10.473 0.002135 0.0006951
-10.415 0.0021511 0.00070037
-10.357 0.002165 0.00070488
-10.299 0.0039536 0.0010087
-10.241 0.0017691 0.00062848
-10.183 0.0039154 0.00099896
-10.125 0.0025597 0.00077647
-10.067 0.0021767 0.00070871
-10.009 0.002547 0.00077263
-9.9506 0.002762 0.00081244
-9.8926 0.0025682 0.00077906
-9.8346 0.002766 0.00081362
-9.7766 0.0031516 0.0008779
-9.7185 0.0015936 0.00059646
-9.6605 0.0019732 0.00066943
-9.6025 0.0019809 0.00067202
-9.5445 0.0017621 0.00062599
-9.4864 0.0023629 0.00074132
-9.4284 0.002187 0.00071206
-9.3704 0.0031582 0.00087976
-9.3124 0.0013762 0.00054695
-9.2544 0.002791 0.00082097
-9.1963 0.00179 0.00063591
-9.1383 0.0019774 0.00067085
-9.0803 0.0033484 0.00091037
-9.0223 0.0015929 0.0005962
-8.9643 0.0023899 0.0007498
-8.9062 0.0016013 0.00059936
-8.8482 0.0025677 0.00077891
-8.7902 0.0015875 0.00059421
-8.7322 0.002794 0.00082186
-8.6742 0.0024145 0.00075752
-8.6161 0.003153 0.0008783
-8.5581 0.0026006 0.00078887
-8.5001 0.0032078 0.00089357
-8.4421 0.0013911 0.00055287
-8.384 0.002568 0.00077899
-8.326 0.0017926 0.00063683
-8.268 0.0037812 0.00098404
-8.21 0.00059644 0.00035207
-8.152 0.0029882 0.00085444
-8.0939 0.0019942 0.00067653
-8.0359 0.0022205 0.00072297
-7.9779 0.0018022 0.00064026
-7.9199 0.0021888 0.00071262
-7.8619 0.0011965 0.00051013
-7.8038 0.0030293 0.0008662
-7.7458 0.0025964 0.00078759
-7.6878 0.001603 0.0006
-7.6298 0.0039778 0.0010149
-7.5718 0.0018001 0.0006395
-7.5137 0.0016132 0.0006038
-7.4557 0.0027865 0.00081966
-7.3977 0.0022059 0.0007182
-7.3397 0.0028176 0.00082878
-7.2816 0.0028109 0.00082682
-7.2236 0.0011993 0.00051129
-7.1656 0.0020494 0.00069527
-7.1076 0.0026493 0.00080365
-7.0496 0.0023893 0.00074959
-6.9915 0.0034424 0.00093593
-6.9335 0.0028438 0.00083651
-6.8755 0.0018075 0.00064213
-6.8175 0.0018243 0.00064809
-6.7595 0.0014058 0.00055872
-6.7014 0.0018086 0.00064252
-6.6434 0.002665 0.00080841
-6.5854 0.002204 0.00071759
-6.5274 0.0018149 0.00064475
-6.4694 0.0013976 0.00055546
-6.4113 0.0014249 0.00056631
-6.3533 0.0014189 0.00056391
-6.2953 0.0028286 0.00083204
-6.2373 0.0015972 0.00059782
-6.1792 0.0022672 0.00073815
-6.1212 0.0024157 0.00075787
-6.0632 0.002201 0.00071661
-6.0052 0.002398 0.00075232
-5.9472 0.0026789 0.00081262
-5.8891 0.0023954 0.00075153
-5.8311 0.0022 0.00071627
-5.7731 0.0018374 0.00065273
-5.7151 0.0030008 0.00085806
-5.6571 0.0022436 0.00073048
-5.599 0.0016201 0.0006064
-5.541 0.0028008 0.00082386
-5.483 0.0021936 0.0007142
-5.425 0.0022388 0.0007289
-5.3669 0.0019951 0.00067684
-5.3089 0.0016184 0.00060576
-5.2509 0.0026376 0.0008001
-5.1929 0.0018219 0.00064722
-5.1349 0.0024087 0.00075568
-5.0768 0.0010083 0.00046763
-5.0188 0.0020239 0.00068663
-4.9608 0.0010099 0.00046839
-4.9028 0.0022068 0.00071851
-4.8448 0.0026117 0.00079226
-4.7867 0.0016272 0.00060906
-4.7287 0.0018019 0.00064012
-4.6707 0.0014121 0.00056123
-4.6127 0.0016145 0.00060429
-4.5547 0.0016258 0.00060852
-4.4966 0.002635 0.0007993
-4.4386 0.0018213 0.00064703
-4.3806 0.0024062 0.00075489
-4.3226 0.0014205 0.00056455
-4.2645 0.0026398 0.00080076
-4.2065 0.0018277 0.00064929
-4.1485 0.0010116 0.00046916
-4.0905 0.0024398 0.00076544
-4.0325 0.002637 0.00079993
-3.9744 0.0012104 0.00051602
-3.9164 0.0042688 0.001069
-3.8584 0.0018339 0.00065152
-3.8004 0.0014313 0.00056886
-3.7424 0.0024332 0.00076337
-3.6843 0.001419 0.00056395
-3.6263 0.0028656 0.00084292
-3.5683 0.0014232 0.00056563
-3.5103 0.0022375 0.00072849
-3.4523 0.0016416 0.00061444
-3.3942 0.0020285 0.00068818
-3.3362 0.0020347 0.00069028
-3.2782 0.0030825 0.0008814
-3.2202 0.0030696 0.00087772
-3.1621 0.0026163 0.00079364
-3.1041 0.0024641 0.00077307
-3.0461 0.0032206 0.00089714
-2.9881 0.002423 0.00076018
-2.9301 0.0018964 0.0006737
-2.872 0.0021968 0.00071525
-2.814 0.0032863 0.00091543
-2.756 0.0032588 0.00090777
-2.698 0.0030373 0.00086847
-2.64 0.0014625 0.00058126
-2.5819 0.0041366 0.0010359
-2.5239 0.0027303 0.00082823
-2.4659 0.0027131 0.00079807
-2.4079 0.0030004 0.00088255
-2.3499 0.0021679 0.00070585
-2.2918 0.0032776 0.000913
-2.2338 0.0038205 0.00099426
-2.1758 0.0014584 0.00057961
-2.1178 0.0030695 0.00087768
-2.0597 0.0017455 0.00062011
-2.0017 0.0033173 0.00094854
-1.9437 0.0035276 0.00093764
-1.8857 0.003438 0.00093474
-1.8277 0.0025457 0.00079866
-1.7696 0.0018051 0.00064126
-1.7116 0.003622 0.00096274
-1.6536 0.0043222 0.0010824
-1.5956 0.004951 0.0011982
-1.5376 0.0039549 0.00099042
-1.4795 0.0048398 0.0011713
-1.4215 0.005213 0.0012064
-1.3635 0.0055507 0.0012846
-1.3055 0.0067205 0.0014044
-1.2475 0.0076339 0.0015535
-1.1894 0.0087731 0.0017181
-1.1314 0.010034 0.0018798
-1.0734 0.013613 0.0024156
-1.0154 0.013944 0.002382
-0.95735 0.017575 0.0028731
-0.89933 0.017801 0.0029099
-0.84131 0.022824 0.0034936
-0.78328 0.019924 0.0031892
-0.72526 0.028984 0.0043272
-0.66724 0.030329 0.0044392
-0.60922 0.028658 0.0042499
-0.5512 0.030428 0.0045273
-0.49318 0.029488 0.0043825
-0.43516 0.030744 0.0045085
-0.37714 0.028314 0.0042127
-0.31912 0.029826 0.0044478
-0.26109 0.027272 0.0041168
-0.20307 0.032409 0.0047665
-0.14505 0.022188 0.0034448
-0.087032 0.030178 0.0044563
-0.029011 0.019392 0.003072
0.029011 0.019179 0.0030633
0.087032 0.015698 0.0026228
0.14505 0.018195 0.0029743
0.20307 0.0085063 0.0016903
0.26109 0.0092663 0.0018021
0.31912 0.0060421 0.0013297
0.37714 0.0063155 0.0013596
0.43516 0.0053034 0.0012273
0.49318 0.0040573 0.0010559
0.5512 0.0037977 0.00098832
0.60922 0.0038591 0.00098459
0.66724 0.0035761 0.00097226
0.72526 0.0031075 0.00088856
0.78328 0.002287 0.00071751
0.84131 0.0024941 0.00078247
0.89933 0.0011945 0.00050926
0.95735 0.0018037 0.00064079
1.0154 0.001547 0.00061483
1.0734 0.0022076 0.00071876
1.1314 0.0032975 0.00091855
1.1894 0.0023911 0.00075016
1.2475 0.002912 0.00083264
1.3055 0.001317 0.00056147
1.3635 0.0022557 0.00073441
1.4215 0.0012639 0.00053883
1.4795 0.001893 0.00064222
1.5376 0.0025925 0.00081334
1.5956 0.0010302 0.00047779
1.6536 0.0025857 0.00078435
1.7116 0.0012288 0.00052386
1.7696 0.0029468 0.0008668
1.8277 0.0022241 0.00072413
1.8857 0.0019807 0.00067196
1.9437 0.0019887 0.0007065
2.0017 0.0023401 0.00073417
2.0597 0.0018621 0.00066153
2.1178 0.0024624 0.00077255
2.1758 0.0010395 0.00048209
2.2338 0.0018474 0.0006563
2.2918 0.0028205 0.00082965
2.3499 0.0025866 0.00081151
2.4079 0.0029559 0.00084521
2.4659 0.0021227 0.00072014
2.5239 0.0021807 0.00071001
2.5819 0.0018953 0.0006733
2.64 0.0028842 0.00084838
2.698 0.0014233 0.00056567
2.756 0.0022768 0.00074129
2.814 0.0018032 0.00064058
2.872 0.0014936 0.0005936
2.9301 0.0012277 0.0005234
2.9881 0.0026589 0.00080658
3.0461 0.0029331 0.00086276
3.1041 0.0026881 0.00081541
3.1621 0.0024458 0.00076734
3.2202 0.0029025 0.00085377
3.2782 0.0026569 0.00080597
3.3362 0.00348 0.00094613
3.3942 0.0014507 0.00057654
3.4523 0.0033031 0.00092011
3.5103 0.0026729 0.00081082
3.5683 0.0014324 0.0005693
3.6263 0.0018484 0.00065666
3.6843 0.0018443 0.0006552
3.7424 0.0028779 0.00084652
3.8004 0.0028991 0.00085278
3.8584 0.0026843 0.00081426
3.9164 0.0016281 0.00060937
3.9744 0.0016626 0.00062231
4.0325 0.0024787 0.00077766
4.0905 0.0033203 0.00092491
4.1485 0.0020471 0.00069448
4.2065 0.0024806 0.00077826
4.2645 0.0018663 0.00066301
4.3226 0.0012304 0.00052457
4.3806 0.0014355 0.00057051
4.4386 0.0045325 0.0011153
4.4966 0.0049795 0.0011864
4.5547 0.0018352 0.00065196
4.6127 0.0014356 0.00057055
4.6707 0.0024527 0.0007695
4.7287 0.0016552 0.00061951
4.7867 0.0022728 0.00073998
4.8448 0.0018472 0.00065623
4.9028 0.0026652 0.00080848
4.9608 0.0018413 0.00065414
5.0188 0.0016334 0.00061137
5.0768 0.0022445 0.00073077
5.1349 0.0020593 0.00069862
5.1929 0.0012332 0.00052575
5.2509 0.0016306 0.00061032
5.3089 0.0018237 0.00064789
5.3669 0.002484 0.00077932
5.425 0.0028614 0.00084169
5.483 0.0022657 0.00073768
5.541 0.0014353 0.00057044
5.599 0.0016479 0.00061681
5.6571 0.001641 0.00061422
5.7151 0.0020909 0.00070937
5.7731 0.0014374 0.00057125
5.8311 0.0024701 0.00077495
5.8891 0.0020844 0.00070714
5.9472 0.0020406 0.00069229
6.0052 0.0029015 0.00085348
6.0632 0.00082566 0.00042511
6.1212 0.0018733 0.00066548
6.1792 0.0026688 0.00080955
6.2373 0.0014393 0.00057202
6.2953 0.0020613 0.0006993
6.3533 0.0014637 0.00058171
6.4113 0.0026328 0.00079865
6.4694 0.0025075 0.00078669
6.5274 0.002259 0.0007355
6.5854 0.003369 0.00093847
6.6434 0.0016574 0.00062034
6.7014 0.00103 0.00047768
6.7595 0.0031142 0.00089047
6.8175 0.0020649 0.00070052
6.8755 0.0016608 0.00062161
6.9335 0.0033118 0.00092254
6.9915 0.0018316 0.0006507
7.0496 0.0018761 0.0006665
7.1076 0.0022992 0.00074857
7.1656 0.002455 0.00077021
7.2236 0.0022531 0.00073358
7.2816 0.0026717 0.00081045
7.3397 0.0018638 0.00066214
7.3977 0.0022698 0.00073901
7.4557 0.0028868 0.00084914
7.5137 0.0016587 0.00062083
7.5718 0.0028815 0.00084758
7.6298 0.0028717 0.00084471
7.6878 0.001029 0.00047723
7.7458 0.0018605 0.00066095
7.8038 0.0018531 0.00065833
7.8619 0.0024549 0.00077018
7.9199 0.002646 0.00080264
7.9779 0.0024853 0.00077971
8.0359 0.0024808 0.00077832
8.0939 0.0018435 0.00065491
8.152 0.0026591 0.00080664
8.21 0.0012402 0.00052875
8.268 0.0022385 0.00072882
8.326 0.0018363 0.00065234
8.384 0.0024362 0.00076433
8.4421 0.0028754 0.0008458
8.5001 0.0028647 0.00084265
8.5581 0.0028351 0.00083394
8.6161 0.0022396 0.00072919
8.6742 0.0018282 0.00064947
8.7322 0.0024529 0.00076954
8.7902 0.0022403 0.0007294
8.8482 0.0020497 0.00069537
8.9062 0.0016289 0.00060967
8.9643 0.0022483 0.00073201
9.0223 0.0044639 0.0010984
9.0803 0.0020357 0.00069062
9.1383 0.0018427 0.00065462
9.1963 0.0041015 0.0010464
9.2544 0.0018227 0.00064751
9.3124 0.0028491 0.00083804
9.3704 0.0033013 0.00091961
9.4284 0.0018333 0.0006513
9.4864 0.0018294 0.00064991
9.5445 0.0018456 0.00065565
9.6025 0.0014296 0.00056819
9.6605 0.0018345 0.00065173
9.7185 0.0022261 0.00072478
9.7766 0.0022308 0.0007263
9.8346 0.0020272 0.00068775
9.8926 0.0026325 0.00079855
9.9506 0.0010098 0.00046835
10.009 0.0016271 0.00060902
10.067 0.0020442 0.00069351
10.125 0.001803 0.00064053
10.183 0.0022181 0.00072217
10.241 0.0016343 0.00061172
10.299 0.002641 0.00080113
10.357 0.0020101 0.00068193
10.415 0.0034293 0.00093235
10.473 0.002422 0.00075986
10.531 0.001822 0.00064727
10.589 0.0020253 0.0006871
10.647 0.0012038 0.00051321
10.705 0.0014205 0.00056455
10.763 0.0022138 0.00072079
10.821 0.0020253 0.0006871
10.879 0.002812 0.00082714
10.937 0.0014071 0.00055923
10.995 0.0024263 0.00076121
11.053 0.00081014 0.00041712
11.111 0.0018025 0.00064034
11.169 0.0024224 0.00075999
11.227 0.002018 0.00068462
11.285 0.0026011 0.00078904
11.343 0.0030089 0.00086035
11.401 0.0024021 0.00075362
11.459 0.0026217 0.00079527
11.517 0.0028442 0.00083663
11.575 0.002004 0.00067986
11.633 0.0028133 0.00082754
11.691 0.0022118 0.00072013
11.749 0.0025989 0.00078837
11.807 0.0022092 0.00071926
11.865 0.0018111 0.00064341
11.923 0.0030158 0.00086233
11.981 0.0036281 0.00096435
12.039 0.0025786 0.0007822
12.097 0.00080224 0.00041305
12.155 0.0020082 0.00068131
12.213 0.0019905 0.00067531
12.271 0.0017936 0.0006372
12.329 0.0023966 0.0007519
12.388 0.0024143 0.00075745
12.446 0.0017855 0.00063431
12.504 0.0025704 0.00077972
12.562 0.002379 0.00074637
12.62 0.0017864 0.00063464
12.678 0.0021931 0.00071402
12.736 0.0017768 0.00063122
12.794 0.0033527 0.00091153
12.852 0.0019773 0.00067083
12.91 0.0025899 0.00078562
12.968 0.0023443 0.00073547
13.026 0.0023646 0.00074185
13.084 0.0019718 0.00066896
13.142 0.0011838 0.0005047
13.2 0.0033077 0.0008993
13.258 0.0031412 0.000875
13.316 0.0017669 0.00062771
13.374 0.0017711 0.00062918
13.432 0.0027457 0.00080765
13.49 0.002945 0.00084208
13.548 0.0021646 0.00070477
13.606 0.0021534 0.00070112
13.664 0.0021478 0.00069929
13.722 0.0035306 0.00093844
13.78 0.0027483 0.00080841
13.838 0.0029409 0.00084091
13.896 0.0019488 0.00066114
13.954 0.0031287 0.00087153
14.012 0.0025367 0.00076949
14.07 0.0027186 0.00079967
14.128 0.0034735 0.00092328
14.186 0.0013704 0.00054465
14.244 0.0021517 0.00070057
14.302 0.0021257 0.00069208
14.36 0.0033082 0.00089942
14.418 0.0015484 0.00057954
14.476 0.0033108 0.00090015
14.534 0.0021246 0.00069174
14.592 0.0019271 0.00065378
14.65 0.0025063 0.00076028
14.708 0.0021314 0.00069396
14.766 0.0034599 0.00091964
14.824 0.0015348 0.00057447
14.882 0.0023004 0.0007217
14.94 0.0032704 0.00088917
14.998 0.0019196 0.00065123
15.056 0.0017214 0.00061153
15.114 0.0013454 0.00053469
15.173 0.0029043 0.00083046
15.231 0.0022978 0.00072089
15.289 0.0013313 0.00052909
15.347 0.0019067 0.00064686
15.405 0.0023099 0.0007247
15.463 0.0028619 0.00081833
15.521 0.0024731 0.00075022
15.579 0.0024841 0.00075354
15.637 0.0026722 0.00078603
15.695 0.002276 0.00071404
15.753 0.002468 0.00074865
15.811 0.0020705 0.00067411
15.869 0.0030381 0.00084629
15.927 0.0024589 0.00074589
15.985 0.001317 0.00052342
16.043 0.002647 0.00077861
16.101 0.0020744 0.00067538
16.159 0.002835 0.00081064
16.217 0.0022416 0.00070327
16.275 0.0018749 0.00063606
16.333 0.0024381 0.00073958
16.391 0.0018785 0.00063728
16.449 0.0015031 0.00056259
16.507 0.0022476 0.00070516
16.565 0.0033696 0.00089565
16.623 0.002048 0.00066679
16.681 0.0026234 0.00077168
16.739 0.0027789 0.0007946
16.797 0.0014962 0.00056003
16.855 0.0020319 0.00066154
16.913 0.0036973 0.00094331
16.971 0.00203 0.00066092
17.029 0.0012923 0.0005136
17.087 0.0023943 0.0007263
17.145 0.0021977 0.00068949
17.203 0.0025791 0.00075865
17.261 0.002559 0.00075274
17.319 0.003304 0.00087822
17.377 0.0025332 0.00074514
17.435 0.0018214 0.00061793
17.493 0.0014585 0.00054592
17.551 0.0027296 0.00078049
17.609 0.0019675 0.00064058
17.667 0.0030549 0.00083056
17.725 0.0018183 0.00061688
17.783 0.0023647 0.00071732
17.841 0.0021369 0.00067042
17.9 0.0028702 0.00079952
17.958 0.0030569 0.00083111
18.016 0.002504 0.00073656
18.074 0.0026719 0.000764
18.132 0.0035908 0.00091614
18.19 0.0023204 0.00070388
18.248 0.0028303 0.0007884
18.306 0.0019426 0.00063249
18.364 0.0012493 0.00049653
18.422 0.0021304 0.00066838
18.48 0.0021189 0.00066478
18.538 0.0024772 0.00072867
18.596 0.0012398 0.00049273
18.654 0.0030033 0.00081653
18.712 0.0022826 0.00069241
18.77 0.0024556 0.00072232
18.828 0.0031692 0.00084237
18.886 0.0021083 0.00066144
18.944 0.0027986 0.00077957
19.002 0.0024423 0.00071839
19.06 0.0013979 0.00052322
19.118 0.0022704 0.00068873
19.176 0.0022675 0.00068782
19.234 0.0022423 0.00068019
19.292 0.0031199 0.00082928
19.35 0.0036313 0.00090939
19.408 0.0013893 0.00051999
19.466 0.0025812 0.00073807
19.524 0.0036178 0.00090599
19.582 0.0024088 0.00070856
19.64 0.0020489 0.0006428
19.698 0.0020275 0.00063608
19.756 0.0022041 0.00066861
19.814 0.0022209 0.0006737
19.872 0.0017016 0.00057728
19.93 0.0025273 0.00072267
19.988 0.0018627 0.00060645
20.046 0.0033868 0.00086411
20.104 0.0015005 0.00053305
20.162 0.0011731 0.00046622
20.22 0.0020076 0.00062983
20.278 0.0025375 0.00072558
20.336 0.003179 0.00082731
20.394 0.0024679 0.00070567
20.452 0.0029886 0.00079436
20.51 0.0020104 0.00063073
20.568 0.0030012 0.00079773
20.626 0.0018144 0.00059073
20.685 0.0021406 0.00064935
20.743 0.0023064 0.00067843
20.801 0.0026341 0.00073376
20.859 0.0029313 0.00077914
20.917 0.0024553 0.00070207
20.975 0.0027742 0.00075424
21.033 0.0020991 0.00063674
21.091 0.0038833 0.00092518
21.149 0.0027432 0.00074581
21.207 0.0017849 0.00058113
21.265 0.0014501 0.00051515
21.323 0.001757 0.00057205
21.381 0.0019311 0.00060585
21.439 0.0024202 0.00069203
21.497 0.002375 0.00067911
21.555 0.0029859 0.00077705
21.613 0.0011067 0.00043985
21.671 0.0028428 0.00075562
21.729 0.0014161 0.00050307
21.787 0.0029557 0.00076919
21.845 0.0028033 0.00074512
21.903 0.002659 0.00072293
21.961 0.0021666 0.0006373
22.019 0.0030662 0.0007823
22.077 0.0026115 0.00071002
22.135 0.0024637 0.0006863
22.193 0.0022905 0.00065493
22.251 0.0025766 0.00070051
22.309 0.004412 0.00098238
22.367 0.0016673 0.00054283
22.425 0.002122 0.00062417
22.483 0.0018036 0.00056583
22.541 0.002568 0.00069818
22.599 0.0019604 0.00059469
22.657 0.0019492 0.00059128
22.715 0.0026814 0.00071272
22.773 0.002516 0.00068406
22.831 0.0031218 0.00078178
22.889 0.0023744 0.0006614
22.947 0.0030738 0.00076977
23.005 0.0024866 0.00067605
23.063 0.0018988 0.00057599
23.121 0.0020269 0.0005962
23.179 0.0017196 0.00053949
23.237 0.002307 0.00064263
23.295 0.0028517 0.00072757
23.353 0.002716 0.00070682
23.412 0.0026875 0.00069941
23.47 0.0022639 0.00063064
23.528 0.0029597 0.00074119
23.586 0.002227 0.00062035
23.644 0.0029094 0.00072861
23.702 0.0026286 0.00068406
23.76 0.0033151 0.00078981
23.818 0.0017811 0.00054029
23.876 0.0027368 0.00069825
23.934 0.0028495 0.00071359
23.992 0.0028432 0.00071202
24.05 0.0028454 0.00071257
24.108 0.0017365 0.00052677
24.166 0.0025489 0.00066335
24.224 0.0030585 0.00074021
24.282 0.002783 0.00069695
24.34 0.0028858 0.00071011
24.398 0.0022247 0.00060486
24.456 0.0020966 0.00058401
24.514 0.0019463 0.00055652
24.572 0.0024561 0.00063918
24.63 0.0028255 0.00069527
24.688 0.0021809 0.00059294
24.746 0.0027993 0.00068883
24.804 0.0033944 0.00077502
24.862 0.0022566 0.00059982
24.92 0.0029942 0.00071336
24.978 0.0027164 0.00066842
25.036 0.0029399 0.00070042
25.094 0.0017189 0.00050561
25.152 0.0024325 0.00062063
25.21 0.0024177 0.00061684
25.268 0.0023912 0.00061007
25.326 0.0028795 0.00068603
25.384 0.0016621 0.00048891
25.442 0.0022364 0.00058201
25.5 0.0026944 0.0006521
25.558 0.0018624 0.00051879
25.616 0.0018504 0.00051543
25.674 0.001957 0.00053208
25.732 0.0021536 0.00056047
25.79 0.0023762 0.00059507
25.848 0.0018107 0.0005044
25.906 0.00233 0.0005835
25.964 0.0020971 0.00054577
26.022 0.0029588 0.00067556
26.08 0.0026401 0.000629
26.138 0.0022924 0.00057408
26.197 0.0026911 0.00063167
26.255 0.0016025 0.0004582
26.313 0.0034158 0.00073535
26.371 0.0030579 0.00068088
26.429 0.0026963 0.00062398
26.487 0.0028795 0.00064906
26.545 0.0024512 0.00058398
26.603 0.0021238 0.00053187
26.661 0.003469 0.00072489
26.719 0.0022542 0.00054555
26.777 0.002638 0.00060232
26.835 0.0022119 0.00053532
26.893 0.0018946 0.0004834
26.951 0.0022561 0.00053752
27.009 0.0026157 0.00058961
27.067 0.0021206 0.00051322
27.125 0.0027924 0.00060764
27.183 0.002323 0.00053759
27.241 0.0018561 0.00046483
27.299 0.0027788 0.00059821
27.357 0.002374 0.00053513
27.415 0.0024421 0.00054376
27.473 0.003084 0.00063295
27.531 0.0017173 0.00043006
27.589 0.0031229 0.00063031
27.647 0.0018909 0.00045051
27.705 0.0027825 0.00057614
27.763 0.0024238 0.00052178
27.821 0.0017786 0.00042374
27.879 0.0023877 0.00050875
27.937 0.0023419 0.00049899
27.995 0.0022989 0.00048983
28.053 0.0029373 0.00057522
28.111 0.002815 0.00055523
28.169 0.0024807 0.00050481
28.227 0.0026591 0.00052448
28.285 0.0032951 0.00060413
28.343 0.0023628 0.00047312
28.401 0.0024599 0.00048173
28.459 0.0025231 0.00048425
28.517 0.0025264 0.00047888
28.575 0.0019291 0.00039257
28.633 0.0025393 0.00047046
28.691 0.0025539 0.00046587
28.749 0.0028652 0.00049831
28.807 0.0025917 0.00045425
28.865 0.0025009 0.00043332
28.924 0.002422 0.00041234
28.982 0.0026955 0.00043146
29.04 0.0025244 0.00038416
29.098 0.0026722 0.00042165
29.156 0.002173 0.00035996
29.214 0.0023395 0.0003477
29.272 0.0017541 0.00041172
29.33 0.0023004 0.00054805
29.388 0.0017513 0.00038109
29.446 0.0021833 0.00045623
29.504 0 1
29.562 0 1
29.62 0 1
29.678 0 1
