-29.678 0 1
-29.62 0 1
-29.562 0 1
-29.504 0.0001199 3.5475e-05
-29.446 0.00013122 3.6738e-05
-29.388 0.0001641 5.0241e-05
-29.33 0.00013424 3.9716e-05
-29.272 0.00013042 2.8542e-05
-29.214 0.00015163 3.483e-05
-29.156 0.00018844 4.1795e-05
-29.098 0.00016877 3.6745e-05
-29.04 0.00017881 4.0499e-05
-28.982 0.00011659 2.9568e-05
-28.924 0.00011827 3.065e-05
-28.865 0.00014147 3.5878e-05
-28.807 0.00013793 3.5745e-05
-28.749 0.00012829 3.4411e-05
-28.691 0.00014537 3.8294e-05
-28.633 0.00015159 3.9932e-05
-28.575 0.0001249 3.4968e-05
-28.517 0.00016436 4.3295e-05
-28.459 0.00012449 3.5763e-05
-28.401 0.00013443 3.8109e-05
-28.343 0.00010739 3.2879e-05
-28.285 0.00022932 5.7777e-05
-28.227 0.000195 5.1366e-05
-28.169 0.00010987 3.4289e-05
-28.111 0.00018257 4.9453e-05
-28.053 0.00016528 4.6274e-05
-27.995 0.00011838 3.6947e-05
-27.937 0.00014935 4.3518e-05
-27.879 0.00015929 4.576e-05
-27.821 7.7436e-05 2.8442e-05
-27.763 0.00015804 4.6052e-05
-27.705 9.6563e-05 3.3204e-05
-27.647 0.00015496 4.5847e-05
-27.589 9.181e-05 3.2565e-05
-27.531 0.00014381 4.4029e-05
-27.473 0.00013789 4.3036e-05
-27.415 0.0001663 4.9202e-05
-27.357 0.00018658 5.36e-05
-27.299 0.00010886 3.7431e-05
-27.241 0.00014686 4.5835e-05
-27.183 0.00017535 5.188e-05
-27.125 0.00011249 3.868e-05
-27.067 0.00017964 5.3149e-05
-27.009 0.00012518 4.186e-05
-26.951 0.00018281 5.4087e-05
-26.893 0.00016686 5.1085e-05
-26.835 0.00015915 4.9669e-05
-26.777 0.0001501 4.7838e-05
-26.719 0.00018341 5.5163e-05
-26.661 0.00017479 5.3512e-05
-26.603 9.4178e-05 3.5988e-05
-26.545 0.00016799 5.2429e-05
-26.487 0.00019073 5.7364e-05
-26.429 0.00010727 3.9399e-05
-26.371 9.7833e-05 3.7384e-05
-26.313 0.00013168 4.528e-05
-26.255 0.00014348 4.7981e-05
-26.197 0.0001005 3.8404e-05
-26.138 0.00011281 4.1434e-05
-26.08 0.00014771 4.9396e-05
-26.022 0.00015863 5.1728e-05
-25.964 5.7246e-05 2.7745e-05
-25.906 0.00013909 4.7829e-05
-25.848 0.00015052 5.0336e-05
-25.79 0.00010461 3.9974e-05
-25.732 0.00018788 5.8636e-05
-25.674 0.00013042 4.626e-05
-25.616 0.00013118 4.6531e-05
-25.558 0.00014363 4.939e-05
-25.5 0.00015678 5.2429e-05
-25.442 0.00019575 6.1093e-05
-25.384 0.00018378 5.8571e-05
-25.326 0.00012237 4.4945e-05
-25.268 0.00012492 4.5883e-05
-25.21 0.00016277 5.4431e-05
-25.152 0.00015166 5.2149e-05
-25.094 6.3008e-05 3.0538e-05
-25.036 0.00017788 5.8004e-05
-24.978 0.00014088 4.9971e-05
-24.92 0.00015303 5.2621e-05
-24.862 0.00011523 4.4033e-05
-24.804 0.00016788 5.6141e-05
-24.746 0.00014406 5.1099e-05
-24.688 0.00011803 4.5102e-05
-24.63 0.00011874 4.5372e-05
-24.572 0.00017185 5.7469e-05
-24.514 0.0001078 4.3106e-05
-24.456 0.00014825 5.2584e-05
-24.398 8.111e-05 3.6416e-05
-24.34 0.00017694 5.9171e-05
-24.282 0.00015048 5.3376e-05
-24.224 0.00013694 5.0296e-05
-24.166 0.00013736 5.0453e-05
-24.108 0.00015301 5.4274e-05
-24.05 0.00015336 5.4397e-05
-23.992 0.0001684 5.7904e-05
-23.934 0.00020909 6.6637e-05
-23.876 0.00015558 5.5184e-05
-23.818 8.5505e-05 3.8389e-05
-23.76 0.00011392 4.5555e-05
-23.702 0.00011394 4.5561e-05
-23.644 0.0001142 4.5668e-05
-23.586 0.00015799 5.6038e-05
-23.528 0.00010118 4.2658e-05
-23.47 8.6265e-05 3.873e-05
-23.412 0.00020316 6.6248e-05
-23.353 0.00016161 5.7325e-05
-23.295 0.0001314 5.0209e-05
-23.237 0.00018977 6.3459e-05
-23.179 0.00011805 4.7207e-05
-23.121 0.00019125 6.3954e-05
-23.063 0.00013279 5.0743e-05
-23.005 0.00017679 6.079e-05
-22.947 0.00014819 5.4429e-05
-22.889 6.0074e-05 3.2065e-05
-22.831 0.00023996 7.4892e-05
-22.773 8.9631e-05 4.0242e-05
-22.715 0.00012113 4.844e-05
-22.657 0.00018189 6.2543e-05
-22.599 0.0001527 5.6087e-05
-22.541 9.1527e-05 4.1093e-05
-22.483 0.00019872 6.6454e-05
-22.425 9.3461e-05 4.1961e-05
-22.367 0.00016854 5.9783e-05
-22.309 0.00024693 7.7066e-05
-22.251 0.00014038 5.3641e-05
-22.193 0.0001572 5.774e-05
-22.135 0.00018845 6.4801e-05
-22.077 0.00017254 6.1202e-05
-22.019 0.00025068 7.8236e-05
-21.961 6.3396e-05 3.3839e-05
-21.903 0.0001112 4.6884e-05
-21.845 0.00011079 4.6713e-05
-21.787 0.00012705 5.0805e-05
-21.729 0.00017599 6.2423e-05
-21.671 0.00011227 4.7334e-05
-21.613 0.00011224 4.7324e-05
-21.555 0.0001135 4.7853e-05
-21.497 6.4511e-05 3.4434e-05
-21.439 8.0678e-05 3.9103e-05
-21.381 0.00016129 5.9241e-05
-21.323 0.00013024 5.208e-05
-21.265 0.00018114 6.4251e-05
-21.207 0.00012992 5.1954e-05
-21.149 0.00016371 6.0128e-05
-21.091 6.5981e-05 3.5218e-05
-21.033 0.00024772 7.8951e-05
-20.975 9.8668e-05 4.4299e-05
-20.917 9.9282e-05 4.4574e-05
-20.859 0.00013346 5.3368e-05
-20.801 0.00021642 7.2372e-05
-20.743 0.0002828 8.658e-05
-20.685 0.00015127 5.7802e-05
-20.626 0.00010115 4.5413e-05
-20.568 0.00026781 8.3585e-05
-20.51 0.0001345 5.3783e-05
-20.452 0.00011772 4.9632e-05
-20.394 0.00018548 6.5792e-05
-20.336 0.00018709 6.6361e-05
-20.278 0.00013617 5.4454e-05
-20.22 3.3721e-05 2.4663e-05
-20.162 0.0001204 5.0764e-05
-20.104 8.5351e-05 4.1367e-05
-20.046 0.00013671 5.4669e-05
-19.988 0.00023892 7.7911e-05
-19.93 0.00012048 5.0798e-05
-19.872 0.00020685 7.1128e-05
-19.814 0.00017208 6.3203e-05
-19.756 0.00017133 6.2929e-05
-19.698 0.00020804 7.1535e-05
-19.64 0.00015741 6.0151e-05
-19.582 0.00010406 4.6722e-05
-19.524 0.00012104 5.1034e-05
-19.466 0.00012223 5.1534e-05
-19.408 8.7753e-05 4.2531e-05
-19.35 5.265e-05 3.1949e-05
-19.292 0.00015652 5.9811e-05
-19.234 0.00010516 4.7215e-05
-19.176 0.00010577 4.7489e-05
-19.118 0.00012282 5.1785e-05
-19.06 0.00014062 5.6233e-05
-19.002 0.0001416 5.6624e-05
-18.944 0.00019596 6.9509e-05
-18.886 0.00019457 6.9013e-05
-18.828 0.00017713 6.5057e-05
-18.77 0.00019539 6.9306e-05
-18.712 0.00010775 4.8376e-05
-18.654 0.00015969 6.1023e-05
-18.596 0.00023255 7.7765e-05
-18.538 0.00021607 7.4299e-05
-18.48 0.00010779 4.8393e-05
-18.422 0.00017917 6.5809e-05
-18.364 0.00014343 5.7353e-05
-18.306 0.00016328 6.2392e-05
-18.248 0.00014469 5.7859e-05
-18.19 0.00016343 6.2451e-05
-18.132 0.00023318 7.7977e-05
-18.074 0.00018095 6.6463e-05
-18.016 0.00018198 6.6839e-05
-17.958 7.2887e-05 3.8904e-05
-17.9 0.00023591 7.8889e-05
-17.841 0.00011073 4.9715e-05
-17.783 0.00014725 5.8881e-05
-17.725 9.1558e-05 4.4376e-05
-17.667 9.1414e-05 4.4306e-05
-17.609 0.00013029 5.4932e-05
-17.551 0.00014796 5.9167e-05
-17.493 0.00011131 4.9973e-05
-17.435 3.668e-05 2.6826e-05
-17.377 0.00031553 9.66e-05
-17.319 9.2843e-05 4.4998e-05
-17.261 0.00011199 5.0278e-05
-17.203 5.5571e-05 3.3722e-05
-17.145 0.00011133 4.9985e-05
-17.087 0.000205 7.2716e-05
-17.029 0.00018743 6.8842e-05
-16.971 0.00018609 6.835e-05
-16.913 0.00014966 5.9848e-05
-16.855 9.3042e-05 4.5095e-05
-16.797 0.00016892 6.4548e-05
-16.739 0.00016861 6.4429e-05
-16.681 0.00024308 8.1288e-05
-16.623 0.00011337 5.0901e-05
-16.565 0.00016916 6.4639e-05
-16.507 0.00013058 5.5056e-05
-16.449 0.0002072 7.3496e-05
-16.391 0.00011285 5.0667e-05
-16.333 0.00013106 5.5257e-05
-16.275 0.00020756 7.3623e-05
-16.217 0.00018911 6.946e-05
-16.159 3.7836e-05 2.7672e-05
-16.101 0.00017057 6.518e-05
-16.043 0.00017007 6.4986e-05
-15.985 7.5263e-05 4.0173e-05
-15.927 0.00020919 7.4202e-05
-15.869 0.00022747 7.8216e-05
-15.811 0.00019021 6.9864e-05
-15.753 0.00011445 5.1385e-05
-15.695 0.00019065 7.0025e-05
-15.637 0.00019081 7.0084e-05
-15.579 0.00013276 5.5975e-05
-15.521 9.566e-05 4.6364e-05
-15.463 0.00017244 6.5894e-05
-15.405 0.00015417 6.1649e-05
-15.347 0.00013389 5.6451e-05
-15.289 7.7316e-05 4.1269e-05
-15.231 0.00015523 6.2073e-05
-15.173 0.00013548 5.712e-05
-15.114 0.0001916 7.0372e-05
-15.056 0.00021282 7.5488e-05
-14.998 0.00013532 5.7053e-05
-14.94 0.00011669 5.2388e-05
-14.882 3.871e-05 2.8312e-05
-14.824 0.00021384 7.5851e-05
-14.766 7.785e-05 4.1553e-05
-14.708 0.0001367 5.7634e-05
-14.65 0.00013455 5.6728e-05
-14.592 9.7714e-05 4.7359e-05
-14.534 0.00021577 7.6533e-05
-14.476 0.00021506 7.6283e-05
-14.418 7.8532e-05 4.1918e-05
-14.36 0.00019501 7.1627e-05
-14.302 0.00017669 6.7517e-05
-14.244 0.00011758 5.279e-05
-14.186 0.00015679 6.2696e-05
-14.128 0.00015669 6.2657e-05
-14.07 0.00011787 5.2919e-05
-14.012 0.00021368 7.5792e-05
-13.954 9.7563e-05 4.7286e-05
-13.896 0.0001763 6.7367e-05
-13.838 0.00011822 5.3079e-05
-13.78 0.00013776 5.8083e-05
-13.722 0.00015641 6.2544e-05
-13.664 0.00019624 7.2077e-05
-13.606 0.00023813 8.1882e-05
-13.548 0.0001967 7.2246e-05
-13.49 0.00015778 6.3092e-05
-13.432 7.9349e-05 4.2354e-05
-13.374 0.00015834 6.3318e-05
-13.316 7.9031e-05 4.2184e-05
-13.258 0.00013879 5.8519e-05
-13.2 0.0002184 7.7466e-05
-13.142 0.00025882 8.6552e-05
-13.084 0.00023936 8.2308e-05
-13.026 7.9279e-05 4.2316e-05
-12.968 0.00012042 5.4064e-05
-12.91 0.00016046 6.4165e-05
-12.852 0.0001199 5.383e-05
-12.794 3.9594e-05 2.8958e-05
-12.736 5.9607e-05 3.6171e-05
-12.678 9.9702e-05 4.8323e-05
-12.62 0.00014043 5.9207e-05
-12.562 0.00013899 5.86e-05
-12.504 0.0001995 7.3274e-05
-12.446 0.00012153 5.4562e-05
-12.388 0.0001787 6.8287e-05
-12.329 0.0002396 8.2389e-05
-12.271 0.00012013 5.3935e-05
-12.213 0.00012044 5.4073e-05
-12.155 8.0163e-05 4.2788e-05
-12.097 4.0097e-05 2.9326e-05
-12.039 0.00016122 6.4471e-05
-11.981 0.00018172 6.9439e-05
-11.923 0.00010076 4.8836e-05
-11.865 0.00016022 6.4067e-05
-11.807 0.00012157 5.4583e-05
-11.749 0.00022307 7.9125e-05
-11.691 0.00014095 5.9426e-05
-11.633 0.0001401 5.9071e-05
-11.575 0.00016162 6.4627e-05
-11.517 0.00016217 6.485e-05
-11.459 0.00010049 4.8705e-05
-11.401 0.00018321 7.0008e-05
-11.343 0.00018204 6.9563e-05
-11.285 0.0001218 5.4686e-05
-11.227 0.00018165 6.9411e-05
-11.169 0.00010044 4.8679e-05
-11.111 0.00016165 6.4643e-05
-11.053 0.00018336 7.0068e-05
-10.995 6.0748e-05 3.6864e-05
-10.937 0.00018079 6.9083e-05
-10.879 0.000142 5.9868e-05
-10.821 0.00010216 4.9516e-05
-10.763 0.00014201 5.9874e-05
-10.705 0.00012164 5.4614e-05
-10.647 6.1177e-05 3.7124e-05
-10.589 6.1288e-05 3.7191e-05
-10.531 0.00018432 7.0432e-05
-10.473 0.00014121 5.9537e-05
-10.415 0.00024391 8.387e-05
-10.357 8.1826e-05 4.3676e-05
-10.299 8.2185e-05 4.3868e-05
-10.241 0.00012258 5.5036e-05
-10.183 0.00014243 6.0053e-05
-10.125 0.00012279 5.5129e-05
-10.067 4.1135e-05 3.0085e-05
-10.009 0.00018327 7.0033e-05
-9.9506 0.00018455 7.0519e-05
-9.8926 0.00010267 4.976e-05
-9.8346 0.00016428 6.5693e-05
-9.7766 0.00016378 6.5494e-05
-9.7185 0.00010352 5.0173e-05
-9.6605 6.1527e-05 3.7336e-05
-9.6025 8.2354e-05 4.3958e-05
-9.5445 0.00010175 4.9314e-05
-9.4864 0.0001228 5.5132e-05
-9.4284 8.2659e-05 4.4121e-05
-9.3704 8.2065e-05 4.3803e-05
-9.3124 0.00016347 6.537e-05
-9.2544 0.00018649 7.126e-05
-9.1963 0.0001447 6.101e-05
-9.1383 0.00010276 4.9806e-05
-9.0803 6.1416e-05 3.7269e-05
-9.0223 0.00012417 5.5747e-05
-8.9643 0.0002277 8.0767e-05
-8.9062 0.00016644 6.6554e-05
-8.8482 0.00020529 7.5404e-05
-8.7902 4.1251e-05 3.017e-05
-8.7322 8.2972e-05 4.4288e-05
-8.6742 4.1827e-05 3.0591e-05
-8.6161 0.00010241 4.9635e-05
-8.5581 0.00022871 8.1125e-05
-8.5001 0.00020838 7.6538e-05
-8.4421 0.00016524 6.6077e-05
-8.384 0.00022585 8.0108e-05
-8.326 0.00020702 7.6037e-05
-8.268 8.2739e-05 4.4163e-05
-8.21 0.00016531 6.6105e-05
-8.152 0.00026917 9.0013e-05
-8.0939 0.00016581 6.6306e-05
-8.0359 0.00020981 7.7064e-05
-7.9779 0.00014569 6.1427e-05
-7.9199 0.00016545 6.616e-05
-7.8619 0.00014509 6.1173e-05
-7.8038 0.00012594 5.6544e-05
-7.7458 0.00014531 6.1264e-05
-7.6878 0.00014579 6.1466e-05
-7.6298 0.00018605 7.1093e-05
-7.5718 0.00012473 5.6001e-05
-7.5137 0.00018863 7.2078e-05
-7.4557 0.00010344 5.0133e-05
-7.3977 0.00016674 6.6678e-05
-7.3397 0.00027193 9.0936e-05
-7.2816 0.00022955 8.1422e-05
-7.2236 0.00012465 5.5963e-05
-7.1656 0.0001278 5.738e-05
-7.1076 0.00019063 7.2845e-05
-7.0496 0.00016555 6.6202e-05
-6.9915 0.00021047 7.7304e-05
-6.9335 0.0001689 6.7541e-05
-6.8755 0.00010437 5.0586e-05
-6.8175 0.00010534 5.1055e-05
-6.7595 0.00012524 5.623e-05
-6.7014 0.00018798 7.1832e-05
-6.6434 0.00010654 5.1634e-05
-6.5854 4.1651e-05 3.0462e-05
-6.5274 0.0001048 5.0792e-05
-6.4694 0.00020752 7.6222e-05
-6.4113 0.00016926 6.7684e-05
-6.3533 0.00016854 6.7397e-05
-6.2953 0.000147 6.1978e-05
-6.2373 0.00010375 5.0287e-05
-6.1792 0.00017138 6.8531e-05
-6.1212 0.00016738 6.6934e-05
-6.0632 0.00012478 5.6022e-05
-6.0052 0.00012462 5.595e-05
-5.9472 0.00017134 6.8517e-05
-5.8891 0.00016598 6.6373e-05
-5.8311 0.00024944 8.5774e-05
-5.7731 0.00027584 9.2244e-05
-5.7151 0.00012476 5.6013e-05
-5.6571 0.0001484 6.2567e-05
-5.599 0.00014734 6.2122e-05
-5.541 0.00016635 6.652e-05
-5.483 6.2181e-05 3.7733e-05
-5.425 0.00021154 7.7696e-05
-5.3669 0.00014515 6.1199e-05
-5.3089 8.4106e-05 4.4893e-05
-5.2509 0.00023197 8.228e-05
-5.1929 0.0002104 7.7278e-05
-5.1349 0.00012518 5.62e-05
-5.0768 0.00027248 9.1118e-05
-5.0188 0.00021036 7.7264e-05
-4.9608 0.00014696 6.196e-05
-4.9028 0.00031278 9.9684e-05
-4.8448 0.00020881 7.6696e-05
-4.7867 0.00016913 6.7632e-05
-4.7287 0.00010404 5.0427e-05
-4.6707 0.00018871 7.2109e-05
-4.6127 0.00012585 5.6505e-05
-4.5547 0.00027459 9.1826e-05
-4.4966 0.0002528 8.6929e-05
-4.4386 0.00023137 8.2068e-05
-4.3806 0.00018757 7.1673e-05
-4.3226 0.00023201 8.2295e-05
-4.2645 0.00018995 7.2584e-05
-4.2065 0.00027439 9.1759e-05
-4.1485 0.00027337 9.1416e-05
-4.0905 0.00029585 9.6473e-05
-4.0325 0.00023192 8.2262e-05
-3.9744 0.00014677 6.188e-05
-3.9164 0.00012677 5.6914e-05
-3.8584 0.00019061 7.2838e-05
-3.8004 0.00021253 7.806e-05
-3.7424 0.00027397 9.1619e-05
-3.6843 0.00014749 6.2183e-05
-3.6263 0.00027657 9.2487e-05
-3.5683 0.00016906 6.7602e-05
-3.5103 0.0002537 8.7237e-05
-3.4523 0.00025593 8.8005e-05
-3.3942 0.00035842 0.00010973
-3.3362 0.00029607 9.6545e-05
-3.2782 0.00023495 8.3336e-05
-3.2202 0.00025523 8.7765e-05
-3.1621 0.00037652 0.00011325
-3.1041 0.00021343 7.839e-05
-3.0461 0.00035566 0.00010889
-2.9881 0.00035677 0.00010923
-2.9301 0.0002628 9.0368e-05
-2.872 0.00018682 7.1387e-05
-2.814 0.00038427 0.00011557
-2.756 0.0002752 9.203e-05
-2.698 0.00042091 0.00012265
-2.64 0.00030402 9.9139e-05
-2.5819 0.00016379 6.5496e-05
-2.5239 0.00032744 0.00010436
-2.4659 0.00046328 0.0001297
-2.4079 0.00040095 0.00012059
-2.3499 0.00036872 0.0001109
-2.2918 0.00034066 0.00010632
-2.2338 0.00037619 0.00011315
-2.1758 0.00036812 0.0001127
-2.1178 0.00051045 0.00014125
-2.0597 0.00084665 0.00020515
-2.0017 0.0004827 0.00013867
-1.9437 0.0005296 0.00014345
-1.8857 0.0006306 0.00016473
-1.8277 0.00068352 0.00017714
-1.7696 0.00091722 0.0002202
-1.7116 0.00081566 0.0002007
-1.6536 0.0010054 0.00023832
-1.5956 0.00098443 0.00023633
-1.5376 0.0015072 0.00032985
-1.4795 0.0025589 0.00053341
-1.4215 0.0020631 0.00043769
-1.3635 0.0030399 0.00062452
-1.3055 0.0046501 0.00092064
-1.2475 0.0063057 0.0012327
-1.1894 0.0091185 0.0017595
-1.1314 0.012328 0.0023583
-1.0734 0.014775 0.0028219
-1.0154 0.018882 0.003582
-0.95735 0.023896 0.004521
-0.89933 0.024052 0.0045509
-0.84131 0.032303 0.0060878
-0.78328 0.033787 0.0063706
-0.72526 0.034915 0.0065809
-0.66724 0.040999 0.0077132
-0.60922 0.045132 0.0084868
-0.5512 0.046237 0.0086979
-0.49318 0.047645 0.0089588
-0.43516 0.048812 0.0091742
-0.37714 0.050235 0.0094409
-0.31912 0.045814 0.0086186
-0.26109 0.046246 0.0086984
-0.20307 0.052178 0.0098073
-0.14505 0.042321 0.0079623
-0.087032 0.045596 0.0085749
-0.029011 0.036804 0.0069299
0.029011 0.036899 0.0069492
0.087032 0.026963 0.0050932
0.14505 0.03039 0.0057363
0.20307 0.021823 0.0041345
0.26109 0.017095 0.003252
0.31912 0.013502 0.002578
0.37714 0.012 0.0022962
0.43516 0.0073142 0.0014221
0.49318 0.006037 0.0011858
0.5512 0.003781 0.00075997
0.60922 0.0023665 0.00049289
0.66724 0.0020115 0.00043036
0.72526 0.0014427 0.00032205
0.78328 0.0011291 0.00025859
0.84131 0.00090729 0.00021985
0.89933 0.00082769 0.00020258
0.95735 0.00062492 0.00016325
1.0154 0.00071207 0.00018454
1.0734 0.00052148 0.00014272
1.1314 0.00057836 0.00015513
1.1894 0.00047633 0.00013336
1.2475 0.00032284 0.00010076
1.3055 0.00057034 0.0001561
1.3635 0.00057546 0.00015435
1.4215 0.00039409 0.00011853
1.4795 0.00039351 0.00011466
1.5376 0.00033682 0.00010734
1.5956 0.00034264 0.00010694
1.6536 0.0002274 8.066e-05
1.7116 0.00036185 0.00011078
1.7696 0.00041567 0.00012298
1.8277 0.00033624 0.00010494
1.8857 0.00028821 9.3982e-05
1.9437 0.00022967 8.4356e-05
2.0017 0.00026349 8.8114e-05
2.0597 0.0004516 0.00012973
2.1178 0.00027727 9.272e-05
2.1758 0.00017286 6.9124e-05
2.2338 0.00025602 8.8035e-05
2.2918 0.00025128 8.6404e-05
2.3499 0.00029125 9.7396e-05
2.4079 0.00018434 7.0439e-05
2.4659 0.00019856 7.5876e-05
2.5239 0.00022666 8.0397e-05
2.5819 0.00015321 6.4597e-05
2.64 0.00021412 7.8646e-05
2.698 0.00014794 6.2372e-05
2.756 0.00023664 8.3938e-05
2.814 0.00022906 8.1249e-05
2.872 0.00019959 7.6268e-05
2.9301 0.00017013 6.8033e-05
2.9881 0.00023384 8.2946e-05
3.0461 0.0002613 8.9852e-05
3.1041 0.00015044 6.3429e-05
3.1621 0.00025421 8.7414e-05
3.2202 0.00028013 9.3677e-05
3.2782 0.00019118 7.3055e-05
3.3362 0.00019149 7.3171e-05
3.3942 0.00015078 6.3571e-05
3.4523 0.0001502 6.3327e-05
3.5103 0.00025645 8.8182e-05
3.5683 0.0002765 9.2463e-05
3.6263 0.00017077 6.8288e-05
3.6843 0.00019169 7.3249e-05
3.7424 0.00025639 8.8161e-05
3.8004 4.3047e-05 3.1483e-05
3.8584 0.00023607 8.3735e-05
3.9164 0.00014806 6.2426e-05
3.9744 0.00010801 5.2347e-05
4.0325 0.00019322 7.3834e-05
4.0905 0.00025883 8.9001e-05
4.1485 0.00021277 7.8148e-05
4.2065 0.00019337 7.3892e-05
4.2645 0.00017242 6.895e-05
4.3226 0.00019183 7.3302e-05
4.3806 0.00010657 5.1652e-05
4.4386 0.00021414 7.8651e-05
4.4966 0.00012939 5.8091e-05
4.5547 0.00014836 6.255e-05
4.6127 0.00019184 7.3307e-05
4.6707 0.00014871 6.2698e-05
4.7287 0.00010752 5.2112e-05
4.7867 0.00012885 5.785e-05
4.8448 8.533e-05 4.5546e-05
4.9028 0.00014916 6.2889e-05
4.9608 0.00025517 8.7744e-05
5.0188 0.00010611 5.1427e-05
5.0768 0.00012725 5.713e-05
5.1349 0.00014982 6.3168e-05
5.1929 0.00014953 6.3047e-05
5.2509 0.00019066 7.2857e-05
5.3089 0.00014743 6.216e-05
5.3669 0.00015061 6.3498e-05
5.425 0.00025492 8.7657e-05
5.483 0.00023549 8.353e-05
5.541 0.00021312 7.8277e-05
5.599 0.00014987 6.3189e-05
5.6571 8.5281e-05 4.552e-05
5.7151 0.00015213 6.414e-05
5.7731 0.00021342 7.8389e-05
5.8311 0.00019255 7.3577e-05
5.8891 0.00010832 5.25e-05
5.9472 0.0002121 7.7902e-05
6.0052 0.0001077 5.2201e-05
6.0632 0.00012872 5.7793e-05
6.1212 0.00021633 7.9458e-05
6.1792 0.00025604 8.8043e-05
6.2373 0.00010685 5.1788e-05
6.2953 0.00017139 6.8537e-05
6.3533 0.00010866 5.2666e-05
6.4113 0.00014735 6.2125e-05
6.4694 0.00019547 7.4692e-05
6.5274 0.00012807 5.75e-05
6.5854 0.00019697 7.5265e-05
6.6434 0.00010766 5.2182e-05
6.7014 0.00023551 8.3537e-05
6.7595 0.0003021 9.8512e-05
6.8175 0.00023608 8.3737e-05
6.8755 6.4731e-05 3.928e-05
6.9335 0.00019362 7.3988e-05
6.9915 4.2305e-05 3.0941e-05
7.0496 0.00010833 5.2506e-05
7.1076 0.00013035 5.8521e-05
7.1656 0.00014885 6.2756e-05
7.2236 0.00010645 5.1592e-05
7.2816 0.0001068 5.1765e-05
7.3397 0.00010762 5.2162e-05
7.3977 0.00010723 5.1973e-05
7.4557 4.2863e-05 3.1349e-05
7.5137 0.00015085 6.36e-05
7.5718 0.00010696 5.1841e-05
7.6298 0.00019188 7.3321e-05
7.6878 0.00025668 8.8262e-05
7.7458 0.00010743 5.2068e-05
7.8038 0.00021401 7.8604e-05
7.8619 8.5051e-05 4.5397e-05
7.9199 0.00014808 6.2435e-05
7.9779 0.00017221 6.8863e-05
8.0359 6.4463e-05 3.9118e-05
8.0939 8.5159e-05 4.5455e-05
8.152 0.0001063 5.1521e-05
8.21 0.00017187 6.8729e-05
8.268 0.00012691 5.6977e-05
8.326 0.00012724 5.7125e-05
8.384 0.00016881 6.7504e-05
8.4421 0.00010674 5.1732e-05
8.5001 8.5071e-05 4.5408e-05
8.5581 8.4192e-05 4.4939e-05
8.6161 0.00019046 7.2778e-05
8.6742 0.00012668 5.6874e-05
8.7322 0.00016996 6.7964e-05
8.7902 0.00019051 7.2799e-05
8.8482 0.00017043 6.8152e-05
8.9062 0.00019046 7.2779e-05
8.9643 0.00014871 6.2698e-05
9.0223 0.0001898 7.2528e-05
9.0803 0.00010579 5.1274e-05
9.1383 0.00014896 6.2805e-05
9.1963 0.00010657 5.1653e-05
9.2544 0.00021049 7.7313e-05
9.3124 8.4606e-05 4.516e-05
9.3704 0.00010723 5.197e-05
9.4284 0.00027524 9.2043e-05
9.4864 0.00012676 5.6912e-05
9.5445 0.00012788 5.7415e-05
9.6025 0.00019105 7.3003e-05
9.6605 0.00012712 5.7071e-05
9.7185 0.0001262 5.6662e-05
9.7766 0.00010539 5.108e-05
9.8346 0.00023177 8.2211e-05
9.8926 0.00016838 6.7331e-05
9.9506 0.00018893 7.2194e-05
10.009 0.0001057 5.1229e-05
10.067 8.4987e-05 4.5363e-05
10.125 0.00012493 5.6091e-05
10.183 4.1916e-05 3.0656e-05
10.241 0.0001274 5.7199e-05
10.299 0.00010557 5.1169e-05
10.357 0.00022981 8.1516e-05
10.415 0.00014676 6.1879e-05
10.473 0.00014684 6.1912e-05
10.531 0.00021041 7.7284e-05
10.589 0.0001684 6.7342e-05
10.647 0.00014597 6.1544e-05
10.705 0.00014764 6.2249e-05
10.763 0.00010459 5.0692e-05
10.821 0.00018945 7.2394e-05
10.879 0.00014613 6.1613e-05
10.937 0.00016714 6.6838e-05
10.995 4.203e-05 3.074e-05
11.053 0.00014736 6.2128e-05
11.111 0.0001249 5.6075e-05
11.169 0.00020981 7.7064e-05
11.227 6.2923e-05 3.8184e-05
11.285 0.00014557 6.1377e-05
11.343 8.3395e-05 4.4513e-05
11.401 0.00010403 5.0419e-05
11.459 0.00014672 6.1862e-05
11.517 8.4463e-05 4.5084e-05
11.575 0.00016663 6.6632e-05
11.633 0.00014621 6.1643e-05
11.691 0.00014629 6.168e-05
11.749 0.00012467 5.5974e-05
11.807 0.00025049 8.6132e-05
11.865 0.00023007 8.1608e-05
11.923 0.00018807 7.1865e-05
11.981 0.0001676 6.7019e-05
12.039 0.0001237 5.5536e-05
12.097 0.00018761 7.169e-05
12.155 0.00016698 6.6774e-05
12.213 0.00014482 6.106e-05
12.271 0.00018642 7.1237e-05
12.329 0.00016607 6.6407e-05
12.388 0.00020911 7.6806e-05
12.446 8.248e-05 4.4025e-05
12.504 0.00016441 6.5743e-05
12.562 0.00018545 7.0864e-05
12.62 0.00014441 6.0888e-05
12.678 0.00010361 5.0216e-05
12.736 6.1559e-05 3.7356e-05
12.794 0.00020498 7.5289e-05
12.852 8.2207e-05 4.3879e-05
12.91 0.00014494 6.1111e-05
12.968 0.00018274 6.9829e-05
13.026 4.0961e-05 2.9958e-05
13.084 0.00014346 6.0487e-05
13.142 0.00014355 6.0522e-05
13.2 0.00014156 5.9685e-05
13.258 6.1215e-05 3.7147e-05
13.316 2.0406e-05 2.0759e-05
13.374 0.00010227 4.9566e-05
13.432 0.00020384 7.487e-05
13.49 0.00012244 5.497e-05
13.548 0.00010227 4.9566e-05
13.606 0.00014243 6.0052e-05
13.664 8.1177e-05 4.3329e-05
13.722 0.00012232 5.4918e-05
13.78 0.00020404 7.4942e-05
13.838 4.0755e-05 2.9807e-05
13.896 0.0001823 6.966e-05
13.954 0.00018292 6.9897e-05
14.012 0.00010141 4.9149e-05
14.07 0.00020183 7.4131e-05
14.128 6.0172e-05 3.6514e-05
14.186 0.00014244 6.0055e-05
14.244 6.0994e-05 3.7013e-05
14.302 0.00016068 6.4253e-05
14.36 0.00012136 5.4485e-05
14.418 0.00020116 7.3887e-05
14.476 0.00018218 6.9615e-05
14.534 0.00020075 7.3735e-05
14.592 0.0002003 7.3568e-05
14.65 0.00016031 6.4104e-05
14.708 0.00026181 8.7553e-05
14.766 0.00021976 7.795e-05
14.824 0.00011964 5.3716e-05
14.882 0.00017932 6.8522e-05
14.94 0.00015996 6.3966e-05
14.998 0.00015961 6.3826e-05
15.056 0.00017892 6.8368e-05
15.114 9.988e-05 4.8409e-05
15.173 0.00022137 7.852e-05
15.231 9.951e-05 4.823e-05
15.289 0.00015814 6.3236e-05
15.347 0.00015854 6.3398e-05
15.405 0.00020007 7.3485e-05
15.463 0.0001983 7.2836e-05
15.521 0.00011864 5.3265e-05
15.579 0.00015889 6.3536e-05
15.637 7.9355e-05 4.2357e-05
15.695 0.00013799 5.818e-05
15.753 9.8659e-05 4.7817e-05
15.811 0.00027389 8.9312e-05
15.869 0.00015789 6.3136e-05
15.927 0.00011796 5.2958e-05
15.985 0.00013689 5.7714e-05
16.043 0.00015721 6.2866e-05
16.101 0.000196 7.1992e-05
16.159 0.00023573 8.1058e-05
16.217 5.8247e-05 3.5346e-05
16.275 0.00015589 6.2339e-05
16.333 0.00011696 5.251e-05
16.391 0.00015619 6.2459e-05
16.449 0.0001367 5.7634e-05
16.507 0.00013627 5.7456e-05
16.565 0.0001362 5.7425e-05
16.623 0.00011611 5.2128e-05
16.681 0.00013634 5.7482e-05
16.739 0.00011553 5.187e-05
16.797 9.7196e-05 4.7108e-05
16.855 0.00023038 7.9219e-05
16.913 0.00011528 5.1759e-05
16.971 9.5904e-05 4.6482e-05
17.029 0.00017269 6.599e-05
17.087 0.00015314 6.1239e-05
17.145 0.00020939 7.427e-05
17.203 7.6591e-05 4.0881e-05
17.261 0.00024698 8.2592e-05
17.319 0.00015263 6.1033e-05
17.377 0.00015045 6.0164e-05
17.435 0.00013252 5.5872e-05
17.493 0.00013265 5.5926e-05
17.551 0.00018914 6.9468e-05
17.609 0.0001859 6.8282e-05
17.667 0.00011206 5.0313e-05
17.725 0.0001134 5.0911e-05
17.783 0.00011344 5.093e-05
17.841 0.0002036 7.2216e-05
17.9 0.00011187 5.0226e-05
17.958 9.3448e-05 4.5291e-05
18.016 7.436e-05 3.9691e-05
18.074 7.4055e-05 3.9528e-05
18.132 9.3304e-05 4.5222e-05
18.19 0.00012986 5.4753e-05
18.248 0.00011031 4.9527e-05
18.306 0.00018355 6.7419e-05
18.364 0.00016695 6.3796e-05
18.422 7.3809e-05 3.9397e-05
18.48 0.00018353 6.741e-05
18.538 0.00012874 5.4278e-05
18.596 7.3634e-05 3.9304e-05
18.654 0.00020198 7.1643e-05
18.712 0.00012775 5.3861e-05
18.77 0.000237 7.9254e-05
18.828 0.0001647 6.2934e-05
18.886 0.00014609 5.8417e-05
18.944 0.00014544 5.8158e-05
19.002 7.2527e-05 3.8712e-05
19.06 5.4484e-05 3.3062e-05
19.118 0.00014522 5.8071e-05
19.176 0.0001269 5.3504e-05
19.234 0.00016135 6.1655e-05
19.292 0.00016214 6.1956e-05
19.35 8.9864e-05 4.3554e-05
19.408 7.2198e-05 3.8537e-05
19.466 0.0001252 5.2786e-05
19.524 0.00010743 4.8235e-05
19.582 0.00016095 6.1503e-05
19.64 0.00017746 6.5181e-05
19.698 0.00012292 5.1827e-05
19.756 0.0001586 6.0604e-05
19.814 0.00010654 4.7832e-05
19.872 0.00014149 5.6579e-05
19.93 0.00015761 6.0226e-05
19.988 0.0001232 5.1944e-05
20.046 0.00015841 6.0531e-05
20.104 0.00024259 7.9108e-05
20.162 8.709e-05 4.221e-05
20.22 0.00013911 5.5626e-05
20.278 0.00014066 5.6248e-05
20.336 0.00013912 5.5632e-05
20.394 0.000171 6.2808e-05
20.452 0.00017257 6.3383e-05
20.51 0.00020896 7.1851e-05
20.568 8.6649e-05 4.1996e-05
20.626 6.8574e-05 3.6603e-05
20.685 0.0001198 5.0511e-05
20.743 0.00018835 6.6809e-05
20.801 0.000154 5.8848e-05
20.859 0.00010156 4.5596e-05
20.917 6.8052e-05 3.6324e-05
20.975 0.0003053 9.1824e-05
21.033 0.00011748 4.953e-05
21.091 0.0001009 4.5302e-05
21.149 8.3858e-05 4.0643e-05
21.207 0.00013492 5.3952e-05
21.265 6.6986e-05 3.5755e-05
21.323 0.00014942 5.7095e-05
21.381 0.00013381 5.3507e-05
21.439 3.3539e-05 2.453e-05
21.497 0.0002304 7.513e-05
21.555 0.00019601 6.7398e-05
21.613 0.00018076 6.4116e-05
21.671 0.00013132 5.2513e-05
21.729 0.00016354 6.0066e-05
21.787 6.4674e-05 3.4521e-05
21.845 0.00021043 7.037e-05
21.903 0.00013006 5.2007e-05
21.961 0.00019302 6.6371e-05
22.019 0.00017528 6.2173e-05
22.077 6.3867e-05 3.409e-05
22.135 0.00011203 4.7235e-05
22.193 0.00012697 5.0772e-05
22.251 0.00014178 5.4176e-05
22.309 0.00015813 5.8079e-05
22.367 9.4522e-05 4.2437e-05
22.425 0.00011028 4.6494e-05
22.483 0.00010935 4.6104e-05
22.541 0.0001256 5.0227e-05
22.599 0.00023511 7.493e-05
22.657 0.00015584 5.724e-05
22.715 0.00023225 7.4018e-05
22.773 0.00013844 5.2903e-05
22.831 7.7254e-05 3.7443e-05
22.889 0.00012339 4.9342e-05
22.947 0.00012171 4.8669e-05
23.005 0.00013683 5.2284e-05
23.063 0.00016699 5.9233e-05
23.121 0.00022571 7.1936e-05
23.179 0.00020851 6.7994e-05
23.237 0.00011989 4.7942e-05
23.295 7.4099e-05 3.5914e-05
23.353 0.00022286 7.1027e-05
23.412 0.00020583 6.7117e-05
23.47 0.00016177 5.7382e-05
23.528 0.00017578 6.0445e-05
23.586 0.00010127 4.2696e-05
23.644 0.0001728 5.9419e-05
23.702 0.00015817 5.6104e-05
23.76 0.00022971 7.1691e-05
23.818 0.00012816 4.8974e-05
23.876 0.00017067 5.8687e-05
23.934 0.00014103 5.18e-05
23.992 0.00018294 6.1176e-05
24.05 0.00028166 8.2072e-05
24.108 0.00012495 4.7748e-05
24.166 0.00018127 6.0617e-05
24.224 0.00016585 5.7031e-05
24.282 5.5097e-05 2.9409e-05
24.34 8.1803e-05 3.6727e-05
24.398 0.00014962 5.3071e-05
24.456 0.00021791 6.8009e-05
24.514 0.00012137 4.638e-05
24.572 0.00016123 5.544e-05
24.63 9.3442e-05 3.9397e-05
24.688 0.00014667 5.2025e-05
24.746 0.00011903 4.5483e-05
24.804 0.00016987 5.6805e-05
24.862 0.0001694 5.6647e-05
24.92 0.0001945 6.1989e-05
24.978 0.00012833 4.7136e-05
25.036 0.00012732 4.6763e-05
25.094 0.00015313 5.2657e-05
25.152 0.00017698 5.7712e-05
25.21 0.00015077 5.1844e-05
25.268 6.2132e-05 3.0114e-05
25.326 0.00013717 4.8655e-05
25.384 0.00011106 4.2438e-05
25.442 6.1169e-05 2.9647e-05
25.5 4.8704e-05 2.5997e-05
25.558 3.6295e-05 2.2025e-05
25.616 0.00014424 4.9598e-05
25.674 0.00019144 5.9749e-05
25.732 9.4249e-05 3.7688e-05
25.79 0.00011761 4.3197e-05
25.848 0.00012939 4.5895e-05
25.906 0.00012685 4.4995e-05
25.964 0.00014914 4.9873e-05
26.022 0.00012529 4.444e-05
26.08 0.00016007 5.2197e-05
26.138 0.00017019 5.424e-05
26.197 0.00017901 5.587e-05
26.255 0.00023317 6.6985e-05
26.313 0.00013314 4.578e-05
26.371 0.0001096 4.0254e-05
26.429 0.00011856 4.2055e-05
26.487 0.00017102 5.3375e-05
26.545 0.00016984 5.3008e-05
26.603 0.00015767 5.0252e-05
26.661 0.00019573 5.791e-05
26.719 0.00017317 5.3017e-05
26.777 0.00019295 5.7086e-05
26.835 0.00011995 4.1245e-05
26.893 9.8462e-05 3.6165e-05
26.951 0.00014656 4.6709e-05
27.009 0.00022332 6.2524e-05
27.067 0.00015332 4.7852e-05
27.125 0.00021533 6.0287e-05
27.183 0.00011143 3.8318e-05
27.241 0.00014699 4.5874e-05
27.299 0.00013538 4.3147e-05
27.357 0.00012337 4.0231e-05
27.415 0.00014879 4.5554e-05
27.473 0.0001646 4.8701e-05
27.531 0.00014449 4.4237e-05
27.589 0.00015813 4.6786e-05
27.647 0.00017197 4.9402e-05
27.705 0.00020084 5.4967e-05
27.763 0.00014958 4.4255e-05
27.821 0.00016175 4.6467e-05
27.879 0.00017297 4.8426e-05
27.937 0.00014752 4.2986e-05
27.995 0.00010137 3.3056e-05
28.053 0.0001278 3.8437e-05
28.111 0.00018809 5.0449e-05
28.169 0.00017641 4.7784e-05
28.227 0.00012503 3.6992e-05
28.285 0.00013953 3.9554e-05
28.343 0.00011665 3.4514e-05
28.401 0.00015459 4.1873e-05
28.459 0.00018813 4.8042e-05
28.517 0.00016959 4.3951e-05
28.575 0.00013719 3.7159e-05
28.633 0.00016749 4.277e-05
28.691 0.00017857 4.4439e-05
28.749 0.0001489 3.8023e-05
28.807 0.00012627 3.2985e-05
28.865 0.00012803 3.2694e-05
28.924 0.00014335 3.4907e-05
28.982 0.00018284 4.1305e-05
29.04 0.00014177 3.1646e-05
29.098 9.8025e-05 2.4542e-05
29.156 0.00011432 2.7838e-05
29.214 0.00014284 3.0904e-05
29.272 0.00013856 4.0995e-05
29.33 0.00017932 5.3933e-05
29.388 9.9819e-05 3.056e-05
29.446 0.0001556 4.3058e-05
29.504 0 1
29.562 0 1
29.62 0 1
29.678 0 1
