-29.678 0 1
-29.62 0 1
-29.562 0 1
-29.504 0.00024676 5.9534e-05
-29.446 0.0002179 5.2822e-05
-29.388 0.00024579 6.5339e-05
-29.33 0.00024414 6.043e-05
-29.272 0.00023566 4.8001e-05
-29.214 0.00020191 4.3841e-05
-29.156 0.0002546 5.3748e-05
-29.098 0.00022637 4.7173e-05
-29.04 0.00021592 4.6957e-05
-28.982 0.00022764 5.0209e-05
-28.924 0.0002151 4.8614e-05
-28.865 0.00024216 5.446e-05
-28.807 0.00021039 4.8973e-05
-28.749 0.00020308 4.8156e-05
-28.691 0.00022337 5.2556e-05
-28.633 0.00023768 5.5716e-05
-28.575 0.0002074 5.0276e-05
-28.517 0.00021646 5.2473e-05
-28.459 0.00024259 5.8006e-05
-28.401 0.00017226 4.4658e-05
-28.343 0.00027 6.4024e-05
-28.285 0.00023237 5.7199e-05
-28.227 0.00026293 6.3435e-05
-28.169 0.00021231 5.3862e-05
-28.111 0.00024904 6.1303e-05
-28.053 0.00022872 5.7646e-05
-27.995 0.00020858 5.4073e-05
-27.937 0.00024446 6.1228e-05
-27.879 0.00015175 4.3031e-05
-27.821 0.00026054 6.4864e-05
-27.763 0.00022995 5.9166e-05
-27.705 0.0002927 7.1668e-05
-27.647 0.00022991 5.9604e-05
-27.589 0.00018975 5.1948e-05
-27.531 0.00016925 4.7991e-05
-27.473 0.00015674 4.5685e-05
-27.415 0.00032633 7.9495e-05
-27.357 0.00014543 4.3753e-05
-27.299 0.00025572 6.6295e-05
-27.241 0.0002671 6.8723e-05
-27.183 0.00017624 5.0643e-05
-27.125 0.00014491 4.4377e-05
-27.067 0.00016336 4.8345e-05
-27.009 0.00018388 5.2838e-05
-26.951 0.00019249 5.4582e-05
-26.893 0.00028563 7.3491e-05
-26.835 0.00020804 5.8261e-05
-26.777 0.0002184 6.0452e-05
-26.719 0.00025944 6.8967e-05
-26.661 0.00027114 7.1447e-05
-26.603 0.00024741 6.7036e-05
-26.545 0.00021005 5.9561e-05
-26.487 0.00020235 5.8144e-05
-26.429 0.00028288 7.4541e-05
-26.371 0.00017793 5.353e-05
-26.313 0.00012973 4.339e-05
-26.255 0.00027099 7.2709e-05
-26.197 0.00023356 6.5409e-05
-26.138 0.0001231 4.2337e-05
-26.08 0.00013432 4.4928e-05
-26.022 0.00021638 6.2177e-05
-25.964 0.00020823 6.0691e-05
-25.906 0.00017919 5.4873e-05
-25.848 0.00016847 5.2591e-05
-25.79 0.00020083 5.9434e-05
-25.732 0.00023492 6.6613e-05
-25.674 0.00019407 5.8385e-05
-25.616 0.00026027 7.2044e-05
-25.558 0.00029388 7.8851e-05
-25.5 0.00023031 6.6179e-05
-25.442 0.00021138 6.2558e-05
-25.384 0.00014484 4.8445e-05
-25.326 0.00010015 3.8275e-05
-25.268 0.00021584 6.3876e-05
-25.21 0.00027326 7.5638e-05
-25.152 0.00019538 5.9829e-05
-25.094 0.00022919 6.68e-05
-25.036 0.00031196 8.37e-05
-24.978 0.00019799 6.063e-05
-24.92 0.00012756 4.5256e-05
-24.862 0.00017465 5.5674e-05
-24.804 0.00015267 5.1063e-05
-24.746 0.00022628 6.6967e-05
-24.688 0.00021466 6.458e-05
-24.63 0.00019195 5.9923e-05
-24.572 0.00025245 7.2541e-05
-24.514 0.00031859 8.632e-05
-24.456 0.0002206 6.6366e-05
-24.398 0.00023357 6.9124e-05
-24.34 0.00024755 7.2151e-05
-24.282 0.000311 8.5144e-05
-24.224 0.00017433 5.6861e-05
-24.166 0.00018737 5.9729e-05
-24.108 0.00017709 5.776e-05
-24.05 0.00026624 7.6505e-05
-23.992 0.0002297 6.9104e-05
-23.934 0.00024084 7.1275e-05
-23.876 0.00019292 6.1499e-05
-23.818 0.00016847 5.6349e-05
-23.76 0.00019424 6.192e-05
-23.702 0.00020722 6.4689e-05
-23.644 0.00015578 5.3576e-05
-23.586 0.00023509 7.0726e-05
-23.528 0.00017087 5.7152e-05
-23.47 0.00014382 5.1023e-05
-23.412 0.00022433 6.8697e-05
-23.353 0.00025385 7.5126e-05
-23.295 0.00023897 7.1894e-05
-23.237 0.00023894 7.1883e-05
-23.179 0.00037573 9.9881e-05
-23.121 0.00028094 8.0727e-05
-23.063 0.00025493 7.5446e-05
-23.005 0.00021435 6.6915e-05
-22.947 0.00029647 8.4067e-05
-22.889 0.0001912 6.2363e-05
-22.831 0.00016366 5.6287e-05
-22.773 0.00027169 7.9189e-05
-22.715 0.00024785 7.4564e-05
-22.657 0.00015162 5.3789e-05
-22.599 0.00019441 6.3408e-05
-22.541 0.00024969 7.5119e-05
-22.483 0.00020851 6.6469e-05
-22.425 0.00016998 5.8461e-05
-22.367 0.00015327 5.4374e-05
-22.309 0.00019648 6.4083e-05
-22.251 0.00024112 7.3839e-05
-22.193 0.0003145 8.9179e-05
-22.135 0.00027134 8.0301e-05
-22.077 0.00021396 6.8206e-05
-22.019 0.00025645 7.7152e-05
-21.961 0.00030266 8.6971e-05
-21.903 0.00017335 5.9619e-05
-21.845 0.00017272 5.9403e-05
-21.787 0.00018775 6.2797e-05
-21.729 0.00010184 4.2944e-05
-21.671 0.00020418 6.6597e-05
-21.613 0.0001604 5.6904e-05
-21.555 0.00019168 6.4112e-05
-21.497 0.00023466 7.3253e-05
-21.439 0.00027879 8.2507e-05
-21.381 0.00022001 7.0133e-05
-21.323 0.0003553 9.8348e-05
-21.265 0.00023959 7.4795e-05
-21.207 0.00025107 7.6883e-05
-21.149 0.00026796 8.0615e-05
-21.091 0.000165 5.8537e-05
-21.033 0.00025531 7.8182e-05
-20.975 0.00014954 5.4936e-05
-20.917 0.00022571 7.1951e-05
-20.859 0.00022755 7.2539e-05
-20.801 0.00022708 7.2387e-05
-20.743 0.00024204 7.5559e-05
-20.685 0.00025983 7.9566e-05
-20.626 0.00016863 5.9825e-05
-20.568 0.0002131 6.9504e-05
-20.51 0.00024461 7.6361e-05
-20.452 0.00029056 8.5989e-05
-20.394 0.00018401 6.3284e-05
-20.336 0.00021653 7.0624e-05
-20.278 0.00013931 5.3242e-05
-20.22 9.1994e-05 4.1307e-05
-20.162 0.00012513 5.0045e-05
-20.104 0.00017075 6.0578e-05
-20.046 0.00017094 6.0645e-05
-19.988 0.00031039 9.0467e-05
-19.93 0.00020348 6.8058e-05
-19.872 0.00021945 7.1577e-05
-19.814 0.00017213 6.1065e-05
-19.756 0.00021812 7.1143e-05
-19.698 0.00033107 9.5132e-05
-19.64 0.00034991 9.9221e-05
-19.582 0.00022081 7.202e-05
-19.524 0.00015724 5.7765e-05
-19.466 0.00031757 9.2562e-05
-19.408 0.00019152 6.5868e-05
-19.35 0.00014363 5.4894e-05
-19.292 0.00018978 6.5271e-05
-19.234 0.00027096 8.2974e-05
-19.176 0.00016031 5.8891e-05
-19.118 0.00015956 5.8616e-05
-19.06 0.00017583 6.2381e-05
-19.002 0.00020925 6.9989e-05
-18.944 0.0001296 5.1833e-05
-18.886 0.00014476 5.5325e-05
-18.828 0.00020939 7.0037e-05
-18.77 0.00025845 8.068e-05
-18.712 0.00024496 7.8088e-05
-18.654 0.00014522 5.5501e-05
-18.596 0.00013014 5.2046e-05
-18.538 0.00018012 6.39e-05
-18.48 0.00014703 5.6191e-05
-18.422 0.00027698 8.482e-05
-18.364 0.00024455 7.7956e-05
-18.306 0.00019797 6.8088e-05
-18.248 0.00031249 9.248e-05
-18.19 0.00021467 7.1803e-05
-18.132 0.00016311 5.992e-05
-18.074 0.00018101 6.4216e-05
-18.016 0.00019858 6.8297e-05
-17.958 0.00023198 7.5663e-05
-17.9 0.00029703 8.9361e-05
-17.841 0.00021817 7.2974e-05
-17.783 0.0001339 5.3552e-05
-17.725 0.00021648 7.2406e-05
-17.667 0.00029926 9.0031e-05
-17.609 0.00013541 5.4154e-05
-17.551 0.0002691 8.4006e-05
-17.493 0.00023618 7.7032e-05
-17.435 0.00018345 6.5084e-05
-17.377 0.00025317 8.0706e-05
-17.319 0.00015197 5.808e-05
-17.261 0.00022064 7.38e-05
-17.203 0.00011791 4.9721e-05
-17.145 0.00011812 4.9806e-05
-17.087 0.00022032 7.3692e-05
-17.029 0.00025566 8.15e-05
-16.971 0.00023691 7.7272e-05
-16.913 0.00035726 0.00010266
-16.855 0.0001523 5.8205e-05
-16.797 0.00020481 7.0441e-05
-16.739 0.00020443 7.031e-05
-16.681 0.00017004 6.2464e-05
-16.623 0.00029211 8.9452e-05
-16.565 0.00032475 9.6107e-05
-16.507 0.00013571 5.4276e-05
-16.449 0.00011991 5.0561e-05
-16.391 0.00018814 6.6747e-05
-16.333 0.00027241 8.504e-05
-16.275 0.00015443 5.9021e-05
-16.217 0.00029235 8.9526e-05
-16.159 0.00018924 6.7136e-05
-16.101 0.00013788 5.5143e-05
-16.043 0.0003093 9.3052e-05
-15.985 0.0001711 6.2857e-05
-15.927 0.00032858 9.7243e-05
-15.869 0.00017238 6.3323e-05
-15.811 0.00015568 5.9496e-05
-15.753 0.00017346 6.3723e-05
-15.695 0.00022538 7.5385e-05
-15.637 0.00026027 8.2969e-05
-15.579 0.00012073 5.0908e-05
-15.521 0.00027837 8.6899e-05
-15.463 0.00017424 6.4007e-05
-15.405 0.00014019 5.6069e-05
-15.347 0.00013915 5.5651e-05
-15.289 0.00024608 8.0262e-05
-15.231 0.00014116 5.6455e-05
-15.173 0.0002112 7.2636e-05
-15.114 0.00013938 5.5745e-05
-15.056 0.00017594 6.4632e-05
-14.998 0.00010547 4.736e-05
-14.94 0.00010611 4.7645e-05
-14.882 0.00022881 7.6532e-05
-14.824 0.00021214 7.296e-05
-14.766 0.00014159 5.6626e-05
-14.708 0.00023086 7.7216e-05
-14.65 0.00024471 7.9814e-05
-14.592 0.00019549 6.9352e-05
-14.534 0.00019621 6.9609e-05
-14.476 0.00017779 6.5312e-05
-14.418 1.7854e-05 1.8163e-05
-14.36 0.0001596 6.0998e-05
-14.302 0.00032135 9.6677e-05
-14.244 0.00019603 6.9545e-05
-14.186 8.911e-05 4.3193e-05
-14.128 0.00023154 7.7446e-05
-14.07 0.0001965 6.9714e-05
-14.012 0.00015898 6.076e-05
-13.954 0.00017744 6.5184e-05
-13.896 0.00017813 6.5438e-05
-13.838 0.00023293 7.7911e-05
-13.78 0.00026845 8.5574e-05
-13.722 0.00023113 7.7306e-05
-13.664 0.00024983 8.1485e-05
-13.606 0.00012632 5.3265e-05
-13.548 0.00021464 7.3821e-05
-13.49 0.00025108 8.1893e-05
-13.432 0.00023451 7.8439e-05
-13.374 0.00025198 8.2187e-05
-13.316 0.00021561 7.4152e-05
-13.258 0.00025243 8.2333e-05
-13.2 0.0001986 7.0458e-05
-13.142 0.00021726 7.4721e-05
-13.084 0.00034464 0.000102
-13.026 0.0002343 7.8369e-05
-12.968 0.00012775 5.387e-05
-12.91 0.00020064 7.1179e-05
-12.852 9.0859e-05 4.4041e-05
-12.794 7.2011e-05 3.844e-05
-12.736 0.00019875 7.051e-05
-12.678 0.00023573 7.8846e-05
-12.62 0.00010946 4.9148e-05
-12.562 0.00019861 7.0462e-05
-12.504 0.0002177 7.4872e-05
-12.446 0.00025786 8.4104e-05
-12.388 0.00019862 7.0464e-05
-12.329 0.00016341 6.2453e-05
-12.271 0.00020028 7.1052e-05
-12.213 0.00016428 6.2786e-05
-12.155 0.00020047 7.112e-05
-12.097 0.0002917 9.1062e-05
-12.039 0.00018327 6.7324e-05
-11.981 0.00016525 6.3155e-05
-11.923 0.00010995 4.9372e-05
-11.865 0.00025497 8.3159e-05
-11.807 0.00025796 8.4137e-05
-11.749 0.00029506 9.211e-05
-11.691 0.00020141 7.1455e-05
-11.633 0.00020021 7.1028e-05
-11.575 0.00018371 6.7487e-05
-11.517 0.00018434 6.772e-05
-11.459 9.1382e-05 4.4295e-05
-11.401 0.00014809 5.9228e-05
-11.343 0.00022072 7.5913e-05
-11.285 0.00020307 7.2042e-05
-11.227 0.00012848 5.4175e-05
-11.169 0.000274 8.7346e-05
-11.111 0.00027563 8.7865e-05
-11.053 0.00016675 6.3727e-05
-10.995 0.00023938 8.0069e-05
-10.937 0.00023747 7.9428e-05
-10.879 0.00012913 5.4449e-05
-10.821 9.2904e-05 4.5032e-05
-10.763 0.00038741 0.00011132
-10.705 0.00033186 9.9837e-05
-10.647 0.00031525 9.6538e-05
-10.589 0.00022293 7.6672e-05
-10.531 0.00020486 7.2678e-05
-10.473 0.00022013 7.5709e-05
-10.415 0.00018483 6.79e-05
-10.357 0.00022323 7.6774e-05
-10.299 0.00018684 6.8638e-05
-10.241 0.00024152 8.0784e-05
-10.183 0.00016653 6.3645e-05
-10.125 0.00027915 8.8987e-05
-10.067 0.00014963 5.9842e-05
-10.009 0.00018518 6.8028e-05
-9.9506 0.00022376 7.6957e-05
-9.8926 0.00013071 5.5115e-05
-9.8346 0.00028011 8.9291e-05
-9.7766 0.00018617 6.8392e-05
-9.7185 0.00033889 0.00010195
-9.6605 0.00024245 8.1095e-05
-9.6025 0.00029956 9.3514e-05
-9.5445 0.00016655 6.3651e-05
-9.4864 0.00018611 6.837e-05
-9.4284 0.00016913 6.4637e-05
-9.3704 0.00016791 6.4172e-05
-9.3124 0.00035306 0.00010449
-9.2544 0.00016958 6.4812e-05
-9.1963 0.00024438 8.1739e-05
-9.1383 0.00013083 5.5167e-05
-9.0803 0.00018617 6.8389e-05
-9.0223 0.00026347 8.5932e-05
-8.9643 0.00015059 6.0228e-05
-8.9062 0.00018919 6.95e-05
-8.8482 0.00020536 7.2854e-05
-8.7902 0.00024383 8.1556e-05
-8.7322 0.00018863 6.9294e-05
-8.6742 0.00022821 7.8489e-05
-8.6161 0.00016763 6.4066e-05
-8.5581 0.0002647 8.6336e-05
-8.5001 0.00017055 6.518e-05
-8.4421 0.00020662 7.3301e-05
-8.384 0.00033607 0.0001011
-8.326 0.00020708 7.3466e-05
-8.268 0.00030096 9.3951e-05
-8.21 0.0002067 7.3332e-05
-8.152 0.00016946 6.4764e-05
-8.0939 0.00018848 6.924e-05
-8.0359 0.00013356 5.6318e-05
-7.9779 0.00018927 6.9529e-05
-7.9199 0.00013165 5.5512e-05
-7.8619 0.00018849 6.9242e-05
-7.8038 0.00013362 5.6342e-05
-7.7458 0.00022652 7.7907e-05
-7.6878 0.00026515 8.648e-05
-7.6298 0.00022558 7.7583e-05
-7.5718 0.00039699 0.00011408
-7.5137 0.00019059 7.0015e-05
-7.4557 0.00018812 6.9109e-05
-7.3977 0.00022745 7.8225e-05
-7.3397 0.00028533 9.0956e-05
-7.2816 0.00011386 5.1126e-05
-7.2236 0.00011335 5.0897e-05
-7.1656 0.00011622 5.2185e-05
-7.1076 0.00021188 7.5168e-05
-7.0496 0.0003011 9.3995e-05
-6.9915 0.00024881 8.3221e-05
-6.9335 0.00021119 7.4924e-05
-6.8755 0.00018982 6.9733e-05
-6.8175 0.00026822 8.7481e-05
-6.7595 0.00032269 9.8818e-05
-6.7014 0.00018994 6.9775e-05
-6.6434 0.00034877 0.00010492
-6.5854 0.00028407 9.0554e-05
-6.5274 0.0001906 7.0017e-05
-6.4694 0.00011323 5.0842e-05
-6.4113 0.00015392 6.1558e-05
-6.3533 0.00015327 6.1297e-05
-6.2953 0.00021006 7.4523e-05
-6.2373 0.00020757 7.364e-05
-6.1792 0.00025325 8.4705e-05
-6.1212 0.00015221 6.0876e-05
-6.0632 0.00022694 7.8051e-05
-6.0052 0.00022665 7.795e-05
-5.9472 0.00023372 8.0382e-05
-5.8891 0.00018867 6.9311e-05
-5.8311 0.00028355 9.0388e-05
-5.7731 0.00025084 8.3901e-05
-5.7151 0.00028363 9.0414e-05
-5.6571 0.00019278 7.0819e-05
-5.599 0.00028712 9.1526e-05
-5.541 0.00026472 8.6343e-05
-5.483 0.00022618 7.7789e-05
-5.425 0.00023084 7.9391e-05
-5.3669 0.00018857 6.9272e-05
-5.3089 0.00011472 5.1514e-05
-5.2509 0.00021094 7.4836e-05
-5.1929 0.0001722 6.581e-05
-5.1349 0.00020869 7.4036e-05
-5.0768 0.0001906 7.0019e-05
-5.0188 0.00017216 6.5798e-05
-4.9608 0.00019091 7.0132e-05
-4.9028 0.00022755 7.8259e-05
-4.8448 0.00036078 0.00010677
-4.7867 0.00024992 8.3594e-05
-4.7287 0.00017031 6.5088e-05
-4.6707 0.00032414 9.9261e-05
-4.6127 0.00034334 0.00010329
-4.5547 0.0002497 8.352e-05
-4.4966 0.00017242 6.5895e-05
-4.4386 0.00015302 6.1198e-05
-4.3806 0.00032218 9.8661e-05
-4.3226 0.00030688 9.58e-05
-4.2645 0.0002687 8.7638e-05
-4.2065 0.0003263 9.9922e-05
-4.1485 0.00024859 8.3148e-05
-4.0905 0.00036512 0.00010805
-4.0325 0.00036428 0.00010781
-3.9744 9.5332e-05 4.6209e-05
-3.9164 0.00019213 7.058e-05
-3.8584 0.00021186 7.5161e-05
-3.8004 0.00023192 7.9762e-05
-3.7424 0.00017248 6.592e-05
-3.6843 0.00026824 8.7488e-05
-3.6263 0.00019346 7.107e-05
-3.5683 0.00024982 8.3558e-05
-3.5103 0.00030761 9.6026e-05
-3.4523 0.0003685 0.00010906
-3.3942 0.00034511 0.00010382
-3.3362 0.00036539 0.00010814
-3.2782 0.00031077 9.7013e-05
-3.2202 0.00015473 6.1884e-05
-3.1621 0.00034239 0.00010301
-3.1041 0.00025231 8.4391e-05
-3.0461 0.00024733 8.2725e-05
-2.9881 0.00036261 0.00010731
-2.9301 0.0002589 8.6596e-05
-2.872 0.00026426 8.6193e-05
-2.814 0.00036885 0.00010916
-2.756 0.00030801 9.6153e-05
-2.698 0.00034448 0.00010364
-2.64 0.00033571 0.0001028
-2.5819 0.0002048 7.2656e-05
-2.5239 0.00043672 0.00012384
-2.4659 0.00040297 0.00011427
-2.4079 0.00024307 8.3598e-05
-2.3499 0.0004657 0.0001275
-2.2918 0.00029043 9.2581e-05
-2.2338 0.00055115 0.00014523
-2.1758 0.00033476 0.00010251
-2.1178 0.00036748 0.00010875
-2.0597 0.00056827 0.00014732
-2.0017 0.00035534 0.00010882
-1.9437 0.00057421 0.00014886
-1.8857 0.00072636 0.00017979
-1.8277 0.00056142 0.00014924
-1.7696 0.00066348 0.00016722
-1.7116 0.00074174 0.00018258
-1.6536 0.00091431 0.00021681
-1.5956 0.00067141 0.00017151
-1.5376 0.0010146 0.00023247
-1.4795 0.0014718 0.00032401
-1.4215 0.001933 0.00040893
-1.3635 0.0023003 0.000481
-1.3055 0.0033393 0.00067109
-1.2475 0.0046709 0.00092263
-1.1894 0.0068072 0.0013232
-1.1314 0.0087254 0.0016812
-1.0734 0.011812 0.002264
-1.0154 0.014553 0.00277
-0.95735 0.017539 0.0033302
-0.89933 0.019427 0.0036838
-0.84131 0.029159 0.0054993
-0.78328 0.029774 0.005619
-0.72526 0.031533 0.0059477
-0.66724 0.037955 0.0071442
-0.60922 0.041695 0.0078448
-0.5512 0.044375 0.0083501
-0.49318 0.046426 0.0087314
-0.43516 0.04951 0.0093058
-0.37714 0.050488 0.0094892
-0.31912 0.050401 0.0094763
-0.26109 0.048915 0.0091978
-0.20307 0.051573 0.0096952
-0.14505 0.043643 0.0082097
-0.087032 0.046192 0.0086868
-0.029011 0.039169 0.0073716
0.029011 0.04005 0.0075378
0.087032 0.03112 0.0058686
0.14505 0.034654 0.006532
0.20307 0.025728 0.004862
0.26109 0.019487 0.003696
0.31912 0.016923 0.0032143
0.37714 0.01414 0.0026929
0.43516 0.01016 0.0019504
0.49318 0.0081338 0.0015737
0.5512 0.0055164 0.0010807
0.60922 0.003994 0.00079397
0.66724 0.002525 0.00052254
0.72526 0.0015665 0.00034123
0.78328 0.0014051 0.0003071
0.84131 0.00072683 0.00018095
0.89933 0.00075267 0.00018429
0.95735 0.00094713 0.00022202
1.0154 0.00068931 0.00017608
1.0734 0.00077772 0.00018945
1.1314 0.00060386 0.00015655
1.1894 0.00058383 0.00015136
1.2475 0.0006055 0.00015468
1.3055 0.00041492 0.00012093
1.3635 0.00046516 0.00012876
1.4215 0.00053755 0.00014423
1.4795 0.00037573 0.00010797
1.5376 0.00032671 0.00010199
1.5956 0.00048686 0.00013329
1.6536 0.00031958 9.7866e-05
1.7116 0.0004452 0.00012468
1.7696 0.0003382 0.00010357
1.8277 0.00030577 9.5452e-05
1.8857 0.00041185 0.00011679
1.9437 0.00025062 8.6195e-05
2.0017 0.00036863 0.00010744
2.0597 0.00033245 0.0001018
2.1178 0.00023274 8.0046e-05
2.1758 0.00049123 0.00013449
2.2338 0.00029102 9.277e-05
2.2918 0.00038084 0.000111
2.3499 0.00032597 0.00010176
2.4079 0.00039113 0.00011239
2.4659 0.00030095 9.5934e-05
2.5239 0.0001499 5.9952e-05
2.5819 0.00029856 9.5173e-05
2.64 0.00025313 8.4666e-05
2.698 0.00024984 8.3565e-05
2.756 0.00027388 8.933e-05
2.814 0.00026511 8.6468e-05
2.872 0.000363 0.00010921
2.9301 0.00017405 6.6519e-05
2.9881 0.00021265 7.5442e-05
3.0461 0.00023762 8.1724e-05
3.1041 0.00021498 7.6268e-05
3.1621 0.00023117 7.9506e-05
3.2202 0.00031353 9.7874e-05
3.2782 7.7269e-05 4.1247e-05
3.3362 0.00032891 0.00010072
3.3942 0.00033299 0.00010197
3.4523 0.00023415 8.053e-05
3.5103 0.00021377 7.5839e-05
3.5683 0.00021276 7.5479e-05
3.6263 0.00025235 8.4406e-05
3.6843 0.00029053 9.2614e-05
3.7424 0.00015543 6.2163e-05
3.8004 0.00027402 8.9373e-05
3.8584 0.00025371 8.4859e-05
3.9164 0.0003847 0.00011213
3.9744 0.00023572 8.107e-05
4.0325 0.00023428 8.0575e-05
4.0905 0.00021576 7.6543e-05
4.1485 0.00023218 7.9852e-05
4.2065 0.00021492 7.6248e-05
4.2645 0.0002352 8.089e-05
4.3226 0.00027135 8.8505e-05
4.3806 0.00017444 6.6668e-05
4.4386 0.00019473 7.1535e-05
4.4966 0.0001961 7.204e-05
4.5547 0.00030836 9.6263e-05
4.6127 0.00027138 8.8512e-05
4.6707 0.0002125 7.5389e-05
4.7287 0.00015644 6.2566e-05
4.7867 0.0002734 8.9173e-05
4.8448 0.00019399 7.1264e-05
4.9028 0.00015502 6.1998e-05
4.9608 0.0001547 6.187e-05
5.0188 0.00025087 8.3911e-05
5.0768 0.00017357 6.6336e-05
5.1349 0.00017517 6.6947e-05
5.1929 0.00013598 5.734e-05
5.2509 0.00026971 8.7968e-05
5.3089 0.00011492 5.16e-05
5.3669 0.00023478 8.0747e-05
5.425 0.00017386 6.6447e-05
5.483 0.00023362 8.0347e-05
5.541 0.00027132 8.8494e-05
5.599 0.00027258 8.8903e-05
5.6571 0.00021327 7.566e-05
5.7151 0.00031621 9.8711e-05
5.7731 0.00015526 6.2096e-05
5.8311 0.00025292 8.4596e-05
5.8891 0.00029551 9.4202e-05
5.9472 0.00013501 5.693e-05
6.0052 0.00011753 5.2774e-05
6.0632 0.00013657 5.7587e-05
6.1212 0.00015738 6.2943e-05
6.1792 0.00025224 8.4369e-05
6.2373 0.00025264 8.4501e-05
6.2953 0.00013638 5.7507e-05
6.3533 0.00027668 9.0242e-05
6.4113 0.00019142 7.0319e-05
6.4694 0.000237 8.1511e-05
6.5274 0.00025234 8.4401e-05
6.5854 0.00021892 7.7665e-05
6.6434 0.00023497 8.0814e-05
6.7014 0.00023364 8.0353e-05
6.7595 0.00013736 5.7921e-05
6.8175 0.00027323 8.9116e-05
6.8755 0.00015697 6.2779e-05
6.9335 0.00029346 9.3548e-05
6.9915 0.00021159 7.5066e-05
7.0496 0.00011822 5.3081e-05
7.1076 0.00021731 7.7094e-05
7.1656 0.00023204 7.9804e-05
7.2236 0.00013552 5.7145e-05
7.2816 0.0001554 6.215e-05
7.3397 0.00021531 7.6386e-05
7.3977 0.00017553 6.7083e-05
7.4557 0.00027285 8.8992e-05
7.5137 0.00035274 0.00010612
7.5718 0.00019453 7.1464e-05
7.6298 0.00025204 8.43e-05
7.6878 0.00013616 5.7415e-05
7.7458 0.00021492 7.6248e-05
7.8038 0.00017515 6.6939e-05
7.8619 0.00021269 7.5456e-05
7.9199 0.00013466 5.6784e-05
7.9779 0.00013702 5.778e-05
8.0359 0.00027356 8.9225e-05
8.0939 0.0001936 7.1121e-05
8.152 0.000174 6.65e-05
8.21 0.00011722 5.2635e-05
8.268 0.00021157 7.506e-05
8.326 0.00017356 6.633e-05
8.384 0.00032621 9.9894e-05
8.4421 0.00011647 5.2299e-05
8.5001 0.00027076 8.8312e-05
8.5581 0.00030624 9.5601e-05
8.6161 0.00021168 7.5099e-05
8.6742 0.00019199 7.053e-05
8.7322 0.00017388 6.6452e-05
8.7902 0.000154 6.1589e-05
8.8482 0.00017436 6.6635e-05
8.9062 0.00026942 8.7874e-05
8.9643 0.0002125 7.5389e-05
9.0223 0.00023013 7.9149e-05
9.0803 0.00017316 6.618e-05
9.1383 0.00017416 6.6562e-05
9.1963 0.00017445 6.667e-05
9.2544 0.00026798 8.7404e-05
9.3124 0.00023081 7.9383e-05
9.3704 0.00027303 8.905e-05
9.4284 0.00017328 6.6225e-05
9.4864 0.00024976 8.3538e-05
9.5445 0.00036826 0.00010898
9.6025 0.00017373 6.6397e-05
9.6605 0.00023119 7.9513e-05
9.7185 0.00022953 7.8942e-05
9.7766 0.00032585 9.9784e-05
9.8346 0.00026825 8.7492e-05
9.8926 0.00024881 8.3223e-05
9.9506 0.00030543 9.5347e-05
10.009 0.00017301 6.6123e-05
10.067 0.00021253 7.54e-05
10.125 0.00022722 7.8147e-05
10.183 0.00019059 7.0013e-05
10.241 0.00034756 0.00010456
10.299 0.00023041 7.9246e-05
10.357 0.00017099 6.5348e-05
10.415 0.00032412 9.9255e-05
10.473 0.00011446 5.1394e-05
10.531 0.00019134 7.0291e-05
10.589 0.00028714 9.1533e-05
10.647 0.00017067 6.5225e-05
10.705 0.00030688 9.58e-05
10.763 0.00020924 7.4233e-05
10.821 0.00024885 8.3236e-05
10.879 0.00015187 6.074e-05
10.937 0.000133 5.6081e-05
10.995 0.00021021 7.4577e-05
11.053 0.00028714 9.1535e-05
11.111 0.00020822 7.3871e-05
11.169 0.00026712 8.7123e-05
11.227 0.00032425 9.9294e-05
11.285 0.00024585 8.2231e-05
11.343 0.00030335 9.4696e-05
11.401 5.676e-05 3.4445e-05
11.459 0.00019061 7.0021e-05
11.517 0.00019202 7.054e-05
11.575 0.00018941 6.958e-05
11.633 0.0002849 9.082e-05
11.691 0.00017104 6.537e-05
11.749 0.00017006 6.4993e-05
11.807 0.00039862 0.00011454
11.865 0.00026628 8.685e-05
11.923 0.00022803 7.8426e-05
11.981 0.00032386 9.9176e-05
12.039 0.00013123 5.5337e-05
12.097 0.00018956 6.9637e-05
12.155 0.00018981 6.9729e-05
12.213 0.00022577 7.7647e-05
12.271 0.00013185 5.56e-05
12.329 0.00016989 6.4929e-05
12.388 0.00020918 7.4209e-05
12.446 0.00026252 8.5622e-05
12.504 0.00022426 7.7128e-05
12.562 0.00018738 6.8835e-05
12.62 0.00013133 5.5377e-05
12.678 0.00033919 0.00010204
12.736 0.00022392 7.7011e-05
12.794 0.0001864 6.8477e-05
12.852 0.00020558 7.2933e-05
12.91 9.4148e-05 4.5635e-05
12.968 0.00022157 7.6204e-05
13.026 0.00014899 5.9589e-05
13.084 0.00027956 8.9116e-05
13.142 0.00018648 6.8505e-05
13.2 0.00027585 8.7936e-05
13.258 7.4223e-05 3.9621e-05
13.316 0.00022267 7.6583e-05
13.374 0.0001302 5.4901e-05
13.432 0.00018537 6.8096e-05
13.49 0.00014845 5.9372e-05
13.548 0.00033479 0.00010072
13.606 0.00011102 4.9849e-05
13.664 0.000203 7.2019e-05
13.722 0.00016685 6.3767e-05
13.78 0.00018554 6.8161e-05
13.838 0.00012972 5.4698e-05
13.896 0.00018419 6.7665e-05
13.954 0.00014786 5.9134e-05
14.012 0.00020287 7.1973e-05
14.07 0.00016518 6.313e-05
14.128 0.00027359 8.7214e-05
14.186 0.00024055 8.046e-05
14.244 0.00012942 5.4573e-05
14.302 0.00018265 6.7096e-05
14.36 5.5178e-05 3.3486e-05
14.418 9.1466e-05 4.4335e-05
14.476 0.0002393 8.004e-05
14.534 0.00012779 5.3886e-05
14.592 0.00023678 7.9199e-05
14.65 0.00021867 7.5206e-05
14.708 0.00021977 7.5585e-05
14.766 0.00021801 7.4979e-05
14.824 0.00029013 9.057e-05
14.882 0.00021742 7.4778e-05
14.94 0.00023638 7.9063e-05
14.998 0.00018143 6.665e-05
15.056 0.0001627 6.2181e-05
15.114 0.00018165 6.6732e-05
15.173 0.0001281 5.4018e-05
15.231 0.00018098 6.6485e-05
15.289 0.00019773 7.0148e-05
15.347 0.00023428 7.8361e-05
15.405 0.00032749 9.8523e-05
15.463 0.00019836 7.0373e-05
15.521 0.00019779 7.017e-05
15.579 0.00018061 6.6347e-05
15.637 0.00019845 7.0403e-05
15.695 0.00032267 9.7074e-05
15.753 0.00035887 0.0001046
15.811 0.00019569 6.9426e-05
15.869 0.00017947 6.593e-05
15.927 0.00026816 8.5483e-05
15.985 0.00028452 8.8821e-05
16.043 0.00032166 9.6771e-05
16.101 0.00021389 7.3561e-05
16.159 0.00023223 7.7675e-05
16.217 0.00022953 7.6771e-05
16.275 0.00015949 6.0952e-05
16.333 0.00015953 6.0971e-05
16.391 0.00031958 9.6145e-05
16.449 0.00024862 8.1088e-05
16.507 0.00019474 6.9086e-05
16.565 0.00019463 6.9049e-05
16.623 0.00012318 5.1942e-05
16.681 0.00021254 7.3096e-05
16.739 0.00014008 5.6024e-05
16.797 0.00019445 6.8985e-05
16.855 0.00022696 7.5913e-05
16.913 0.00024462 7.9784e-05
16.971 0.00026164 8.3403e-05
17.029 0.00019194 6.8095e-05
17.087 0.00017408 6.3949e-05
17.145 0.00025965 8.277e-05
17.203 0.00024377 7.9508e-05
17.261 0.00022459 7.5122e-05
17.319 0.00019084 6.7704e-05
17.377 0.00027363 8.5421e-05
17.435 0.00018937 6.7182e-05
17.493 0.00012062 5.0864e-05
17.551 0.00030959 9.3138e-05
17.609 0.0003043 9.1546e-05
17.667 0.00018683 6.6281e-05
17.725 0.00022342 7.4729e-05
17.783 0.0002235 7.4757e-05
17.841 0.00023564 7.6855e-05
17.9 0.00027128 8.4686e-05
17.958 0.00028893 8.8477e-05
18.016 0.00028739 8.8006e-05
18.074 0.00028621 8.7645e-05
18.132 0.00018666 6.6222e-05
18.19 0.00021932 7.3356e-05
18.248 0.00021735 7.2699e-05
18.306 0.0002003 6.8889e-05
18.364 0.00018556 6.583e-05
18.422 0.00018458 6.5482e-05
18.48 0.00028372 8.6884e-05
18.538 0.00015052 5.7525e-05
18.596 0.0001674 6.1496e-05
18.654 0.00020037 6.8913e-05
18.712 0.00013276 5.3098e-05
18.77 0.0002321 7.5701e-05
18.828 0.00023297 7.5987e-05
18.886 0.0002989 8.9923e-05
18.944 0.00019838 6.823e-05
19.002 0.0002803 8.5836e-05
19.06 0.00023121 7.5413e-05
19.118 0.00019809 6.8127e-05
19.176 0.00031322 9.2697e-05
19.234 0.00019563 6.7283e-05
19.292 0.00019659 6.7612e-05
19.35 0.00029419 8.8505e-05
19.408 0.00021338 7.1369e-05
19.466 0.00030902 9.1454e-05
19.524 0.00039079 0.00010817
19.582 0.00022768 7.4259e-05
19.64 0.00016138 5.9283e-05
19.698 0.00033535 9.6363e-05
19.756 0.00035255 9.9969e-05
19.814 0.00019376 6.6641e-05
19.872 0.00017691 6.2763e-05
19.93 0.00011148 4.7006e-05
19.988 0.00020806 6.9592e-05
20.046 0.00022408 7.3085e-05
20.104 0.00022061 7.1953e-05
20.162 0.00022175 7.2326e-05
20.22 0.00014231 5.4388e-05
20.278 0.00025583 7.9862e-05
20.336 0.0002214 7.2211e-05
20.394 0.00027991 8.4208e-05
20.452 0.00015693 5.7648e-05
20.51 0.00028503 8.5748e-05
20.568 0.00011031 4.6517e-05
20.626 0.00024944 7.7867e-05
20.685 0.00032683 9.3916e-05
20.743 0.00018685 6.4263e-05
20.801 0.00018673 6.422e-05
20.859 0.00023088 7.3599e-05
20.917 0.00032489 9.3359e-05
20.975 0.00018509 6.3656e-05
21.033 0.00016787 5.9556e-05
21.091 0.00029057 8.5992e-05
21.149 0.00033553 9.5144e-05
21.207 0.00012269 4.9069e-05
21.265 0.00024366 7.6064e-05
21.323 0.00019626 6.5645e-05
21.381 0.0001521 5.5875e-05
21.439 0.00013725 5.2454e-05
21.497 0.00022448 7.1559e-05
21.555 0.00028221 8.352e-05
21.613 0.00013449 5.14e-05
21.671 0.00019406 6.4907e-05
21.729 0.00017846 6.1376e-05
21.787 0.00020584 6.7138e-05
21.845 0.00016192 5.7444e-05
21.903 0.00032524 9.2224e-05
21.961 0.00026328 7.9208e-05
22.019 0.0003043 8.744e-05
22.077 0.00018875 6.3134e-05
22.135 0.00017465 6.0066e-05
22.193 0.00021649 6.901e-05
22.251 0.0001719 5.9121e-05
22.309 0.00023007 7.1822e-05
22.367 0.00018624 6.2291e-05
22.425 0.00025786 7.7577e-05
22.483 0.00021308 6.7925e-05
22.541 0.00028555 8.3227e-05
22.599 0.00027081 8.0146e-05
22.657 0.00021258 6.7764e-05
22.715 0.00022528 7.0325e-05
22.773 0.00020983 6.6888e-05
22.831 9.8353e-05 4.1473e-05
22.889 0.00018234 6.0988e-05
22.947 0.00017985 6.0155e-05
23.005 0.00019355 6.3128e-05
23.063 0.00015186 5.3874e-05
23.121 0.0001642 5.6474e-05
23.179 0.00020316 6.4763e-05
23.237 0.00025893 7.663e-05
23.295 0.00029648 8.4071e-05
23.353 0.00017564 5.8748e-05
23.412 0.00020054 6.3927e-05
23.47 0.00016048 5.5195e-05
23.528 0.00015985 5.4977e-05
23.586 0.00015787 5.4295e-05
23.644 0.00022261 6.817e-05
23.702 0.00035305 9.4725e-05
23.76 0.000235 7.0698e-05
23.818 0.00029784 8.3411e-05
23.876 0.0003104 8.592e-05
23.934 0.00021802 6.6765e-05
23.992 0.00014076 4.9939e-05
24.05 0.0001921 6.1237e-05
24.108 0.00031564 8.6413e-05
24.166 0.00015216 5.2331e-05
24.224 0.00030164 8.3495e-05
24.282 0.00023799 7.0432e-05
24.34 0.00019837 6.1926e-05
24.398 0.00022264 6.6981e-05
24.456 0.00029724 8.2276e-05
24.514 0.00028207 7.8994e-05
24.572 0.00017105 5.579e-05
24.63 0.00025492 7.3251e-05
24.688 0.00024251 7.0682e-05
24.746 0.00019242 6.007e-05
24.804 0.00028518 7.8937e-05
24.862 0.00018959 5.9185e-05
24.92 0.00027121 7.5953e-05
24.978 0.00024507 7.0423e-05
25.036 0.00033576 8.8474e-05
25.094 0.00019728 6.0412e-05
25.152 0.00017244 5.4969e-05
25.21 0.00019423 5.948e-05
25.268 0.0002599 7.2787e-05
25.326 0.00023814 6.8429e-05
25.384 0.00024687 7.0002e-05
25.442 0.00018913 5.7915e-05
25.5 0.00027681 7.5784e-05
25.558 0.00025304 7.0865e-05
25.616 0.00018582 5.6903e-05
25.674 0.00029378 7.8823e-05
25.732 0.00022498 6.4648e-05
25.79 9.6253e-05 3.6786e-05
25.848 0.00022463 6.4547e-05
25.906 0.00018876 5.6789e-05
25.964 0.00019821 5.866e-05
26.022 0.00011393 4.042e-05
26.08 0.00024953 6.9071e-05
26.138 0.0002373 6.6458e-05
26.197 0.00023401 6.5535e-05
26.255 0.00022214 6.299e-05
26.313 0.00020178 5.8812e-05
26.371 0.00021926 6.2173e-05
26.429 0.00021563 6.1145e-05
26.487 0.00017496 5.2635e-05
26.545 0.00022202 6.2178e-05
26.603 0.00025809 6.9248e-05
26.661 0.00018736 5.4608e-05
26.719 0.00020379 5.7787e-05
26.777 0.00018469 5.3832e-05
26.835 0.00022724 6.2212e-05
26.893 0.00020594 5.7673e-05
26.951 0.0002399 6.4366e-05
27.009 0.00015893 4.7814e-05
27.067 0.00028757 7.346e-05
27.125 0.00023838 6.337e-05
27.183 0.00026178 6.7866e-05
27.241 0.00035087 8.5053e-05
27.299 0.00016415 4.7844e-05
27.357 0.00018432 5.1619e-05
27.415 0.00014327 4.3101e-05
27.473 0.00020483 5.5499e-05
27.531 0.00024733 6.3639e-05
27.589 0.00032544 7.8517e-05
27.647 0.0002383 6.1314e-05
27.705 0.00017533 4.8531e-05
27.763 0.00022193 5.7534e-05
27.821 0.00021714 5.6292e-05
27.879 0.00023252 5.899e-05
27.937 0.00016769 4.5909e-05
27.995 0.00019095 5.0316e-05
28.053 0.00018078 4.8056e-05
28.111 0.00021538 5.4643e-05
28.169 0.00022212 5.5633e-05
28.227 0.00030518 7.1285e-05
28.285 0.00018456 4.7487e-05
28.343 0.00022891 5.5763e-05
28.401 0.00016221 4.2387e-05
28.459 0.00021256 5.1779e-05
28.517 0.00019899 4.8723e-05
28.575 0.00022552 5.3476e-05
28.633 0.00021231 5.0551e-05
28.691 0.00030283 6.7337e-05
28.749 0.00018054 4.3359e-05
28.807 0.00024113 5.4361e-05
28.865 0.00016229 3.8641e-05
28.924 0.00020348 4.5762e-05
28.982 0.00024672 5.2813e-05
29.04 0.00025976 5.3462e-05
29.098 0.0002278 4.8764e-05
29.156 0.00020792 4.5146e-05
29.214 0.0001902 3.9478e-05
29.272 0.00034484 8.027e-05
29.33 0.00023554 6.3819e-05
29.388 0.00025096 5.9508e-05
29.446 0.00020635 5.2009e-05
29.504 0 1
29.562 0 1
29.62 0 1
29.678 0 1
